dates I C D F E
1 2020/03/18 31 314 0 0 1
2 2020/03/19 28 342 0 0 1
3 2020/03/20 36 378 0 0 1
4 2020/03/21 21 399 0 0 1
5 2020/03/22 22 421 2 2 1
6 2020/03/23 39 460 2 0 1
7 2020/03/24 32 492 2 0 1
8 2020/03/25 32 524 4 2 1
9 2020/03/26 21 545 5 1 1
10 2020/03/27 40 585 7 2 1
11 2020/03/28 19 604 10 3 1
12 2020/03/29 27 631 10 0 3
13 2020/03/30 34 665 10 0 1
14 2020/03/31 40 705 11 1 1
15 2020/04/01 68 773 13 2 1
16 2020/04/02 26 799 14 1 1
17 2020/04/03 51 850 15 1 1
18 2020/04/04 36 886 16 1 1
19 2020/04/05 23 909 18 2 1
20 2020/04/06 42 951 20 2 1
21 2020/04/07 30 981 23 3 1
22 2020/04/08 35 1016 26 3 1
23 2020/04/09 41 1057 28 2 1
24 2020/04/10 50 1107 30 2 1
25 2020/04/11 41 1148 33 3 1
26 2020/04/12 41 1189 37 4 1
27 2020/04/13 43 1232 40 3 1
28 2020/04/14 39 1271 44 4 1
29 2020/04/15 45 1316 45 1 1
30 2020/04/16 50 1366 45 0 1
31 2020/04/17 33 1399 50 5 1
32 2020/04/18 55 1454 53 3 1
33 2020/04/19 25 1479 54 1 1
34 2020/04/20 50 1529 56 2 1
35 2020/04/21 33 1562 57 1 1
36 2020/04/22 30 1592 59 2 1
37 2020/04/23 50 1642 61 2 1
38 2020/04/24 38 1680 63 2 1
39 2020/04/25 31 1711 63 0 1
40 2020/04/26 25 1736 64 1 1
41 2020/04/27 61 1797 66 2 1
42 2020/04/28 60 1857 67 1 1
43 2020/04/29 57 1914 69 2 1
44 2020/04/30 58 1972 69 0 1
45 2020/05/01 60 2032 70 1 1
46 2020/05/02 36 2068 72 2 1
47 2020/05/03 37 2105 74 2 1
48 2020/05/04 56 2161 74 0 1
49 2020/05/05 59 2220 75 1 0
50 2020/05/06 43 2263 77 2 0
51 2020/05/07 37 2300 78 1 0
52 2020/05/08 60 2360 80 2 0
53 2020/05/09 43 2403 81 1 0
54 2020/05/10 43 2446 82 1 0
55 2020/05/11 77 2523 84 2 0
56 2020/05/12 50 2573 87 3 0
57 2020/05/13 62 2635 88 1 0
58 2020/05/14 58 2693 89 1 0
59 2020/05/15 91 2784 91 2 0
60 2020/05/16 34 2818 93 2 0
61 2020/05/17 50 2868 94 1 0
62 2020/05/18 95 2963 95 1 0
63 2020/05/19 73 3036 95 0 0
64 2020/05/20 75 3111 95 0 0
65 2020/05/21 73 3184 96 1 0
66 2020/05/22 65 3249 97 1 0
67 2020/05/23 54 3303 98 1 0
68 2020/05/24 41 3344 99 1 0
69 2020/05/25 73 3417 100 1 0
70 2020/05/26 93 3510 100 0 0
71 2020/05/27 93 3603 100 0 0
72 2020/05/28 81 3684 101 1 0
73 2020/05/29 99 3783 102 1 0
74 2020/05/30 35 3818 104 2 0
75 2020/05/31 26 3844 105 1 0
76 2020/06/01 106 3950 107 2 0
77 2020/06/02 65 4015 107 0 0
78 2020/06/03 76 4091 108 1 0
79 2020/06/04 59 4150 108 0 0
80 2020/06/05 99 4249 109 1 0
81 2020/06/06 51 4300 110 1 0
82 2020/06/07 45 4345 111 1 0
83 2020/06/08 113 4458 112 1 0
84 2020/06/09 80 4538 114 2 0
85 2020/06/10 110 4648 116 2 0
86 2020/06/11 100 4748 117 1 0
87 2020/06/12 131 4879 118 1 0
88 2020/06/13 73 4952 118 0 0
89 2020/06/14 63 5015 118 0 0
90 2020/06/15 145 5160 120 2 0
91 2020/06/16 125 5285 122 2 0
92 2020/06/17 116 5401 122 0 0
93 2020/06/18 123 5524 125 3 0
94 2020/06/19 129 5653 126 1 0
95 2020/06/20 72 5725 128 2 0
96 2020/06/21 62 5787 130 2 0
97 2020/06/22 194 5981 131 1 0
98 2020/06/23 151 6132 133 2 0
99 2020/06/24 181 6313 134 1 0
100 2020/06/25 161 6474 134 0 0
101 2020/06/26 191 6665 136 2 0
102 2020/06/27 86 6751 136 0 0
103 2020/06/28 95 6846 138 2 0
104 2020/06/29 259 7105 138 0 0
105 2020/06/30 210 7315 139 1 0
106 2020/07/01 249 7564 139 0 0
107 2020/07/02 222 7786 143 4 0
108 2020/07/03 126 7912 144 1 0
109 2020/07/04 121 8033 145 1 0
110 2020/07/05 112 8145 145 0 0
111 2020/07/06 252 8397 145 0 0
112 2020/07/07 238 8635 148 3 0
113 2020/07/08 319 8954 150 2 0
114 2020/07/09 293 9247 151 1 0
115 2020/07/10 236 9483 154 3 0
116 2020/07/11 157 9640 156 2 0
117 2020/07/12 102 9742 158 2 0
118 2020/07/13 271 10013 159 1 0
119 2020/07/14 308 10321 162 3 0
120 2020/07/15 340 10661 163 1 0
121 2020/07/16 202 10863 165 2 0
122 2020/07/17 233 11096 170 5 0
123 2020/07/18 140 11236 170 0 0
124 2020/07/19 136 11372 171 1 0
125 2020/07/20 237 11609 171 0 0
126 2020/07/21 253 11862 173 2 0
127 2020/07/22 214 12076 174 1 0
128 2020/07/23 220 12296 177 3 0
129 2020/07/24 239 12535 178 1 0
130 2020/07/25 142 12677 181 3 0
131 2020/07/26 97 12774 181 0 0
132 2020/07/27 238 13012 185 4 0
133 2020/07/28 227 13239 186 1 0
134 2020/07/29 224 13463 192 6 0
135 2020/07/30 220 13683 194 2 0
136 2020/07/31 197 13880 197 3 0
137 2020/08/01 132 14012 200 3 0
138 2020/08/02 111 14123 201 1 0
139 2020/08/03 243 14366 204 3 0
140 2020/08/04 183 14549 207 3 0
141 2020/08/05 218 14767 209 2 0
142 2020/08/06 212 14979 212 3 0
143 2020/08/07 220 15199 215 3 0
144 2020/08/08 109 15308 218 3 0
145 2020/08/09 110 15418 219 1 1
146 2020/08/10 278 15696 223 4 0
147 2020/08/11 239 15935 226 3 0
148 2020/08/12 257 16192 229 3 0
149 2020/08/13 212 16404 229 0 0
150 2020/08/14 274 16678 231 2 0
151 2020/08/15 139 16817 236 5 0
152 2020/08/16 77 16894 236 0 0
153 2020/08/17 288 17182 239 3 0
154 2020/08/18 190 17372 243 4 0
155 2020/08/19 176 17548 248 5 0
156 2020/08/20 159 17707 252 4 0
157 2020/08/21 158 17865 255 3 0
158 2020/08/22 91 17956 259 4 1
159 2020/08/23 94 18050 262 3 0
160 2020/08/24 223 18273 270 8 0
161 2020/08/25 192 18465 271 1 0
162 2020/08/26 158 18623 275 4 0
163 2020/08/27 161 18784 280 5 0
164 2020/08/28 144 18928 284 4 0
165 2020/08/29 84 19012 290 6 0
166 2020/08/30 66 19078 297 7 1
167 2020/08/31 124 19202 297 0 0
168 2020/09/01 144 19346 300 3 0
169 2020/09/02 139 19485 304 4 0
170 2020/09/03 118 19603 307 3 0
171 2020/09/04 103 19706 310 3 0
172 2020/09/05 68 19774 315 5 0
173 2020/09/06 47 19821 321 6 0
174 2020/09/07 58 19879 323 2 0
175 2020/09/08 122 20001 325 2 0
176 2020/09/09 107 20108 328 3 0
177 2020/09/10 78 20186 332 4 0
178 2020/09/11 74 20260 334 2 0
179 2020/09/12 56 20316 338 4 0
180 2020/09/13 59 20375 339 1 1
181 2020/09/14 106 20481 341 2 0
182 2020/09/15 127 20608 343 2 0
183 2020/09/16 106 20714 346 3 0
184 2020/09/17 96 20810 353 7 0
185 2020/09/18 98 20908 355 2 0
186 2020/09/19 65 20973 358 3 0
187 2020/09/20 51 21024 361 3 0
188 2020/09/21 100 21124 362 1 0
189 2020/09/22 79 21203 366 4 0
190 2020/09/23 79 21282 368 2 0
191 2020/09/24 68 21350 371 3 0
192 2020/09/25 75 21425 372 1 0
193 2020/09/26 54 21479 373 1 0
194 2020/09/27 57 21536 373 0 0
195 2020/09/28 80 21616 373 0 0
196 2020/09/29 85 21701 376 3 0
197 2020/09/30 76 21777 376 0 0
198 2020/10/01 77 21854 380 4 0
199 2020/10/02 60 21914 382 2 1
200 2020/10/03 54 21968 383 1 0
201 2020/10/04 44 22012 383 0 1
202 2020/10/05 95 22107 383 0 0
203 2020/10/06 87 22194 383 0 0
204 2020/10/07 90 22284 384 1 0
205 2020/10/08 76 22360 386 2 0
206 2020/10/09 80 22440 387 1 0
207 2020/10/10 48 22488 388 1 1
208 2020/10/11 50 22538 389 1 1
209 2020/10/12 89 22627 390 1 1
210 2020/10/13 78 22705 391 1 0
211 2020/10/14 104 22809 392 1 0
212 2020/10/15 96 22905 393 1 1
213 2020/10/16 67 22972 393 0 0
214 2020/10/17 54 23026 393 0 0
215 2020/10/18 45 23071 393 0 1
216 2020/10/19 104 23175 394 1 0
217 2020/10/20 109 23284 394 0 1
218 2020/10/21 103 23387 395 1 0
219 2020/10/22 88 23475 395 0 0
220 2020/10/23 101 23576 395 0 0
221 2020/10/24 72 23648 396 1 0
222 2020/10/25 71 23719 397 1 0
223 2020/10/26 106 23825 397 0 0
224 2020/10/27 112 23937 397 0 0
225 2020/10/28 111 24048 399 2 0
226 2020/10/29 100 24148 404 5 0
227 2020/10/30 163 24311 404 0 0
228 2020/10/31 79 24390 406 2 0
229 2020/11/01 115 24505 409 3 0
230 2020/11/02 161 24666 410 1 0
231 2020/11/03 196 24862 410 0 1
232 2020/11/04 184 25046 411 1 0
233 2020/11/05 178 25224 412 1 0
234 2020/11/06 178 25402 414 2 0
235 2020/11/07 132 25534 414 0 0
236 2020/11/08 109 25643 416 2 0
237 2020/11/09 228 25871 416 0 0
238 2020/11/10 249 26120 416 0 0
239 2020/11/11 231 26351 416 0 0
240 2020/11/12 242 26593 420 4 0
241 2020/11/13 267 26860 423 3 0
242 2020/11/14 217 27077 425 2 0
243 2020/11/15 266 27343 426 1 0
244 2020/11/16 318 27661 428 2 0
245 2020/11/17 347 28008 429 1 0
246 2020/11/18 323 28331 430 1 0
247 2020/11/19 262 28593 431 1 0
248 2020/11/20 342 28935 431 0 0
249 2020/11/21 210 29145 431 0 0
250 2020/11/22 183 29328 431 0 0
251 2020/11/23 433 29761 431 0 0
252 2020/11/24 414 30175 433 2 0
253 2020/11/25 478 30653 434 1 0
254 2020/11/26 216 30869 435 1 0
255 2020/11/27 412 31281 436 1 0
256 2020/11/28 438 31719 438 2 0
257 2020/11/29 310 32029 441 3 0
258 2020/11/30 784 32813 445 4 0
259 2020/12/01 814 33627 445 0 0
260 2020/12/02 686 34313 447 2 0
261 2020/12/03 620 34933 451 4 0
262 2020/12/04 757 35690 451 0 0
263 2020/12/05 548 36238 457 6 0
264 2020/12/06 359 36597 464 7 0
265 2020/12/07 966 37563 468 4 0
266 2020/12/08 864 38427 476 8 0
267 2020/12/09 896 39323 480 4 0
268 2020/12/10 844 40167 482 2 0
269 2020/12/11 768 40935 487 5 0
270 2020/12/12 568 41503 494 7 0
271 2020/12/13 435 41938 499 5 0
272 2020/12/14 1192 43130 504 5 0
273 2020/12/15 893 44023 511 7 0
274 2020/12/16 854 44877 514 3 0
275 2020/12/17 855 45732 525 11 0
276 2020/12/18 802 46534 533 8 0
277 2020/12/19 536 47070 546 13 0
278 2020/12/20 440 47510 552 6 0
279 2020/12/21 884 48394 559 7 0
280 2020/12/22 898 49292 566 7 0
281 2020/12/23 884 50176 576 10 0
282 2020/12/24 565 50741 587 11 0
283 2020/12/25 328 51069 598 11 0
284 2020/12/26 559 51628 607 9 0
285 2020/12/27 607 52235 613 6 0
286 2020/12/28 1235 53470 623 10 0
287 2020/12/29 1032 54502 635 12 0
288 2020/12/30 1055 55557 646 11 1
289 2020/12/31 761 56318 660 14 0
290 2021/01/01 502 56820 669 9 0
291 2021/01/02 633 57453 684 15 0
292 2021/01/03 589 58042 695 11 1
293 2021/01/04 1219 59261 712 17 0
294 2021/01/05 1222 60483 722 10 0
295 2021/01/06 1148 61631 729 7 0
296 2021/01/07 886 62517 739 10 0
297 2021/01/08 973 63490 750 11 0
298 2021/01/09 567 64057 765 15 0
299 2021/01/10 508 64565 774 9 0
300 2021/01/11 979 65544 795 21 0
301 2021/01/12 849 66393 809 14 0
302 2021/01/13 806 67199 819 10 0
303 2021/01/14 748 67947 831 12 1
304 2021/01/15 639 68586 838 7 1
305 2021/01/16 423 69009 850 12 0
306 2021/01/17 307 69316 859 9 0
307 2021/01/18 575 69891 863 4 0
308 2021/01/19 681 70572 876 13 0
309 2021/01/20 667 71239 889 13 0
310 2021/01/21 518 71757 904 15 0
311 2021/01/22 443 72200 910 6 0
312 2021/01/23 326 72526 918 8 0
313 2021/01/24 242 72768 928 10 0
314 2021/01/25 507 73275 936 8 0
315 2021/01/26 441 73716 948 12 0
316 2021/01/27 379 74095 956 8 0
317 2021/01/28 432 74527 965 9 0
318 2021/01/29 437 74964 973 8 0
319 2021/01/30 279 75243 982 9 0
320 2021/01/31 203 75446 986 4 0
321 2021/02/01 429 75875 996 10 0
322 2021/02/02 356 76231 1003 7 0
323 2021/02/03 347 76578 1010 7 0
324 2021/02/04 337 76915 1021 11 0
325 2021/02/05 285 77200 1027 6 0
326 2021/02/06 227 77427 1030 3 0
327 2021/02/07 159 77586 1037 7 0
328 2021/02/08 302 77888 1042 5 0
329 2021/02/09 267 78155 1050 8 0
330 2021/02/10 266 78421 1057 7 0
331 2021/02/11 204 78625 1064 7 0
332 2021/02/12 228 78853 1071 7 0
333 2021/02/13 134 78987 1084 13 0
334 2021/02/14 119 79106 1090 6 0
335 2021/02/15 157 79263 1092 2 0
336 2021/02/16 201 79464 1096 4 0
337 2021/02/17 175 79639 1101 5 0
338 2021/02/18 163 79802 1104 3 0
339 2021/02/19 148 79950 1106 2 0
340 2021/02/20 108 80058 1110 4 0
341 2021/02/21 94 80152 1114 4 0
342 2021/02/22 198 80350 1118 4 0
343 2021/02/23 152 80502 1127 9 0
344 2021/02/24 138 80640 1129 2 0
345 2021/02/25 123 80763 1135 6 0
346 2021/02/26 122 80885 1137 2 0
347 2021/02/27 96 80981 1139 2 0
348 2021/02/28 74 81055 1139 0 1
349 2021/03/01 123 81178 1143 4 0
350 2021/03/02 126 81304 1146 3 0
351 2021/03/03 117 81421 1148 2 0
352 2021/03/04 123 81544 1150 2 0
353 2021/03/05 112 81656 1151 1 0
354 2021/03/06 86 81742 1152 1 0
355 2021/03/07 53 81795 1153 1 0
356 2021/03/08 119 81914 1155 2 1
357 2021/03/09 114 82028 1156 1 0
358 2021/03/10 86 82114 1157 1 0
359 2021/03/11 109 82223 1157 0 0
360 2021/03/12 93 82316 1158 1 0
361 2021/03/13 78 82394 1163 5 0
362 2021/03/14 60 82454 1164 1 0
363 2021/03/15 87 82541 1166 2 1
364 2021/03/16 87 82628 1169 3 0
365 2021/03/17 100 82728 1172 3 0
366 2021/03/18 75 82803 1173 1 0
367 2021/03/19 84 82887 1175 2 1
368 2021/03/20 73 82960 1177 2 1
369 2021/03/21 69 83029 1178 1 0
370 2021/03/22 89 83118 1179 1 0
371 2021/03/23 93 83211 1182 3 0
372 2021/03/24 102 83313 1183 1 0
373 2021/03/25 94 83407 1185 2 0
374 2021/03/26 100 83507 1185 0 0
375 2021/03/27 62 83569 1187 2 0
376 2021/03/28 72 83641 1187 0 0
377 2021/03/29 122 83763 1188 1 1
378 2021/03/30 102 83865 1188 0 0
379 2021/03/31 100 83965 1189 1 0
380 2021/04/01 81 84046 1191 2 0
381 2021/04/02 82 84128 1194 3 0
382 2021/04/03 73 84201 1195 1 0
383 2021/04/04 68 84269 1198 3 0
384 2021/04/05 118 84387 1199 1 0
385 2021/04/06 117 84504 1200 1 0
386 2021/04/07 112 84616 1201 1 0
387 2021/04/08 84 84700 1202 1 0
388 2021/04/09 101 84801 1203 1 0
389 2021/04/10 73 84874 1203 0 0
390 2021/04/11 65 84939 1204 1 0
391 2021/04/12 137 85076 1204 0 0
392 2021/04/13 103 85179 1204 0 0
393 2021/04/14 106 85285 1205 1 0
394 2021/04/15 99 85384 1206 1 1
395 2021/04/16 107 85491 1207 1 1
396 2021/04/17 79 85570 1209 2 0
397 2021/04/18 73 85643 1209 0 0
398 2021/04/19 114 85757 1212 3 0
399 2021/04/20 122 85879 1213 1 0
400 2021/04/21 95 85974 1213 0 0
401 2021/04/22 82 86056 1213 0 0
402 2021/04/23 91 86147 1215 2 0
403 2021/04/24 71 86218 1216 1 0
404 2021/04/25 56 86274 1216 0 1
405 2021/04/26 107 86381 1219 3 0
406 2021/04/27 91 86472 1221 2 0
407 2021/04/28 97 86569 1222 1 0
408 2021/04/29 72 86641 1222 0 0
409 2021/04/30 65 86706 1223 1 0
410 2021/05/01 62 86768 1224 1 0
411 2021/05/02 43 86811 1225 1 0
412 2021/05/03 86 86897 1225 0 0
413 2021/05/04 77 86974 1225 0 0
414 2021/05/05 92 87066 1226 1 0
415 2021/05/06 62 87128 1227 1 0
416 2021/05/07 78 87206 1229 2 0
417 2021/05/08 52 87258 1230 1 0
418 2021/05/09 42 87300 1231 1 0
419 2021/05/10 72 87372 1232 1 0
420 2021/05/11 72 87444 1234 2 0
421 2021/05/12 64 87508 1234 0 1
422 2021/05/13 34 87542 1235 1 1
423 2021/05/14 45 87587 1235 0 1
424 2021/05/15 35 87622 1235 0 0
425 2021/05/16 26 87648 1235 0 0
426 2021/05/17 65 87713 1235 0 0
427 2021/05/18 53 87766 1235 0 0
428 2021/05/19 73 87839 1237 2 0
429 2021/05/20 41 87880 1237 0 0
430 2021/05/21 47 87927 1238 1 1
431 2021/05/22 27 87954 1238 0 0
432 2021/05/23 25 87979 1240 2 0
433 2021/05/24 73 88052 1240 0 0
434 2021/05/25 63 88115 1242 2 0
435 2021/05/26 29 88144 1244 2 0
436 2021/05/27 29 88173 1244 0 0
437 2021/05/28 36 88209 1244 0 1
438 2021/05/29 24 88233 1244 0 1
439 2021/05/30 23 88256 1244 0 1
440 2021/05/31 25 88281 1244 0 0
441 2021/06/01 38 88319 1246 2 0
442 2021/06/02 33 88352 1248 2 0
443 2021/06/03 45 88397 1248 0 0
444 2021/06/04 38 88435 1250 2 0
445 2021/06/05 27 88462 1250 0 0
446 2021/06/06 32 88494 1251 1 1
447 2021/06/07 42 88536 1251 0 0
448 2021/06/08 58 88594 1252 1 0
449 2021/06/09 50 88644 1253 1 0
450 2021/06/10 46 88690 1253 0 0
451 2021/06/11 44 88734 1253 0 0
452 2021/06/12 29 88763 1253 0 1
453 2021/06/13 29 88792 1254 1 1
454 2021/06/14 57 88849 1254 0 0
455 2021/06/15 53 88902 1254 0 1
456 2021/06/16 44 88946 1255 1 0
457 2021/06/17 51 88997 1256 1 1
458 2021/06/18 47 89044 1256 0 0
459 2021/06/19 38 89082 1256 0 0
460 2021/06/20 33 89115 1256 0 0
461 2021/06/21 63 89178 1256 0 1
462 2021/06/22 61 89239 1256 0 0
463 2021/06/23 69 89308 1256 0 0
464 2021/06/24 73 89381 1256 0 0
465 2021/06/25 74 89455 1259 3 0
466 2021/06/26 65 89520 1259 0 1
467 2021/06/27 57 89577 1259 0 0
468 2021/06/28 85 89662 1259 0 0
469 2021/06/29 93 89755 1259 0 2
470 2021/06/30 104 89859 1259 0 1
471 2021/07/01 89 89948 1259 0 1
472 2021/07/02 105 90053 1259 0 1
473 2021/07/03 82 90135 1259 0 1
474 2021/07/04 81 90216 1259 0 1
475 2021/07/05 167 90383 1259 0 0
476 2021/07/06 176 90559 1259 0 0
477 2021/07/07 195 90754 1259 0 0
478 2021/07/08 182 90936 1259 0 1
479 2021/07/09 206 91142 1260 1 1
480 2021/07/10 152 91294 1260 0 1
481 2021/07/11 145 91439 1260 0 0
482 2021/07/12 324 91763 1260 0 0
483 2021/07/13 250 92013 1260 0 0
484 2021/07/14 266 92279 1260 0 0
485 2021/07/15 253 92532 1261 1 0
486 2021/07/16 301 92833 1261 0 1
487 2021/07/17 234 93067 1263 2 1
488 2021/07/18 213 93280 1263 0 0
489 2021/07/19 348 93628 1263 0 0
490 2021/07/20 375 94003 1266 3 0
491 2021/07/21 378 94381 1267 1 0
492 2021/07/22 334 94715 1269 2 0
493 2021/07/23 359 95074 1272 3 1
494 2021/07/24 249 95323 1272 0 1
495 2021/07/25 270 95593 1275 3 0
496 2021/07/26 489 96082 1275 0 0
497 2021/07/27 455 96537 1277 2 1
498 2021/07/28 413 96950 1277 0 0
499 2021/07/29 474 97424 1277 0 0
500 2021/07/30 425 97849 1277 0 1
501 2021/07/31 328 98177 1279 2 1
502 2021/08/01 308 98485 1281 2 0
503 2021/08/02 526 99011 1283 2 0
504 2021/08/03 541 99552 1284 1 0
505 2021/08/04 454 100006 1284 0 0
506 2021/08/05 473 100479 1284 0 0
507 2021/08/06 501 100980 1284 0 0
508 2021/08/07 333 101313 1286 2 0
509 2021/08/08 242 101555 1287 1 0
510 2021/08/09 531 102086 1289 2 0
511 2021/08/10 529 102615 1291 2 0
512 2021/08/11 474 103089 1292 1 0
513 2021/08/12 514 103603 1292 0 0
514 2021/08/13 496 104099 1294 2 0
515 2021/08/14 283 104382 1295 1 0
516 2021/08/15 190 104572 1296 1 0
517 2021/08/16 452 105024 1298 2 0
518 2021/08/17 488 105512 1298 0 0
519 2021/08/18 388 105900 1298 0 0
520 2021/08/19 378 106278 1298 0 0
521 2021/08/20 431 106709 1298 0 0
522 2021/08/21 231 106940 1298 0 0
523 2021/08/22 169 107109 1299 1 0
524 2021/08/23 385 107494 1299 0 0
525 2021/08/24 361 107855 1299 0 0
526 2021/08/25 302 108157 1299 0 0
527 2021/08/26 269 108426 1299 0 0
528 2021/08/27 291 108717 1299 0 0
529 2021/08/28 138 108855 1299 0 0
530 2021/08/29 102 108957 1299 0 0
531 2021/08/30 278 109235 1300 1 0
532 2021/08/31 106 109341 1301 1 0
533 2021/09/01 30 109371 1301 0 0
534 2021/09/02 0 109371 1301 0 2
