dates I C D F E
1 2020/03/18 1 1 1 1 2
2 2020/03/19 0 1 2 1 2
3 2020/03/20 0 1 3 1 2
4 2020/03/21 0 1 4 1 2
5 2020/03/22 0 1 5 1 2
6 2020/03/23 0 1 6 1 2
7 2020/03/24 0 1 7 1 2
8 2020/03/25 0 1 8 1 2
9 2020/03/26 0 1 9 1 2
10 2020/03/27 0 1 10 1 2
11 2020/03/28 0 1 11 1 2
12 2020/03/29 0 1 12 1 2
13 2020/03/30 0 1 13 1 2
14 2020/03/31 0 1 14 1 2
15 2020/04/01 0 1 15 1 2
16 2020/04/02 0 1 16 1 2
17 2020/04/03 0 1 17 1 2
18 2020/04/04 0 1 18 1 2
19 2020/04/05 0 1 19 1 2
20 2020/04/06 0 1 20 1 2
21 2020/04/07 0 1 21 1 2
22 2020/04/08 0 1 22 1 2
23 2020/04/09 0 1 23 1 2
24 2020/04/10 0 1 24 1 2
25 2020/04/11 0 1 25 1 2
26 2020/04/12 0 1 26 1 2
27 2020/04/13 0 1 27 1 2
28 2020/04/14 0 1 28 1 2
29 2020/04/15 0 1 29 1 2
30 2020/04/16 0 1 30 1 2
31 2020/04/17 0 1 31 1 2
32 2020/04/18 0 1 32 1 2
33 2020/04/19 0 1 33 1 2
34 2020/04/20 0 1 34 1 2
35 2020/04/21 0 1 35 1 2
36 2020/04/22 0 1 36 1 2
37 2020/04/23 0 1 37 1 2
38 2020/04/24 0 1 38 1 2
39 2020/04/25 0 1 39 1 2
40 2020/04/26 0 1 40 1 2
41 2020/04/27 0 1 41 1 2
42 2020/04/28 0 1 42 1 2
43 2020/04/29 0 1 43 1 2
44 2020/04/30 0 1 44 1 2
45 2020/05/01 0 1 45 1 2
46 2020/05/02 0 1 46 1 2
47 2020/05/03 0 1 47 1 2
48 2020/05/04 0 1 48 1 2
49 2020/05/05 0 1 49 1 0
50 2020/05/06 0 1 50 1 0
51 2020/05/07 0 1 51 1 0
52 2020/05/08 0 1 52 1 0
53 2020/05/09 0 1 53 1 0
54 2020/05/10 0 1 54 1 0
55 2020/05/11 0 1 55 1 0
56 2020/05/12 0 1 56 1 0
57 2020/05/13 0 1 57 1 0
58 2020/05/14 0 1 58 1 0
59 2020/05/15 0 1 59 1 0
60 2020/05/16 0 1 60 1 0
61 2020/05/17 0 1 61 1 0
62 2020/05/18 0 1 62 1 0
63 2020/05/19 0 1 63 1 0
64 2020/05/20 0 1 64 1 0
65 2020/05/21 0 1 65 1 0
66 2020/05/22 0 1 66 1 0
67 2020/05/23 0 1 67 1 0
68 2020/05/24 0 1 68 1 0
69 2020/05/25 0 1 69 1 0
70 2020/05/26 0 1 70 1 0
71 2020/05/27 0 1 71 1 0
72 2020/05/28 0 1 72 1 0
73 2020/05/29 0 1 73 1 0
74 2020/05/30 0 1 74 1 0
75 2020/05/31 0 1 75 1 0
76 2020/06/01 0 1 76 1 0
77 2020/06/02 0 1 77 1 0
78 2020/06/03 0 1 78 1 0
79 2020/06/04 0 1 79 1 0
80 2020/06/05 0 1 80 1 0
81 2020/06/06 0 1 81 1 0
82 2020/06/07 0 1 82 1 0
83 2020/06/08 0 1 83 1 0
84 2020/06/09 0 1 84 1 0
85 2020/06/10 0 1 85 1 0
86 2020/06/11 0 1 86 1 0
87 2020/06/12 0 1 87 1 0
88 2020/06/13 0 1 88 1 0
89 2020/06/14 0 1 89 1 0
90 2020/06/15 0 1 90 1 0
91 2020/06/16 0 1 91 1 0
92 2020/06/17 0 1 92 1 0
93 2020/06/18 0 1 93 1 0
94 2020/06/19 0 1 94 1 0
95 2020/06/20 0 1 95 1 0
96 2020/06/21 0 1 96 1 0
97 2020/06/22 0 1 97 1 0
98 2020/06/23 0 1 98 1 0
99 2020/06/24 0 1 99 1 0
100 2020/06/25 0 1 100 1 0
101 2020/06/26 0 1 101 1 0
102 2020/06/27 0 1 102 1 0
103 2020/06/28 0 1 103 1 0
104 2020/06/29 0 1 104 1 0
105 2020/06/30 0 1 105 1 0
106 2020/07/01 0 1 106 1 0
107 2020/07/02 0 1 107 1 0
108 2020/07/03 0 1 108 1 0
109 2020/07/04 0 1 109 1 0
110 2020/07/05 0 1 110 1 0
111 2020/07/06 0 1 111 1 0
112 2020/07/07 1 2 113 2 0
113 2020/07/08 0 2 115 2 0
114 2020/07/09 0 2 117 2 0
115 2020/07/10 0 2 119 2 0
116 2020/07/11 0 2 121 2 0
117 2020/07/12 0 2 123 2 0
118 2020/07/13 0 2 125 2 0
119 2020/07/14 0 2 127 2 0
120 2020/07/15 0 2 129 2 0
121 2020/07/16 0 2 131 2 0
122 2020/07/17 0 2 133 2 0
123 2020/07/18 0 2 135 2 0
124 2020/07/19 0 2 137 2 0
125 2020/07/20 0 2 139 2 0
126 2020/07/21 0 2 141 2 0
127 2020/07/22 0 2 143 2 0
128 2020/07/23 0 2 145 2 0
129 2020/07/24 0 2 147 2 0
130 2020/07/25 0 2 149 2 0
131 2020/07/26 0 2 151 2 0
132 2020/07/27 0 2 153 2 0
133 2020/07/28 0 2 155 2 0
134 2020/07/29 0 2 157 2 0
135 2020/07/30 0 2 159 2 0
136 2020/07/31 0 2 161 2 0
137 2020/08/01 0 2 163 2 0
138 2020/08/02 0 2 165 2 0
139 2020/08/03 0 2 167 2 0
140 2020/08/04 0 2 169 2 0
141 2020/08/05 0 2 171 2 0
142 2020/08/06 0 2 173 2 0
143 2020/08/07 0 2 175 2 0
144 2020/08/08 0 2 177 2 0
145 2020/08/09 0 2 179 2 0
146 2020/08/10 0 2 181 2 0
147 2020/08/11 0 2 183 2 0
148 2020/08/12 0 2 185 2 0
149 2020/08/13 0 2 187 2 0
150 2020/08/14 0 2 189 2 0
151 2020/08/15 0 2 191 2 0
152 2020/08/16 0 2 193 2 0
153 2020/08/17 0 2 195 2 0
154 2020/08/18 0 2 197 2 0
155 2020/08/19 0 2 199 2 0
156 2020/08/20 0 2 201 2 0
157 2020/08/21 0 2 203 2 0
158 2020/08/22 0 2 205 2 0
159 2020/08/23 0 2 207 2 0
160 2020/08/24 0 2 209 2 0
161 2020/08/25 0 2 211 2 0
162 2020/08/26 0 2 213 2 0
163 2020/08/27 0 2 215 2 0
164 2020/08/28 0 2 217 2 0
165 2020/08/29 0 2 219 2 0
166 2020/08/30 0 2 221 2 0
167 2020/08/31 0 2 223 2 0
168 2020/09/01 0 2 225 2 0
169 2020/09/02 0 2 227 2 0
170 2020/09/03 0 2 229 2 0
171 2020/09/04 0 2 231 2 0
172 2020/09/05 0 2 233 2 0
173 2020/09/06 0 2 235 2 0
174 2020/09/07 0 2 237 2 0
175 2020/09/08 0 2 239 2 0
176 2020/09/09 0 2 241 2 0
177 2020/09/10 0 2 243 2 0
178 2020/09/11 0 2 245 2 0
179 2020/09/12 0 2 247 2 0
180 2020/09/13 0 2 249 2 0
181 2020/09/14 0 2 251 2 0
182 2020/09/15 0 2 253 2 0
183 2020/09/16 0 2 255 2 0
184 2020/09/17 0 2 257 2 0
185 2020/09/18 0 2 259 2 0
186 2020/09/19 0 2 261 2 0
187 2020/09/20 0 2 263 2 0
188 2020/09/21 0 2 265 2 0
189 2020/09/22 0 2 267 2 0
190 2020/09/23 1 3 270 3 0
191 2020/09/24 0 3 273 3 0
192 2020/09/25 0 3 276 3 0
193 2020/09/26 0 3 279 3 0
194 2020/09/27 0 3 282 3 0
195 2020/09/28 0 3 285 3 0
196 2020/09/29 0 3 288 3 0
197 2020/09/30 0 3 291 3 0
198 2020/10/01 0 3 294 3 0
199 2020/10/02 0 3 297 3 0
200 2020/10/03 0 3 300 3 0
201 2020/10/04 0 3 303 3 0
202 2020/10/05 0 3 306 3 0
203 2020/10/06 0 3 309 3 0
204 2020/10/07 0 3 312 3 0
205 2020/10/08 0 3 315 3 0
206 2020/10/09 0 3 318 3 0
207 2020/10/10 0 3 321 3 0
208 2020/10/11 0 3 324 3 0
209 2020/10/12 0 3 327 3 0
210 2020/10/13 0 3 330 3 0
211 2020/10/14 0 3 333 3 0
212 2020/10/15 0 3 336 3 0
213 2020/10/16 0 3 339 3 0
214 2020/10/17 0 3 342 3 0
215 2020/10/18 0 3 345 3 0
216 2020/10/19 0 3 348 3 0
217 2020/10/20 0 3 351 3 0
218 2020/10/21 0 3 354 3 0
219 2020/10/22 0 3 357 3 0
220 2020/10/23 0 3 360 3 0
221 2020/10/24 0 3 363 3 0
222 2020/10/25 0 3 366 3 0
223 2020/10/26 1 4 370 4 0
224 2020/10/27 2 6 376 6 0
225 2020/10/28 0 6 382 6 0
226 2020/10/29 1 7 389 7 0
227 2020/10/30 3 10 399 10 0
228 2020/10/31 0 10 409 10 0
229 2020/11/01 0 10 419 10 0
230 2020/11/02 6 16 435 16 0
231 2020/11/03 3 19 454 19 0
232 2020/11/04 1 20 474 20 0
233 2020/11/05 4 24 498 24 0
234 2020/11/06 0 24 522 24 0
235 2020/11/07 0 24 546 24 0
236 2020/11/08 0 24 570 24 0
237 2020/11/09 3 27 597 27 0
238 2020/11/10 2 29 626 29 0
239 2020/11/11 0 29 655 29 0
240 2020/11/12 5 34 689 34 0
241 2020/11/13 1 35 724 35 0
242 2020/11/14 0 35 759 35 0
243 2020/11/15 0 35 794 35 0
244 2020/11/16 1 36 830 36 0
245 2020/11/17 3 39 869 39 0
246 2020/11/18 2 41 910 41 0
247 2020/11/19 1 42 952 42 0
248 2020/11/20 3 45 997 45 0
249 2020/11/21 0 45 1042 45 0
250 2020/11/22 0 45 1087 45 0
251 2020/11/23 3 48 1135 48 0
252 2020/11/24 2 50 1185 50 0
253 2020/11/25 0 50 1235 50 0
254 2020/11/26 0 50 1285 50 0
255 2020/11/27 0 50 1335 50 0
256 2020/11/28 0 50 1385 50 0
257 2020/11/29 0 50 1435 50 0
258 2020/11/30 3 53 1488 53 0
259 2020/12/01 2 55 1543 55 0
260 2020/12/02 0 55 1598 55 0
261 2020/12/03 1 56 1654 56 0
262 2020/12/04 1 57 1711 57 0
263 2020/12/05 0 57 1768 57 0
264 2020/12/06 1 58 1826 58 0
265 2020/12/07 4 62 1888 62 0
266 2020/12/08 1 63 1951 63 0
267 2020/12/09 1 64 2015 64 0
268 2020/12/10 0 64 2079 64 0
269 2020/12/11 0 64 2143 64 0
270 2020/12/12 0 64 2207 64 0
271 2020/12/13 0 64 2271 64 0
272 2020/12/14 0 64 2335 64 0
273 2020/12/15 0 64 2399 64 0
274 2020/12/16 0 64 2463 64 0
275 2020/12/17 0 64 2527 64 0
276 2020/12/18 0 64 2591 64 0
277 2020/12/19 0 64 2655 64 0
278 2020/12/20 0 64 2719 64 0
279 2020/12/21 0 64 2783 64 0
280 2020/12/22 1 65 2848 65 0
281 2020/12/23 0 65 2913 65 0
282 2020/12/24 0 65 2978 65 0
283 2020/12/25 0 65 3043 65 0
284 2020/12/26 0 65 3108 65 0
285 2020/12/27 0 65 3173 65 0
286 2020/12/28 2 67 3240 67 0
287 2020/12/29 1 68 3308 68 0
288 2020/12/30 0 68 3376 68 0
289 2020/12/31 0 68 3444 68 0
290 2021/01/01 0 68 3512 68 0
291 2021/01/02 0 68 3580 68 0
292 2021/01/03 0 68 3648 68 0
293 2021/01/04 2 70 3718 70 0
294 2021/01/05 0 70 3788 70 0
295 2021/01/06 0 70 3858 70 0
296 2021/01/07 0 70 3928 70 0
297 2021/01/08 2 72 4000 72 0
298 2021/01/09 0 72 4072 72 0
299 2021/01/10 0 72 4144 72 0
300 2021/01/11 0 72 4216 72 0
301 2021/01/12 0 72 4288 72 0
302 2021/01/13 0 72 4360 72 0
303 2021/01/14 0 72 4432 72 0
304 2021/01/15 0 72 4504 72 0
305 2021/01/16 0 72 4576 72 0
306 2021/01/17 0 72 4648 72 0
307 2021/01/18 0 72 4720 72 0
308 2021/01/19 0 72 4792 72 0
309 2021/01/20 0 72 4864 72 0
310 2021/01/21 0 72 4936 72 0
311 2021/01/22 0 72 5008 72 0
312 2021/01/23 0 72 5080 72 0
313 2021/01/24 0 72 5152 72 0
314 2021/01/25 0 72 5224 72 0
315 2021/01/26 0 72 5296 72 0
316 2021/01/27 0 72 5368 72 0
317 2021/01/28 0 72 5440 72 0
318 2021/01/29 0 72 5512 72 0
319 2021/01/30 0 72 5584 72 0
320 2021/01/31 0 72 5656 72 0
321 2021/02/01 0 72 5728 72 0
322 2021/02/02 0 72 5800 72 0
323 2021/02/03 0 72 5872 72 0
324 2021/02/04 0 72 5944 72 0
325 2021/02/05 1 73 6017 73 0
326 2021/02/06 0 73 6090 73 0
327 2021/02/07 0 73 6163 73 0
328 2021/02/08 3 76 6239 76 0
329 2021/02/09 0 76 6315 76 0
330 2021/02/10 0 76 6391 76 0
331 2021/02/11 0 76 6467 76 0
332 2021/02/12 1 77 6544 77 0
333 2021/02/13 0 77 6621 77 0
334 2021/02/14 0 77 6698 77 0
335 2021/02/15 0 77 6775 77 0
336 2021/02/16 0 77 6852 77 0
337 2021/02/17 0 77 6929 77 0
338 2021/02/18 0 77 7006 77 0
339 2021/02/19 0 77 7083 77 0
340 2021/02/20 0 77 7160 77 0
341 2021/02/21 0 77 7237 77 0
342 2021/02/22 0 77 7314 77 0
343 2021/02/23 0 77 7391 77 0
344 2021/02/24 1 78 7469 78 0
345 2021/02/25 1 79 7548 79 0
346 2021/02/26 0 79 7627 79 0
347 2021/02/27 0 79 7706 79 0
348 2021/02/28 0 79 7785 79 0
349 2021/03/01 0 79 7864 79 0
350 2021/03/02 2 81 7945 81 0
351 2021/03/03 0 81 8026 81 0
352 2021/03/04 0 81 8107 81 0
353 2021/03/05 0 81 8188 81 0
354 2021/03/06 0 81 8269 81 1
355 2021/03/07 0 81 8350 81 0
356 2021/03/08 0 81 8431 81 0
357 2021/03/09 0 81 8512 81 0
358 2021/03/10 0 81 8593 81 0
359 2021/03/11 1 82 8675 82 0
360 2021/03/12 0 82 8757 82 0
361 2021/03/13 0 82 8839 82 0
362 2021/03/14 0 82 8921 82 0
363 2021/03/15 0 82 9003 82 0
364 2021/03/16 0 82 9085 82 0
365 2021/03/17 0 82 9167 82 0
366 2021/03/18 0 82 9249 82 2
