dates I C D F E
1 2020/03/18 0 0 4 4 2
2 2020/03/19 1 1 9 5 2
3 2020/03/20 2 3 16 7 2
4 2020/03/21 0 3 23 7 2
5 2020/03/22 0 3 30 7 2
6 2020/03/23 3 6 40 10 2
7 2020/03/24 0 6 50 10 2
8 2020/03/25 1 7 61 11 2
9 2020/03/26 0 7 72 11 2
10 2020/03/27 0 7 83 11 2
11 2020/03/28 2 9 96 13 2
12 2020/03/29 0 9 109 13 3
13 2020/03/30 0 9 122 13 2
14 2020/03/31 1 10 136 14 2
15 2020/04/01 0 10 150 14 2
16 2020/04/02 0 10 164 14 2
17 2020/04/03 0 10 178 14 2
18 2020/04/04 0 10 192 14 2
19 2020/04/05 0 10 206 14 2
20 2020/04/06 0 10 220 14 2
21 2020/04/07 1 11 235 15 2
22 2020/04/08 1 12 251 16 2
23 2020/04/09 1 13 268 17 2
24 2020/04/10 0 13 285 17 2
25 2020/04/11 0 13 302 17 2
26 2020/04/12 0 13 319 17 2
27 2020/04/13 0 13 336 17 2
28 2020/04/14 0 13 353 17 2
29 2020/04/15 0 13 370 17 2
30 2020/04/16 0 13 387 17 2
31 2020/04/17 0 13 404 17 2
32 2020/04/18 0 13 421 17 2
33 2020/04/19 1 14 439 18 2
34 2020/04/20 0 14 457 18 2
35 2020/04/21 0 14 475 18 2
36 2020/04/22 0 14 493 18 2
37 2020/04/23 0 14 511 18 2
38 2020/04/24 0 14 529 18 2
39 2020/04/25 0 14 547 18 2
40 2020/04/26 1 15 566 19 2
41 2020/04/27 0 15 585 19 2
42 2020/04/28 1 16 605 20 2
43 2020/04/29 0 16 625 20 2
44 2020/04/30 0 16 645 20 2
45 2020/05/01 0 16 665 20 2
46 2020/05/02 0 16 685 20 2
47 2020/05/03 0 16 705 20 2
48 2020/05/04 0 16 725 20 3
49 2020/05/05 0 16 745 20 0
50 2020/05/06 1 17 766 21 0
51 2020/05/07 1 18 788 22 0
52 2020/05/08 0 18 810 22 1
53 2020/05/09 0 18 832 22 0
54 2020/05/10 1 19 855 23 0
55 2020/05/11 4 23 882 27 0
56 2020/05/12 1 24 910 28 0
57 2020/05/13 2 26 940 30 0
58 2020/05/14 0 26 970 30 0
59 2020/05/15 2 28 1002 32 0
60 2020/05/16 2 30 1036 34 0
61 2020/05/17 4 34 1074 38 0
62 2020/05/18 0 34 1112 38 0
63 2020/05/19 2 36 1152 40 0
64 2020/05/20 2 38 1194 42 0
65 2020/05/21 3 41 1239 45 0
66 2020/05/22 1 42 1285 46 0
67 2020/05/23 2 44 1333 48 0
68 2020/05/24 1 45 1382 49 0
69 2020/05/25 2 47 1433 51 0
70 2020/05/26 3 50 1487 54 0
71 2020/05/27 2 52 1543 56 0
72 2020/05/28 3 55 1602 59 0
73 2020/05/29 1 56 1662 60 0
74 2020/05/30 4 60 1726 64 0
75 2020/05/31 1 61 1791 65 0
76 2020/06/01 2 63 1858 67 1
77 2020/06/02 1 64 1926 68 0
78 2020/06/03 4 68 1998 72 0
79 2020/06/04 2 70 2072 74 0
80 2020/06/05 4 74 2150 78 0
81 2020/06/06 3 77 2231 81 0
82 2020/06/07 1 78 2313 82 0
83 2020/06/08 2 80 2397 84 0
84 2020/06/09 2 82 2483 86 0
85 2020/06/10 0 82 2569 86 0
86 2020/06/11 3 85 2658 89 0
87 2020/06/12 7 92 2754 96 1
88 2020/06/13 4 96 2854 100 0
89 2020/06/14 8 104 2962 108 0
90 2020/06/15 7 111 3077 115 0
91 2020/06/16 8 119 3200 123 0
92 2020/06/17 4 123 3327 127 0
93 2020/06/18 9 132 3463 136 0
94 2020/06/19 5 137 3604 141 0
95 2020/06/20 4 141 3749 145 0
96 2020/06/21 7 148 3901 152 0
97 2020/06/22 14 162 4067 166 0
98 2020/06/23 19 181 4252 185 0
99 2020/06/24 19 200 4456 204 0
100 2020/06/25 16 216 4676 220 0
101 2020/06/26 4 220 4900 224 0
102 2020/06/27 14 234 5138 238 0
103 2020/06/28 8 242 5384 246 0
104 2020/06/29 19 261 5649 265 0
105 2020/06/30 19 280 5933 284 0
106 2020/07/01 17 297 6234 301 0
107 2020/07/02 25 322 6560 326 0
108 2020/07/03 18 340 6904 344 0
109 2020/07/04 12 352 7260 356 0
110 2020/07/05 18 370 7634 374 0
111 2020/07/06 35 405 8043 409 0
112 2020/07/07 54 459 8506 463 0
113 2020/07/08 43 502 9012 506 0
114 2020/07/09 37 539 9555 543 0
115 2020/07/10 32 571 10130 575 0
116 2020/07/11 11 582 10716 586 0
117 2020/07/12 16 598 11318 602 0
118 2020/07/13 49 647 11969 651 0
119 2020/07/14 36 683 12656 687 0
120 2020/07/15 45 728 13388 732 0
121 2020/07/16 42 770 14162 774 0
122 2020/07/17 36 806 14972 810 0
123 2020/07/18 13 819 15795 823 0
124 2020/07/19 9 828 16627 832 0
125 2020/07/20 24 852 17483 856 0
126 2020/07/21 37 889 18376 893 0
127 2020/07/22 43 932 19312 936 0
128 2020/07/23 33 965 20281 969 0
129 2020/07/24 15 980 21265 984 0
130 2020/07/25 12 992 22261 996 0
131 2020/07/26 8 1000 23265 1004 0
132 2020/07/27 35 1035 24304 1039 0
133 2020/07/28 27 1062 25370 1066 0
134 2020/07/29 36 1098 26472 1102 0
135 2020/07/30 24 1122 27598 1126 0
136 2020/07/31 16 1138 28740 1142 0
137 2020/08/01 23 1161 29905 1165 0
138 2020/08/02 14 1175 31084 1179 0
139 2020/08/03 35 1210 32298 1214 0
140 2020/08/04 45 1255 33557 1259 0
141 2020/08/05 24 1279 34840 1283 0
142 2020/08/06 32 1311 36155 1315 0
143 2020/08/07 16 1327 37486 1331 0
144 2020/08/08 18 1345 38835 1349 0
145 2020/08/09 17 1362 40201 1366 0
146 2020/08/10 44 1406 41611 1410 0
147 2020/08/11 24 1430 43045 1434 0
148 2020/08/12 27 1457 44506 1461 0
149 2020/08/13 28 1485 45995 1489 0
150 2020/08/14 23 1508 47507 1512 0
151 2020/08/15 9 1517 49028 1521 0
152 2020/08/16 22 1539 50571 1543 0
153 2020/08/17 38 1577 52152 1581 0
154 2020/08/18 44 1621 53777 1625 0
155 2020/08/19 32 1653 55434 1657 0
156 2020/08/20 43 1696 57134 1700 0
157 2020/08/21 52 1748 58886 1752 0
158 2020/08/22 39 1787 60677 1791 0
159 2020/08/23 50 1837 62518 1841 0
160 2020/08/24 113 1950 64472 1954 0
161 2020/08/25 85 2035 66511 2039 0
162 2020/08/26 67 2102 68617 2106 0
163 2020/08/27 66 2168 70789 2172 0
164 2020/08/28 65 2233 73026 2237 0
165 2020/08/29 30 2263 75293 2267 0
166 2020/08/30 30 2293 77590 2297 0
167 2020/08/31 80 2373 79967 2377 0
168 2020/09/01 65 2438 82409 2442 0
169 2020/09/02 57 2495 84908 2499 0
170 2020/09/03 47 2542 87454 2546 0
171 2020/09/04 46 2588 90046 2592 0
172 2020/09/05 23 2611 92661 2615 0
173 2020/09/06 16 2627 95292 2631 0
174 2020/09/07 9 2636 97932 2640 0
175 2020/09/08 31 2667 100603 2671 0
176 2020/09/09 18 2685 103292 2689 0
177 2020/09/10 17 2702 105998 2706 0
178 2020/09/11 17 2719 108721 2723 0
179 2020/09/12 11 2730 111455 2734 0
180 2020/09/13 7 2737 114196 2741 0
181 2020/09/14 22 2759 116959 2763 0
182 2020/09/15 17 2776 119739 2780 0
183 2020/09/16 13 2789 122532 2793 0
184 2020/09/17 10 2799 125335 2803 0
185 2020/09/18 18 2817 128156 2821 1
186 2020/09/19 2 2819 130979 2823 0
187 2020/09/20 6 2825 133808 2829 0
188 2020/09/21 12 2837 136649 2841 0
189 2020/09/22 13 2850 139503 2854 0
190 2020/09/23 4 2854 142361 2858 0
191 2020/09/24 8 2862 145227 2866 0
192 2020/09/25 11 2873 148104 2877 0
193 2020/09/26 5 2878 150986 2882 0
194 2020/09/27 8 2886 153876 2890 0
195 2020/09/28 11 2897 156777 2901 0
196 2020/09/29 15 2912 159693 2916 0
197 2020/09/30 14 2926 162623 2930 0
198 2020/10/01 8 2934 165561 2938 0
199 2020/10/02 8 2942 168507 2946 0
200 2020/10/03 10 2952 171463 2956 0
201 2020/10/04 6 2958 174425 2962 0
202 2020/10/05 14 2972 177401 2976 0
203 2020/10/06 10 2982 180387 2986 0
204 2020/10/07 7 2989 183380 2993 0
205 2020/10/08 11 3000 186384 3004 0
206 2020/10/09 10 3010 189398 3014 0
207 2020/10/10 3 3013 192415 3017 0
208 2020/10/11 5 3018 195437 3022 0
209 2020/10/12 8 3026 198467 3030 0
210 2020/10/13 6 3032 201503 3036 0
211 2020/10/14 9 3041 204548 3045 0
212 2020/10/15 8 3049 207601 3053 0
213 2020/10/16 9 3058 210663 3062 0
214 2020/10/17 12 3070 213737 3074 0
215 2020/10/18 7 3077 216818 3081 0
216 2020/10/19 13 3090 219912 3094 0
217 2020/10/20 11 3101 223017 3105 0
218 2020/10/21 13 3114 226135 3118 1
219 2020/10/22 12 3126 229265 3130 0
220 2020/10/23 11 3137 232406 3141 0
221 2020/10/24 9 3146 235556 3150 0
222 2020/10/25 9 3155 238715 3159 0
223 2020/10/26 19 3174 241893 3178 0
224 2020/10/27 11 3185 245082 3189 0
225 2020/10/28 16 3201 248287 3205 0
226 2020/10/29 16 3217 251508 3221 0
227 2020/10/30 19 3236 254748 3240 0
228 2020/10/31 5 3241 257993 3245 0
229 2020/11/01 15 3256 261253 3260 0
230 2020/11/02 22 3278 264535 3282 0
231 2020/11/03 17 3295 267834 3299 0
232 2020/11/04 22 3317 271155 3321 0
233 2020/11/05 31 3348 274507 3352 0
234 2020/11/06 23 3371 277882 3375 0
235 2020/11/07 24 3395 281281 3399 0
236 2020/11/08 11 3406 284691 3410 0
237 2020/11/09 38 3444 288139 3448 0
238 2020/11/10 44 3488 291631 3492 0
239 2020/11/11 35 3523 295158 3527 0
240 2020/11/12 24 3547 298709 3551 1
241 2020/11/13 47 3594 302307 3598 0
242 2020/11/14 23 3617 305928 3621 0
243 2020/11/15 34 3651 309583 3655 0
244 2020/11/16 52 3703 313290 3707 0
245 2020/11/17 38 3741 317035 3745 0
246 2020/11/18 45 3786 320825 3790 0
247 2020/11/19 53 3839 324668 3843 0
248 2020/11/20 49 3888 328560 3892 0
249 2020/11/21 33 3921 332485 3925 0
250 2020/11/22 48 3969 336458 3973 0
251 2020/11/23 51 4020 340482 4024 0
252 2020/11/24 61 4081 344567 4085 0
253 2020/11/25 84 4165 348736 4169 0
254 2020/11/26 25 4190 352930 4194 0
255 2020/11/27 62 4252 357186 4256 0
256 2020/11/28 39 4291 361481 4295 0
257 2020/11/29 54 4345 365830 4349 0
258 2020/11/30 98 4443 370277 4447 0
259 2020/12/01 96 4539 374820 4543 0
260 2020/12/02 100 4639 379463 4643 0
261 2020/12/03 118 4757 384224 4761 0
262 2020/12/04 96 4853 389081 4857 0
263 2020/12/05 69 4922 394007 4926 0
264 2020/12/06 63 4985 398996 4989 0
265 2020/12/07 155 5140 404140 5144 0
266 2020/12/08 135 5275 409419 5279 0
267 2020/12/09 160 5435 414858 5439 0
268 2020/12/10 139 5574 420436 5578 0
269 2020/12/11 114 5688 426128 5692 0
270 2020/12/12 57 5745 431877 5749 0
271 2020/12/13 61 5806 437687 5810 0
272 2020/12/14 148 5954 443645 5958 0
273 2020/12/15 148 6102 449751 6106 0
274 2020/12/16 128 6230 455985 6234 0
275 2020/12/17 190 6420 462409 6424 0
276 2020/12/18 123 6543 468956 6547 0
277 2020/12/19 93 6636 475596 6640 0
278 2020/12/20 86 6722 482322 6726 0
279 2020/12/21 136 6858 489184 6862 0
280 2020/12/22 154 7012 496200 7016 0
281 2020/12/23 137 7149 503353 7153 1
282 2020/12/24 95 7244 510601 7248 0
283 2020/12/25 32 7276 517881 7280 0
284 2020/12/26 92 7368 525253 7372 0
285 2020/12/27 81 7449 532706 7453 0
286 2020/12/28 142 7591 540301 7595 0
287 2020/12/29 153 7744 548049 7748 0
288 2020/12/30 160 7904 555957 7908 1
289 2020/12/31 132 8036 563997 8040 0
290 2021/01/01 40 8076 572077 8080 0
291 2021/01/02 91 8167 580248 8171 0
292 2021/01/03 101 8268 588520 8272 0
293 2021/01/04 190 8458 596982 8462 0
294 2021/01/05 165 8623 605609 8627 0
295 2021/01/06 181 8804 614417 8808 0
296 2021/01/07 138 8942 623363 8946 0
297 2021/01/08 107 9049 632416 9053 0
298 2021/01/09 67 9116 641536 9120 0
299 2021/01/10 81 9197 650737 9201 0
300 2021/01/11 102 9299 660040 9303 0
301 2021/01/12 110 9409 669453 9413 0
302 2021/01/13 78 9487 678944 9491 0
303 2021/01/14 80 9567 688515 9571 0
304 2021/01/15 75 9642 698161 9646 0
305 2021/01/16 38 9680 707845 9684 0
306 2021/01/17 26 9706 717555 9710 0
307 2021/01/18 63 9769 727328 9773 0
308 2021/01/19 82 9851 737183 9855 0
309 2021/01/20 56 9907 747094 9911 0
310 2021/01/21 49 9956 757054 9960 0
311 2021/01/22 68 10024 767082 10028 0
312 2021/01/23 48 10072 777158 10076 0
313 2021/01/24 31 10103 787265 10107 0
314 2021/01/25 82 10185 797454 10189 0
315 2021/01/26 63 10248 807706 10252 0
316 2021/01/27 41 10289 817999 10293 0
317 2021/01/28 38 10327 828330 10331 0
318 2021/01/29 40 10367 838701 10371 0
319 2021/01/30 32 10399 849104 10403 0
320 2021/01/31 34 10433 859541 10437 0
321 2021/02/01 43 10476 870021 10480 0
322 2021/02/02 41 10517 880542 10521 0
323 2021/02/03 25 10542 891088 10546 0
324 2021/02/04 35 10577 901669 10581 0
325 2021/02/05 32 10609 912282 10613 0
326 2021/02/06 19 10628 922914 10632 0
327 2021/02/07 17 10645 933563 10649 0
328 2021/02/08 31 10676 944243 10680 0
329 2021/02/09 22 10698 954945 10702 0
330 2021/02/10 27 10725 965674 10729 0
331 2021/02/11 26 10751 976429 10755 0
332 2021/02/12 24 10775 987208 10779 0
333 2021/02/13 15 10790 998002 10794 0
334 2021/02/14 16 10806 1008812 10810 0
335 2021/02/15 23 10829 1019645 10833 0
336 2021/02/16 18 10847 1030496 10851 0
337 2021/02/17 28 10875 1041375 10879 0
338 2021/02/18 17 10892 1052271 10896 0
339 2021/02/19 18 10910 1063185 10914 0
340 2021/02/20 11 10921 1074110 10925 0
341 2021/02/21 8 10929 1085043 10933 0
342 2021/02/22 24 10953 1096000 10957 0
343 2021/02/23 12 10965 1106969 10969 0
344 2021/02/24 14 10979 1117952 10983 0
345 2021/02/25 13 10992 1128948 10996 0
346 2021/02/26 23 11015 1139967 11019 0
347 2021/02/27 9 11024 1150995 11028 0
348 2021/02/28 11 11035 1162034 11039 0
349 2021/03/01 15 11050 1173088 11054 0
350 2021/03/02 15 11065 1184157 11069 0
351 2021/03/03 9 11074 1195235 11078 0
352 2021/03/04 6 11080 1206319 11084 0
353 2021/03/05 7 11087 1217410 11091 0
354 2021/03/06 5 11092 1228506 11096 0
355 2021/03/07 4 11096 1239606 11100 0
356 2021/03/08 15 11111 1250721 11115 0
357 2021/03/09 17 11128 1261853 11132 0
358 2021/03/10 11 11139 1272996 11143 0
359 2021/03/11 6 11145 1284145 11149 0
360 2021/03/12 5 11150 1295299 11154 1
361 2021/03/13 2 11152 1306455 11156 0
362 2021/03/14 6 11158 1317617 11162 0
363 2021/03/15 11 11169 1328790 11173 0
364 2021/03/16 6 11175 1339969 11179 1
365 2021/03/17 0 11175 1351148 11179 0
366 2021/03/18 0 11175 1362327 11179 2
