dates I C D F E
1 2020/03/18 0 96323 1383 0 1
2 2020/03/19 0 96323 1383 0 1
3 2020/03/20 0 96323 1383 0 1
4 2020/03/21 0 96323 1383 0 1
5 2020/03/22 0 96323 1383 0 1
6 2020/03/23 1 96324 1383 0 1
7 2020/03/24 0 96324 1383 0 1
8 2020/03/25 1 96325 1383 0 1
9 2020/03/26 0 96325 1383 0 1
10 2020/03/27 0 96325 1383 0 1
11 2020/03/28 0 96325 1383 0 1
12 2020/03/29 0 96325 1383 0 2
13 2020/03/30 0 96325 1383 0 1
14 2020/03/31 0 96325 1383 0 1
15 2020/04/01 0 96325 1383 0 1
16 2020/04/02 1 96326 1383 0 1
17 2020/04/03 2 96328 1383 0 1
18 2020/04/04 0 96328 1383 0 1
19 2020/04/05 0 96328 1383 0 1
20 2020/04/06 0 96328 1383 0 1
21 2020/04/07 0 96328 1383 0 1
22 2020/04/08 1 96329 1383 0 1
23 2020/04/09 0 96329 1383 0 1
24 2020/04/10 0 96329 1383 0 1
25 2020/04/11 0 96329 1383 0 1
26 2020/04/12 0 96329 1383 0 1
27 2020/04/13 0 96329 1383 0 1
28 2020/04/14 1 96330 1383 0 1
29 2020/04/15 0 96330 1383 0 1
30 2020/04/16 1 96331 1383 0 1
31 2020/04/17 0 96331 1383 0 1
32 2020/04/18 0 96331 1383 0 1
33 2020/04/19 0 96331 1383 0 1
34 2020/04/20 0 96331 1383 0 1
35 2020/04/21 0 96331 1383 0 1
36 2020/04/22 1 96332 1383 0 1
37 2020/04/23 0 96332 1383 0 1
38 2020/04/24 0 96332 1383 0 1
39 2020/04/25 0 96332 1383 0 1
40 2020/04/26 0 96332 1383 0 1
41 2020/04/27 0 96332 1383 0 1
42 2020/04/28 0 96332 1383 0 1
43 2020/04/29 0 96332 1383 0 1
44 2020/04/30 0 96332 1383 0 1
45 2020/05/01 0 96332 1383 0 1
46 2020/05/02 0 96332 1383 0 1
47 2020/05/03 0 96332 1383 0 1
48 2020/05/04 0 96332 1383 0 1
49 2020/05/05 0 96332 1383 0 0
50 2020/05/06 0 96332 1383 0 0
51 2020/05/07 0 96332 1383 0 0
52 2020/05/08 0 96332 1383 0 0
53 2020/05/09 0 96332 1383 0 0
54 2020/05/10 0 96332 1383 0 0
55 2020/05/11 0 96332 1383 0 0
56 2020/05/12 0 96332 1383 0 0
57 2020/05/13 1 96333 1383 0 0
58 2020/05/14 0 96333 1383 0 0
59 2020/05/15 0 96333 1383 0 0
60 2020/05/16 0 96333 1383 0 0
61 2020/05/17 0 96333 1383 0 0
62 2020/05/18 0 96333 1383 0 0
63 2020/05/19 0 96333 1383 0 0
64 2020/05/20 0 96333 1383 0 0
65 2020/05/21 0 96333 1383 0 0
66 2020/05/22 1 96334 1383 0 0
67 2020/05/23 0 96334 1383 0 0
68 2020/05/24 0 96334 1383 0 0
69 2020/05/25 0 96334 1383 0 0
70 2020/05/26 0 96334 1383 0 0
71 2020/05/27 0 96334 1383 0 0
72 2020/05/28 1 96335 1383 0 0
73 2020/05/29 1 96336 1383 0 0
74 2020/05/30 0 96336 1383 0 0
75 2020/05/31 1 96337 1383 0 0
76 2020/06/01 3 96340 1383 0 0
77 2020/06/02 0 96340 1383 0 0
78 2020/06/03 0 96340 1383 0 0
79 2020/06/04 1 96341 1383 0 0
80 2020/06/05 0 96341 1383 0 0
81 2020/06/06 1 96342 1383 0 0
82 2020/06/07 2 96344 1383 0 0
83 2020/06/08 2 96346 1383 0 0
84 2020/06/09 0 96346 1383 0 0
85 2020/06/10 0 96346 1383 0 0
86 2020/06/11 0 96346 1383 0 0
87 2020/06/12 1 96347 1383 0 0
88 2020/06/13 3 96350 1383 0 0
89 2020/06/14 2 96352 1383 0 0
90 2020/06/15 1 96353 1383 0 0
91 2020/06/16 0 96353 1383 0 0
92 2020/06/17 3 96356 1383 0 0
93 2020/06/18 0 96356 1383 0 0
94 2020/06/19 0 96356 1383 0 0
95 2020/06/20 1 96357 1383 0 0
96 2020/06/21 0 96357 1383 0 0
97 2020/06/22 0 96357 1383 0 0
98 2020/06/23 2 96359 1383 0 0
99 2020/06/24 0 96359 1383 0 0
100 2020/06/25 2 96361 1383 0 0
101 2020/06/26 5 96366 1383 0 0
102 2020/06/27 2 96368 1383 0 0
103 2020/06/28 2 96370 1384 1 0
104 2020/06/29 5 96375 1385 1 0
105 2020/06/30 2 96377 1385 0 0
106 2020/07/01 5 96382 1385 0 0
107 2020/07/02 2 96384 1385 0 0
108 2020/07/03 4 96388 1385 0 0
109 2020/07/04 0 96388 1385 0 0
110 2020/07/05 0 96388 1385 0 0
111 2020/07/06 2 96390 1385 0 0
112 2020/07/07 3 96393 1385 0 0
113 2020/07/08 2 96395 1385 0 0
114 2020/07/09 6 96401 1385 0 0
115 2020/07/10 1 96402 1385 0 0
116 2020/07/11 0 96402 1385 0 0
117 2020/07/12 3 96405 1385 0 0
118 2020/07/13 0 96405 1385 0 0
119 2020/07/14 8 96413 1385 0 0
120 2020/07/15 2 96415 1385 0 0
121 2020/07/16 0 96415 1385 0 0
122 2020/07/17 2 96417 1385 0 0
123 2020/07/18 2 96419 1385 0 0
124 2020/07/19 4 96423 1385 0 0
125 2020/07/20 2 96425 1385 0 0
126 2020/07/21 3 96428 1385 0 0
127 2020/07/22 5 96433 1385 0 0
128 2020/07/23 0 96433 1385 0 0
129 2020/07/24 7 96440 1386 1 0
130 2020/07/25 4 96444 1386 0 0
131 2020/07/26 4 96448 1386 0 0
132 2020/07/27 3 96451 1386 0 0
133 2020/07/28 4 96455 1386 0 0
134 2020/07/29 1 96456 1386 0 0
135 2020/07/30 6 96462 1386 0 0
136 2020/07/31 4 96466 1386 0 0
137 2020/08/01 0 96466 1386 0 0
138 2020/08/02 4 96470 1387 1 0
139 2020/08/03 3 96473 1387 0 0
140 2020/08/04 3 96476 1388 1 1
141 2020/08/05 4 96480 1388 0 0
142 2020/08/06 3 96483 1388 0 0
143 2020/08/07 2 96485 1388 0 0
144 2020/08/08 0 96485 1388 0 0
145 2020/08/09 1 96486 1388 0 0
146 2020/08/10 5 96491 1391 3 1
147 2020/08/11 12 96503 1392 1 0
148 2020/08/12 2 96505 1392 0 1
149 2020/08/13 3 96508 1392 0 0
150 2020/08/14 2 96510 1393 1 0
151 2020/08/15 4 96514 1393 0 0
152 2020/08/16 2 96516 1393 0 0
153 2020/08/17 7 96523 1393 0 0
154 2020/08/18 4 96527 1393 0 0
155 2020/08/19 4 96531 1394 1 0
156 2020/08/20 3 96534 1395 1 0
157 2020/08/21 3 96537 1395 0 0
158 2020/08/22 0 96537 1395 0 0
159 2020/08/23 3 96540 1395 0 0
160 2020/08/24 10 96550 1397 2 0
161 2020/08/25 10 96560 1399 2 0
162 2020/08/26 2 96562 1400 1 0
163 2020/08/27 8 96570 1400 0 0
164 2020/08/28 6 96576 1401 1 0
165 2020/08/29 2 96578 1402 1 0
166 2020/08/30 4 96582 1402 0 0
167 2020/08/31 9 96591 1407 5 0
168 2020/09/01 5 96596 1407 0 0
169 2020/09/02 8 96604 1407 0 0
170 2020/09/03 1 96605 1407 0 0
171 2020/09/04 1 96606 1407 0 1
172 2020/09/05 2 96608 1407 0 0
173 2020/09/06 0 96608 1407 0 1
174 2020/09/07 0 96608 1407 0 1
175 2020/09/08 10 96618 1407 0 1
176 2020/09/09 2 96620 1407 0 0
177 2020/09/10 0 96620 1407 0 0
178 2020/09/11 0 96620 1407 0 1
179 2020/09/12 1 96621 1407 0 0
180 2020/09/13 2 96623 1407 0 0
181 2020/09/14 1 96624 1407 0 1
182 2020/09/15 0 96624 1407 0 0
183 2020/09/16 0 96624 1407 0 0
184 2020/09/17 0 96624 1407 0 0
185 2020/09/18 0 96624 1407 0 0
186 2020/09/19 0 96624 1407 0 0
187 2020/09/20 0 96624 1407 0 0
188 2020/09/21 4 96628 1407 0 0
189 2020/09/22 2 96630 1407 0 0
190 2020/09/23 0 96630 1407 0 0
191 2020/09/24 1 96631 1407 0 0
192 2020/09/25 0 96631 1407 0 1
193 2020/09/26 0 96631 1407 0 0
194 2020/09/27 0 96631 1407 0 0
195 2020/09/28 1 96632 1407 0 0
196 2020/09/29 0 96632 1407 0 0
197 2020/09/30 2 96634 1407 0 1
198 2020/10/01 1 96635 1407 0 1
199 2020/10/02 0 96635 1407 0 0
200 2020/10/03 1 96636 1407 0 0
201 2020/10/04 0 96636 1407 0 0
202 2020/10/05 0 96636 1407 0 0
203 2020/10/06 0 96636 1407 0 0
204 2020/10/07 0 96636 1407 0 0
205 2020/10/08 2 96638 1407 0 0
206 2020/10/09 1 96639 1407 0 0
207 2020/10/10 2 96641 1407 0 0
208 2020/10/11 1 96642 1407 0 0
209 2020/10/12 2 96644 1407 0 0
210 2020/10/13 0 96644 1407 0 0
211 2020/10/14 4 96648 1407 0 0
212 2020/10/15 0 96648 1407 0 0
213 2020/10/16 1 96649 1407 0 0
214 2020/10/17 0 96649 1407 0 0
215 2020/10/18 0 96649 1407 0 0
216 2020/10/19 1 96650 1407 0 0
217 2020/10/20 1 96651 1407 0 0
218 2020/10/21 1 96652 1407 0 1
219 2020/10/22 1 96653 1407 0 0
220 2020/10/23 3 96656 1407 0 0
221 2020/10/24 1 96657 1407 0 0
222 2020/10/25 2 96659 1407 0 0
223 2020/10/26 1 96660 1407 0 0
224 2020/10/27 4 96664 1407 0 0
225 2020/10/28 2 96666 1407 0 0
226 2020/10/29 2 96668 1407 0 0
227 2020/10/30 2 96670 1407 0 0
228 2020/10/31 1 96671 1407 0 0
229 2020/11/01 0 96671 1407 0 0
230 2020/11/02 1 96672 1407 0 0
231 2020/11/03 0 96672 1407 0 0
232 2020/11/04 4 96676 1407 0 0
233 2020/11/05 3 96679 1407 0 0
234 2020/11/06 9 96688 1407 0 0
235 2020/11/07 1 96689 1407 0 0
236 2020/11/08 2 96691 1407 0 0
237 2020/11/09 2 96693 1407 0 0
238 2020/11/10 4 96697 1407 0 0
239 2020/11/11 5 96702 1408 1 0
240 2020/11/12 11 96713 1408 0 0
241 2020/11/13 5 96718 1408 0 0
242 2020/11/14 4 96722 1409 1 0
243 2020/11/15 1 96723 1409 0 0
244 2020/11/16 12 96735 1409 0 0
245 2020/11/17 7 96742 1409 0 0
246 2020/11/18 15 96757 1409 0 0
247 2020/11/19 6 96763 1409 0 0
248 2020/11/20 9 96772 1409 0 0
249 2020/11/21 12 96784 1409 0 0
250 2020/11/22 6 96790 1409 0 0
251 2020/11/23 12 96802 1410 1 0
252 2020/11/24 15 96817 1411 1 0
253 2020/11/25 7 96824 1411 0 0
254 2020/11/26 3 96827 1411 0 0
255 2020/11/27 28 96855 1411 0 0
256 2020/11/28 8 96863 1411 0 0
257 2020/11/29 4 96867 1411 0 0
258 2020/11/30 32 96899 1411 0 0
259 2020/12/01 22 96921 1412 1 0
260 2020/12/02 18 96939 1412 0 0
261 2020/12/03 17 96956 1412 0 0
262 2020/12/04 19 96975 1412 0 0
263 2020/12/05 4 96979 1412 0 0
264 2020/12/06 11 96990 1413 1 0
265 2020/12/07 19 97009 1413 0 0
266 2020/12/08 32 97041 1413 0 0
267 2020/12/09 25 97066 1414 1 0
268 2020/12/10 29 97095 1414 0 0
269 2020/12/11 18 97113 1414 0 0
270 2020/12/12 16 97129 1415 1 0
271 2020/12/13 10 97139 1416 1 0
272 2020/12/14 36 97175 1417 1 0
273 2020/12/15 38 97213 1417 0 0
274 2020/12/16 32 97245 1417 0 0
275 2020/12/17 35 97280 1417 0 0
276 2020/12/18 23 97303 1417 0 0
277 2020/12/19 9 97312 1417 0 0
278 2020/12/20 18 97330 1418 1 0
279 2020/12/21 23 97353 1418 0 0
280 2020/12/22 30 97383 1418 0 0
281 2020/12/23 27 97410 1418 0 0
282 2020/12/24 7 97417 1418 0 0
283 2020/12/25 4 97421 1419 1 0
284 2020/12/26 3 97424 1419 0 0
285 2020/12/27 6 97430 1419 0 0
286 2020/12/28 45 97475 1419 0 0
287 2020/12/29 22 97497 1421 2 0
288 2020/12/30 46 97543 1422 1 0
289 2020/12/31 24 97567 1424 2 0
290 2021/01/01 10 97577 1424 0 0
291 2021/01/02 15 97592 1425 1 0
292 2021/01/03 19 97611 1425 0 0
293 2021/01/04 35 97646 1426 1 0
294 2021/01/05 40 97686 1426 0 0
295 2021/01/06 49 97735 1427 1 0
296 2021/01/07 24 97759 1428 1 0
297 2021/01/08 16 97775 1428 0 0
298 2021/01/09 13 97788 1428 0 0
299 2021/01/10 10 97798 1429 1 0
300 2021/01/11 25 97823 1429 0 0
301 2021/01/12 18 97841 1429 0 0
302 2021/01/13 36 97877 1429 0 0
303 2021/01/14 19 97896 1429 0 0
304 2021/01/15 13 97909 1429 0 0
305 2021/01/16 5 97914 1429 0 0
306 2021/01/17 5 97919 1429 0 0
307 2021/01/18 15 97934 1429 0 0
308 2021/01/19 26 97960 1429 0 0
309 2021/01/20 24 97984 1429 0 0
310 2021/01/21 21 98005 1429 0 0
311 2021/01/22 6 98011 1429 0 0
312 2021/01/23 9 98020 1429 0 0
313 2021/01/24 6 98026 1429 0 0
314 2021/01/25 10 98036 1429 0 0
315 2021/01/26 13 98049 1429 0 0
316 2021/01/27 11 98060 1429 0 0
317 2021/01/28 5 98065 1429 0 0
318 2021/01/29 10 98075 1429 0 0
319 2021/01/30 3 98078 1430 1 0
320 2021/01/31 13 98091 1430 0 0
321 2021/02/01 10 98101 1430 0 0
322 2021/02/02 20 98121 1431 1 0
323 2021/02/03 9 98130 1432 1 0
324 2021/02/04 12 98142 1432 0 0
325 2021/02/05 0 98142 1432 0 0
326 2021/02/06 5 98147 1432 0 0
327 2021/02/07 2 98149 1432 0 0
328 2021/02/08 7 98156 1432 0 0
329 2021/02/09 5 98161 1432 0 0
330 2021/02/10 8 98169 1432 0 0
331 2021/02/11 3 98172 1432 0 0
332 2021/02/12 2 98174 1432 0 0
333 2021/02/13 3 98177 1432 0 0
334 2021/02/14 4 98181 1432 0 0
335 2021/02/15 2 98183 1432 0 0
336 2021/02/16 3 98186 1432 0 0
337 2021/02/17 2 98188 1432 0 0
338 2021/02/18 0 98188 1432 0 1
339 2021/02/19 5 98193 1432 0 1
340 2021/02/20 1 98194 1432 0 0
341 2021/02/21 1 98195 1432 0 0
342 2021/02/22 1 98196 1432 0 0
343 2021/02/23 3 98199 1432 0 0
344 2021/02/24 1 98200 1432 0 0
345 2021/02/25 2 98202 1432 0 0
346 2021/02/26 6 98208 1432 0 0
347 2021/02/27 1 98209 1432 0 0
348 2021/02/28 2 98211 1432 0 0
349 2021/03/01 5 98216 1432 0 0
350 2021/03/02 7 98223 1432 0 0
351 2021/03/03 3 98226 1432 0 0
352 2021/03/04 3 98229 1432 0 0
353 2021/03/05 1 98230 1432 0 0
354 2021/03/06 2 98232 1432 0 0
355 2021/03/07 1 98233 1432 0 0
356 2021/03/08 0 98233 1432 0 0
357 2021/03/09 1 98234 1432 0 0
358 2021/03/10 1 98235 1432 0 0
359 2021/03/11 0 98235 1432 0 0
360 2021/03/12 0 98235 1432 0 2
