dates I C D F E
1 2020/03/18 0 0 0 0 1
2 2020/03/19 0 0 0 0 1
3 2020/03/20 1 1 1 1 1
4 2020/03/21 0 1 2 1 1
5 2020/03/22 0 1 3 1 1
6 2020/03/23 0 1 4 1 1
7 2020/03/24 1 2 6 2 1
8 2020/03/25 0 2 8 2 1
9 2020/03/26 1 3 11 3 1
10 2020/03/27 0 3 14 3 1
11 2020/03/28 0 3 17 3 1
12 2020/03/29 0 3 20 3 2
13 2020/03/30 0 3 23 3 1
14 2020/03/31 0 3 26 3 1
15 2020/04/01 0 3 29 3 1
16 2020/04/02 0 3 32 3 1
17 2020/04/03 0 3 35 3 1
18 2020/04/04 0 3 38 3 1
19 2020/04/05 0 3 41 3 1
20 2020/04/06 0 3 44 3 1
21 2020/04/07 0 3 47 3 1
22 2020/04/08 0 3 50 3 1
23 2020/04/09 0 3 53 3 1
24 2020/04/10 0 3 56 3 1
25 2020/04/11 0 3 59 3 1
26 2020/04/12 0 3 62 3 1
27 2020/04/13 0 3 65 3 1
28 2020/04/14 0 3 68 3 1
29 2020/04/15 0 3 71 3 1
30 2020/04/16 0 3 74 3 1
31 2020/04/17 0 3 77 3 1
32 2020/04/18 0 3 80 3 1
33 2020/04/19 0 3 83 3 1
34 2020/04/20 0 3 86 3 1
35 2020/04/21 0 3 89 3 1
36 2020/04/22 0 3 92 3 1
37 2020/04/23 0 3 95 3 1
38 2020/04/24 0 3 98 3 1
39 2020/04/25 0 3 101 3 1
40 2020/04/26 0 3 104 3 1
41 2020/04/27 0 3 107 3 1
42 2020/04/28 0 3 110 3 1
43 2020/04/29 0 3 113 3 1
44 2020/04/30 0 3 116 3 1
45 2020/05/01 0 3 119 3 1
46 2020/05/02 0 3 122 3 1
47 2020/05/03 0 3 125 3 1
48 2020/05/04 0 3 128 3 1
49 2020/05/05 0 3 131 3 0
50 2020/05/06 0 3 134 3 0
51 2020/05/07 0 3 137 3 0
52 2020/05/08 0 3 140 3 0
53 2020/05/09 0 3 143 3 0
54 2020/05/10 0 3 146 3 0
55 2020/05/11 0 3 149 3 0
56 2020/05/12 0 3 152 3 0
57 2020/05/13 0 3 155 3 0
58 2020/05/14 0 3 158 3 0
59 2020/05/15 0 3 161 3 0
60 2020/05/16 0 3 164 3 0
61 2020/05/17 0 3 167 3 0
62 2020/05/18 2 5 172 5 0
63 2020/05/19 0 5 177 5 0
64 2020/05/20 2 7 184 7 0
65 2020/05/21 0 7 191 7 0
66 2020/05/22 0 7 198 7 0
67 2020/05/23 0 7 205 7 0
68 2020/05/24 0 7 212 7 0
69 2020/05/25 0 7 219 7 0
70 2020/05/26 1 8 227 8 0
71 2020/05/27 0 8 235 8 0
72 2020/05/28 0 8 243 8 0
73 2020/05/29 0 8 251 8 0
74 2020/05/30 0 8 259 8 0
75 2020/05/31 1 9 268 9 0
76 2020/06/01 0 9 277 9 0
77 2020/06/02 0 9 286 9 0
78 2020/06/03 0 9 295 9 0
79 2020/06/04 0 9 304 9 0
80 2020/06/05 0 9 313 9 0
81 2020/06/06 0 9 322 9 0
82 2020/06/07 0 9 331 9 0
83 2020/06/08 0 9 340 9 0
84 2020/06/09 1 10 350 10 0
85 2020/06/10 1 11 361 11 0
86 2020/06/11 1 12 373 12 0
87 2020/06/12 0 12 385 12 0
88 2020/06/13 0 12 397 12 0
89 2020/06/14 1 13 410 13 0
90 2020/06/15 1 14 424 14 0
91 2020/06/16 2 16 440 16 0
92 2020/06/17 3 19 459 19 0
93 2020/06/18 1 20 479 20 0
94 2020/06/19 4 24 503 24 0
95 2020/06/20 2 26 529 26 0
96 2020/06/21 3 29 558 29 0
97 2020/06/22 8 37 595 37 0
98 2020/06/23 3 40 635 40 0
99 2020/06/24 3 43 678 43 0
100 2020/06/25 11 54 732 54 0
101 2020/06/26 10 64 796 64 0
102 2020/06/27 5 69 865 69 0
103 2020/06/28 6 75 940 75 0
104 2020/06/29 15 90 1030 90 0
105 2020/06/30 5 95 1125 95 0
106 2020/07/01 9 104 1229 104 0
107 2020/07/02 6 110 1339 110 0
108 2020/07/03 8 118 1457 118 0
109 2020/07/04 6 124 1581 124 0
110 2020/07/05 1 125 1706 125 0
111 2020/07/06 10 135 1841 135 0
112 2020/07/07 9 144 1985 144 0
113 2020/07/08 32 176 2161 176 0
114 2020/07/09 13 189 2350 189 0
115 2020/07/10 8 197 2547 197 0
116 2020/07/11 6 203 2750 203 0
117 2020/07/12 5 208 2958 208 0
118 2020/07/13 33 241 3199 241 0
119 2020/07/14 6 247 3446 247 0
120 2020/07/15 11 258 3704 258 0
121 2020/07/16 6 264 3968 264 0
122 2020/07/17 8 272 4240 272 0
123 2020/07/18 2 274 4514 274 0
124 2020/07/19 5 279 4793 279 0
125 2020/07/20 10 289 5082 289 0
126 2020/07/21 11 300 5382 300 0
127 2020/07/22 24 324 5706 324 0
128 2020/07/23 7 331 6037 331 0
129 2020/07/24 8 339 6376 339 0
130 2020/07/25 3 342 6718 342 0
131 2020/07/26 7 349 7067 349 0
132 2020/07/27 8 357 7424 357 0
133 2020/07/28 7 364 7788 364 0
134 2020/07/29 7 371 8159 371 0
135 2020/07/30 4 375 8534 375 0
136 2020/07/31 3 378 8912 378 0
137 2020/08/01 10 388 9300 388 0
138 2020/08/02 1 389 9689 389 0
139 2020/08/03 5 394 10083 394 0
140 2020/08/04 4 398 10481 398 0
141 2020/08/05 5 403 10884 403 0
142 2020/08/06 4 407 11291 407 0
143 2020/08/07 3 410 11701 410 0
144 2020/08/08 1 411 12112 411 0
145 2020/08/09 1 412 12524 412 0
146 2020/08/10 4 416 12940 416 0
147 2020/08/11 2 418 13358 418 0
148 2020/08/12 5 423 13781 423 0
149 2020/08/13 5 428 14209 428 0
150 2020/08/14 0 428 14637 428 0
151 2020/08/15 2 430 15067 430 0
152 2020/08/16 1 431 15498 431 0
153 2020/08/17 2 433 15931 433 0
154 2020/08/18 3 436 16367 436 0
155 2020/08/19 1 437 16804 437 0
156 2020/08/20 1 438 17242 438 0
157 2020/08/21 2 440 17682 440 0
158 2020/08/22 2 442 18124 442 0
159 2020/08/23 4 446 18570 446 0
160 2020/08/24 7 453 19023 453 0
161 2020/08/25 4 457 19480 457 0
162 2020/08/26 7 464 19944 464 0
163 2020/08/27 6 470 20414 470 0
164 2020/08/28 2 472 20886 472 0
165 2020/08/29 1 473 21359 473 1
166 2020/08/30 3 476 21835 476 0
167 2020/08/31 1 477 22312 477 0
168 2020/09/01 1 478 22790 478 0
169 2020/09/02 4 482 23272 482 0
170 2020/09/03 4 486 23758 486 0
171 2020/09/04 2 488 24246 488 0
172 2020/09/05 2 490 24736 490 0
173 2020/09/06 4 494 25230 494 0
174 2020/09/07 4 498 25728 498 0
175 2020/09/08 1 499 26227 499 0
176 2020/09/09 2 501 26728 501 0
177 2020/09/10 5 506 27234 506 0
178 2020/09/11 3 509 27743 509 0
179 2020/09/12 1 510 28253 510 0
180 2020/09/13 3 513 28766 513 0
181 2020/09/14 4 517 29283 517 0
182 2020/09/15 1 518 29801 518 0
183 2020/09/16 6 524 30325 524 0
184 2020/09/17 2 526 30851 526 0
185 2020/09/18 2 528 31379 528 0
186 2020/09/19 0 528 31907 528 0
187 2020/09/20 0 528 32435 528 0
188 2020/09/21 2 530 32965 530 0
189 2020/09/22 1 531 33496 531 0
190 2020/09/23 2 533 34029 533 0
191 2020/09/24 1 534 34563 534 0
192 2020/09/25 0 534 35097 534 0
193 2020/09/26 0 534 35631 534 0
194 2020/09/27 0 534 36165 534 0
195 2020/09/28 1 535 36700 535 0
196 2020/09/29 1 536 37236 536 0
197 2020/09/30 0 536 37772 536 0
198 2020/10/01 1 537 38309 537 0
199 2020/10/02 0 537 38846 537 0
200 2020/10/03 1 538 39384 538 0
201 2020/10/04 1 539 39923 539 0
202 2020/10/05 1 540 40463 540 0
203 2020/10/06 0 540 41003 540 0
204 2020/10/07 1 541 41544 541 0
205 2020/10/08 1 542 42086 542 0
206 2020/10/09 0 542 42628 542 0
207 2020/10/10 0 542 43170 542 0
208 2020/10/11 0 542 43712 542 0
209 2020/10/12 2 544 44256 544 0
210 2020/10/13 0 544 44800 544 0
211 2020/10/14 0 544 45344 544 0
212 2020/10/15 0 544 45888 544 0
213 2020/10/16 1 545 46433 545 0
214 2020/10/17 1 546 46979 546 0
215 2020/10/18 1 547 47526 547 0
216 2020/10/19 2 549 48075 549 0
217 2020/10/20 0 549 48624 549 0
218 2020/10/21 3 552 49176 552 0
219 2020/10/22 0 552 49728 552 0
220 2020/10/23 0 552 50280 552 0
221 2020/10/24 0 552 50832 552 0
222 2020/10/25 5 557 51389 557 0
223 2020/10/26 4 561 51950 561 0
224 2020/10/27 2 563 52513 563 0
225 2020/10/28 5 568 53081 568 0
226 2020/10/29 3 571 53652 571 0
227 2020/10/30 4 575 54227 575 0
228 2020/10/31 2 577 54804 577 0
229 2020/11/01 2 579 55383 579 0
230 2020/11/02 2 581 55964 581 0
231 2020/11/03 5 586 56550 586 0
232 2020/11/04 5 591 57141 591 1
233 2020/11/05 2 593 57734 593 0
234 2020/11/06 4 597 58331 597 0
235 2020/11/07 2 599 58930 599 0
236 2020/11/08 0 599 59529 599 0
237 2020/11/09 3 602 60131 602 0
238 2020/11/10 6 608 60739 608 0
239 2020/11/11 7 615 61354 615 0
240 2020/11/12 6 621 61975 621 0
241 2020/11/13 5 626 62601 626 0
242 2020/11/14 8 634 63235 634 0
243 2020/11/15 12 646 63881 646 0
244 2020/11/16 9 655 64536 655 0
245 2020/11/17 9 664 65200 664 0
246 2020/11/18 11 675 65875 675 0
247 2020/11/19 12 687 66562 687 0
248 2020/11/20 18 705 67267 705 0
249 2020/11/21 8 713 67980 713 0
250 2020/11/22 9 722 68702 722 0
251 2020/11/23 18 740 69442 740 0
252 2020/11/24 14 754 70196 754 0
253 2020/11/25 19 773 70969 773 0
254 2020/11/26 17 790 71759 790 0
255 2020/11/27 14 804 72563 804 0
256 2020/11/28 17 821 73384 821 0
257 2020/11/29 9 830 74214 830 0
258 2020/11/30 28 858 75072 858 0
259 2020/12/01 27 885 75957 885 0
260 2020/12/02 19 904 76861 904 0
261 2020/12/03 16 920 77781 920 0
262 2020/12/04 13 933 78714 933 0
263 2020/12/05 14 947 79661 947 0
264 2020/12/06 17 964 80625 964 1
265 2020/12/07 17 981 81606 981 0
266 2020/12/08 25 1006 82612 1006 0
267 2020/12/09 17 1023 83635 1023 0
268 2020/12/10 15 1038 84673 1038 0
269 2020/12/11 23 1061 85734 1061 0
270 2020/12/12 10 1071 86805 1071 0
271 2020/12/13 20 1091 87896 1091 0
272 2020/12/14 16 1107 89003 1107 0
273 2020/12/15 24 1131 90134 1131 0
274 2020/12/16 13 1144 91278 1144 0
275 2020/12/17 12 1156 92434 1156 0
276 2020/12/18 7 1163 93597 1163 0
277 2020/12/19 8 1171 94768 1171 0
278 2020/12/20 5 1176 95944 1176 0
279 2020/12/21 25 1201 97145 1201 0
280 2020/12/22 24 1225 98370 1225 0
281 2020/12/23 32 1257 99627 1257 0
282 2020/12/24 11 1268 100895 1268 0
283 2020/12/25 5 1273 102168 1273 0
284 2020/12/26 12 1285 103453 1285 0
285 2020/12/27 10 1295 104748 1295 0
286 2020/12/28 28 1323 106071 1323 0
287 2020/12/29 25 1348 107419 1348 0
288 2020/12/30 22 1370 108789 1370 0
289 2020/12/31 16 1386 110175 1386 0
290 2021/01/01 8 1394 111569 1394 0
291 2021/01/02 9 1403 112972 1403 0
292 2021/01/03 10 1413 114385 1413 0
293 2021/01/04 29 1442 115827 1442 0
294 2021/01/05 25 1467 117294 1467 0
295 2021/01/06 25 1492 118786 1492 0
296 2021/01/07 20 1512 120298 1512 0
297 2021/01/08 12 1524 121822 1524 0
298 2021/01/09 13 1537 123359 1537 0
299 2021/01/10 6 1543 124902 1543 0
300 2021/01/11 24 1567 126469 1567 0
301 2021/01/12 18 1585 128054 1585 0
302 2021/01/13 12 1597 129651 1597 0
303 2021/01/14 11 1608 131259 1608 0
304 2021/01/15 15 1623 132882 1623 0
305 2021/01/16 11 1634 134516 1634 0
306 2021/01/17 12 1646 136162 1646 0
307 2021/01/18 13 1659 137821 1659 0
308 2021/01/19 17 1676 139497 1676 0
309 2021/01/20 22 1698 141195 1698 0
310 2021/01/21 16 1714 142909 1714 0
311 2021/01/22 7 1721 144630 1721 0
312 2021/01/23 2 1723 146353 1723 0
313 2021/01/24 4 1727 148080 1727 0
314 2021/01/25 11 1738 149818 1738 0
315 2021/01/26 12 1750 151568 1750 0
316 2021/01/27 7 1757 153325 1757 0
317 2021/01/28 6 1763 155088 1763 0
318 2021/01/29 7 1770 156858 1770 0
319 2021/01/30 4 1774 158632 1774 0
320 2021/01/31 2 1776 160408 1776 0
321 2021/02/01 7 1783 162191 1783 0
322 2021/02/02 5 1788 163979 1788 0
323 2021/02/03 8 1796 165775 1796 0
324 2021/02/04 5 1801 167576 1801 0
325 2021/02/05 4 1805 169381 1805 0
326 2021/02/06 4 1809 171190 1809 0
327 2021/02/07 2 1811 173001 1811 0
328 2021/02/08 11 1822 174823 1822 0
329 2021/02/09 8 1830 176653 1830 0
330 2021/02/10 9 1839 178492 1839 0
331 2021/02/11 7 1846 180338 1846 0
332 2021/02/12 5 1851 182189 1851 0
333 2021/02/13 0 1851 184040 1851 0
334 2021/02/14 0 1851 185891 1851 0
335 2021/02/15 4 1855 187746 1855 0
336 2021/02/16 0 1855 189601 1855 0
337 2021/02/17 3 1858 191459 1858 0
338 2021/02/18 3 1861 193320 1861 0
339 2021/02/19 2 1863 195183 1863 0
340 2021/02/20 0 1863 197046 1863 0
341 2021/02/21 1 1864 198910 1864 0
342 2021/02/22 1 1865 200775 1865 0
343 2021/02/23 0 1865 202640 1865 0
344 2021/02/24 3 1868 204508 1868 0
345 2021/02/25 2 1870 206378 1870 0
346 2021/02/26 3 1873 208251 1873 0
347 2021/02/27 0 1873 210124 1873 0
348 2021/02/28 1 1874 211998 1874 0
349 2021/03/01 0 1874 213872 1874 0
350 2021/03/02 1 1875 215747 1875 0
351 2021/03/03 0 1875 217622 1875 0
352 2021/03/04 1 1876 219498 1876 0
353 2021/03/05 2 1878 221376 1878 0
354 2021/03/06 0 1878 223254 1878 1
355 2021/03/07 2 1880 225134 1880 0
356 2021/03/08 0 1880 227014 1880 1
357 2021/03/09 0 1880 228894 1880 0
358 2021/03/10 0 1880 230774 1880 0
359 2021/03/11 0 1880 232654 1880 0
360 2021/03/12 0 1880 234534 1880 0
361 2021/03/13 0 1880 236414 1880 1
362 2021/03/14 0 1880 238294 1880 0
363 2021/03/15 0 1880 240174 1880 0
364 2021/03/16 0 1880 242054 1880 1
365 2021/03/17 1 1881 243935 1881 0
366 2021/03/18 1 1882 245817 1882 0
367 2021/03/19 0 1882 247699 1882 0
368 2021/03/20 1 1883 249582 1883 0
369 2021/03/21 0 1883 251465 1883 0
370 2021/03/22 0 1883 253348 1883 0
371 2021/03/23 1 1884 255232 1884 1
372 2021/03/24 2 1886 257118 1886 1
373 2021/03/25 0 1886 259004 1886 0
374 2021/03/26 0 1886 260890 1886 0
375 2021/03/27 0 1886 262776 1886 0
376 2021/03/28 0 1886 264662 1886 0
377 2021/03/29 1 1887 266549 1887 0
378 2021/03/30 0 1887 268436 1887 0
379 2021/03/31 1 1888 270324 1888 0
380 2021/04/01 0 1888 272212 1888 0
381 2021/04/02 3 1891 274103 1891 0
382 2021/04/03 0 1891 275994 1891 0
383 2021/04/04 0 1891 277885 1891 0
384 2021/04/05 1 1892 279777 1892 0
385 2021/04/06 0 1892 281669 1892 0
386 2021/04/07 2 1894 283563 1894 0
387 2021/04/08 4 1898 285461 1898 0
388 2021/04/09 1 1899 287360 1899 0
389 2021/04/10 0 1899 289259 1899 0
390 2021/04/11 0 1899 291158 1899 0
391 2021/04/12 1 1900 293058 1900 0
392 2021/04/13 2 1902 294960 1902 0
393 2021/04/14 2 1904 296864 1904 0
394 2021/04/15 0 1904 298768 1904 0
395 2021/04/16 2 1906 300674 1906 0
396 2021/04/17 2 1908 302582 1908 0
397 2021/04/18 0 1908 304490 1908 0
398 2021/04/19 4 1912 306402 1912 0
399 2021/04/20 0 1912 308314 1912 0
400 2021/04/21 0 1912 310226 1912 0
401 2021/04/22 2 1914 312140 1914 0
402 2021/04/23 2 1916 314056 1916 0
403 2021/04/24 1 1917 315973 1917 0
404 2021/04/25 1 1918 317891 1918 0
405 2021/04/26 1 1919 319810 1919 0
406 2021/04/27 0 1919 321729 1919 0
407 2021/04/28 1 1920 323649 1920 0
408 2021/04/29 3 1923 325572 1923 0
409 2021/04/30 0 1923 327495 1923 0
410 2021/05/01 0 1923 329418 1923 0
411 2021/05/02 1 1924 331342 1924 0
412 2021/05/03 1 1925 333267 1925 0
413 2021/05/04 1 1926 335193 1926 0
414 2021/05/05 1 1927 337120 1927 0
415 2021/05/06 1 1928 339048 1928 0
416 2021/05/07 0 1928 340976 1928 0
417 2021/05/08 0 1928 342904 1928 0
418 2021/05/09 0 1928 344832 1928 0
419 2021/05/10 1 1929 346761 1929 1
420 2021/05/11 0 1929 348690 1929 0
421 2021/05/12 1 1930 350620 1930 0
422 2021/05/13 2 1932 352552 1932 0
423 2021/05/14 1 1933 354485 1933 0
424 2021/05/15 1 1934 356419 1934 0
425 2021/05/16 0 1934 358353 1934 0
426 2021/05/17 2 1936 360289 1936 0
427 2021/05/18 0 1936 362225 1936 0
428 2021/05/19 0 1936 364161 1936 0
429 2021/05/20 0 1936 366097 1936 0
430 2021/05/21 1 1937 368034 1937 0
431 2021/05/22 0 1937 369971 1937 0
432 2021/05/23 4 1941 371912 1941 0
433 2021/05/24 0 1941 373853 1941 0
434 2021/05/25 0 1941 375794 1941 0
435 2021/05/26 1 1942 377736 1942 0
436 2021/05/27 1 1943 379679 1943 0
437 2021/05/28 3 1946 381625 1946 0
438 2021/05/29 0 1946 383571 1946 0
439 2021/05/30 3 1949 385520 1949 0
440 2021/05/31 0 1949 387469 1949 0
441 2021/06/01 0 1949 389418 1949 1
442 2021/06/02 1 1950 391368 1950 0
443 2021/06/03 1 1951 393319 1951 0
444 2021/06/04 0 1951 395270 1951 0
445 2021/06/05 0 1951 397221 1951 0
446 2021/06/06 0 1951 399172 1951 0
447 2021/06/07 2 1953 401125 1953 0
448 2021/06/08 1 1954 403079 1954 0
449 2021/06/09 0 1954 405033 1954 0
450 2021/06/10 0 1954 406987 1954 0
451 2021/06/11 2 1956 408943 1956 0
452 2021/06/12 1 1957 410900 1957 0
453 2021/06/13 0 1957 412857 1957 0
454 2021/06/14 0 1957 414814 1957 0
455 2021/06/15 1 1958 416772 1958 0
456 2021/06/16 0 1958 418730 1958 0
457 2021/06/17 0 1958 420688 1958 0
458 2021/06/18 1 1959 422647 1959 0
459 2021/06/19 1 1960 424607 1960 0
460 2021/06/20 0 1960 426567 1960 0
461 2021/06/21 0 1960 428527 1960 0
462 2021/06/22 1 1961 430488 1961 0
463 2021/06/23 1 1962 432450 1962 0
464 2021/06/24 1 1963 434413 1963 0
465 2021/06/25 1 1964 436377 1964 0
466 2021/06/26 0 1964 438341 1964 0
467 2021/06/27 0 1964 440305 1964 0
468 2021/06/28 0 1964 442269 1964 0
469 2021/06/29 0 1964 444233 1964 1
470 2021/06/30 1 1965 446198 1965 0
471 2021/07/01 2 1967 448165 1967 0
472 2021/07/02 0 1967 450132 1967 1
473 2021/07/03 0 1967 452099 1967 1
474 2021/07/04 0 1967 454066 1967 1
475 2021/07/05 0 1967 456033 1967 1
476 2021/07/06 1 1968 458001 1968 0
477 2021/07/07 0 1968 459969 1968 0
478 2021/07/08 0 1968 461937 1968 2
