dates I C D F E
1 2020/03/18 22 232 0 0 1
2 2020/03/19 21 253 0 0 1
3 2020/03/20 16 269 0 0 1
4 2020/03/21 29 298 0 0 1
5 2020/03/22 11 309 2 2 1
6 2020/03/23 26 335 2 0 1
7 2020/03/24 20 355 2 0 2
8 2020/03/25 13 368 3 1 1
9 2020/03/26 14 382 3 0 1
10 2020/03/27 10 392 3 0 1
11 2020/03/28 21 413 3 0 1
12 2020/03/29 23 436 3 0 3
13 2020/03/30 30 466 3 0 1
14 2020/03/31 26 492 3 0 1
15 2020/04/01 25 517 3 0 1
16 2020/04/02 44 561 4 1 1
17 2020/04/03 30 591 6 2 1
18 2020/04/04 23 614 6 0 1
19 2020/04/05 8 622 7 1 1
20 2020/04/06 17 639 7 0 1
21 2020/04/07 25 664 8 1 1
22 2020/04/08 20 684 9 1 1
23 2020/04/09 13 697 10 1 1
24 2020/04/10 43 740 12 2 1
25 2020/04/11 13 753 13 1 1
26 2020/04/12 9 762 13 0 1
27 2020/04/13 12 774 14 1 1
28 2020/04/14 16 790 16 2 1
29 2020/04/15 12 802 19 3 1
30 2020/04/16 22 824 21 2 1
31 2020/04/17 14 838 21 0 1
32 2020/04/18 9 847 23 2 1
33 2020/04/19 12 859 23 0 1
34 2020/04/20 14 873 24 1 1
35 2020/04/21 10 883 24 0 1
36 2020/04/22 14 897 24 0 1
37 2020/04/23 15 912 25 1 1
38 2020/04/24 21 933 26 1 1
39 2020/04/25 9 942 27 1 1
40 2020/04/26 14 956 29 2 1
41 2020/04/27 16 972 29 0 1
42 2020/04/28 12 984 29 0 1
43 2020/04/29 7 991 29 0 1
44 2020/04/30 19 1010 29 0 1
45 2020/05/01 22 1032 29 0 1
46 2020/05/02 14 1046 30 1 1
47 2020/05/03 17 1063 30 0 1
48 2020/05/04 16 1079 30 0 1
49 2020/05/05 18 1097 30 0 0
50 2020/05/06 18 1115 31 1 0
51 2020/05/07 21 1136 31 0 0
52 2020/05/08 14 1150 33 2 0
53 2020/05/09 12 1162 33 0 0
54 2020/05/10 14 1176 34 1 0
55 2020/05/11 14 1190 34 0 0
56 2020/05/12 14 1204 34 0 0
57 2020/05/13 31 1235 34 0 0
58 2020/05/14 22 1257 34 0 0
59 2020/05/15 26 1283 35 1 0
60 2020/05/16 18 1301 37 2 0
61 2020/05/17 18 1319 37 0 0
62 2020/05/18 38 1357 37 0 0
63 2020/05/19 31 1388 38 1 0
64 2020/05/20 23 1411 38 0 0
65 2020/05/21 30 1441 38 0 0
66 2020/05/22 36 1477 38 0 0
67 2020/05/23 12 1489 38 0 0
68 2020/05/24 11 1500 38 0 0
69 2020/05/25 28 1528 38 0 0
70 2020/05/26 32 1560 38 0 0
71 2020/05/27 35 1595 38 0 0
72 2020/05/28 40 1635 39 1 0
73 2020/05/29 39 1674 41 2 0
74 2020/05/30 16 1690 42 1 0
75 2020/05/31 15 1705 42 0 0
76 2020/06/01 34 1739 42 0 0
77 2020/06/02 36 1775 43 1 0
78 2020/06/03 32 1807 43 0 0
79 2020/06/04 48 1855 44 1 0
80 2020/06/05 58 1913 44 0 0
81 2020/06/06 15 1928 47 3 0
82 2020/06/07 21 1949 48 1 0
83 2020/06/08 51 2000 50 2 0
84 2020/06/09 43 2043 51 1 0
85 2020/06/10 40 2083 52 1 0
86 2020/06/11 44 2127 52 0 0
87 2020/06/12 54 2181 52 0 0
88 2020/06/13 37 2218 53 1 0
89 2020/06/14 36 2254 54 1 0
90 2020/06/15 69 2323 54 0 0
91 2020/06/16 77 2400 57 3 0
92 2020/06/17 91 2491 58 1 0
93 2020/06/18 97 2588 58 0 0
94 2020/06/19 105 2693 64 6 0
95 2020/06/20 80 2773 66 2 0
96 2020/06/21 58 2831 69 3 0
97 2020/06/22 126 2957 72 3 0
98 2020/06/23 142 3099 73 1 0
99 2020/06/24 127 3226 74 1 0
100 2020/06/25 154 3380 76 2 0
101 2020/06/26 185 3565 76 0 0
102 2020/06/27 113 3678 77 1 0
103 2020/06/28 95 3773 79 2 0
104 2020/06/29 190 3963 79 0 0
105 2020/06/30 163 4126 81 2 0
106 2020/07/01 206 4332 83 2 0
107 2020/07/02 212 4544 85 2 0
108 2020/07/03 182 4726 86 1 0
109 2020/07/04 134 4860 89 3 0
110 2020/07/05 147 5007 91 2 0
111 2020/07/06 240 5247 93 2 0
112 2020/07/07 230 5477 94 1 0
113 2020/07/08 238 5715 94 0 0
114 2020/07/09 246 5961 96 2 0
115 2020/07/10 243 6204 97 1 0
116 2020/07/11 143 6347 99 2 0
117 2020/07/12 116 6463 99 0 0
118 2020/07/13 272 6735 99 0 0
119 2020/07/14 273 7008 99 0 0
120 2020/07/15 236 7244 101 2 0
121 2020/07/16 231 7475 102 1 0
122 2020/07/17 212 7687 108 6 0
123 2020/07/18 148 7835 111 3 0
124 2020/07/19 135 7970 111 0 0
125 2020/07/20 291 8261 111 0 0
126 2020/07/21 208 8469 112 1 0
127 2020/07/22 242 8711 113 1 0
128 2020/07/23 226 8937 117 4 0
129 2020/07/24 201 9138 117 0 0
130 2020/07/25 146 9284 119 2 0
131 2020/07/26 145 9429 119 0 0
132 2020/07/27 237 9666 122 3 0
133 2020/07/28 222 9888 125 3 0
134 2020/07/29 222 10110 132 7 0
135 2020/07/30 203 10313 135 3 0
136 2020/07/31 185 10498 138 3 0
137 2020/08/01 148 10646 139 1 0
138 2020/08/02 133 10779 140 1 0
139 2020/08/03 238 11017 145 5 0
140 2020/08/04 196 11213 146 1 0
141 2020/08/05 166 11379 149 3 0
142 2020/08/06 164 11543 149 0 0
143 2020/08/07 194 11737 153 4 0
144 2020/08/08 149 11886 157 4 0
145 2020/08/09 109 11995 160 3 0
146 2020/08/10 227 12222 165 5 0
147 2020/08/11 153 12375 167 2 0
148 2020/08/12 189 12564 167 0 0
149 2020/08/13 144 12708 169 2 0
150 2020/08/14 154 12862 169 0 0
151 2020/08/15 112 12974 170 1 0
152 2020/08/16 96 13070 170 0 0
153 2020/08/17 186 13256 172 2 0
154 2020/08/18 138 13394 176 4 0
155 2020/08/19 120 13514 178 2 0
156 2020/08/20 112 13626 180 2 0
157 2020/08/21 128 13754 183 3 0
158 2020/08/22 90 13844 184 1 0
159 2020/08/23 87 13931 184 0 0
160 2020/08/24 160 14091 185 1 0
161 2020/08/25 116 14207 187 2 0
162 2020/08/26 138 14345 189 2 0
163 2020/08/27 138 14483 193 4 0
164 2020/08/28 100 14583 194 1 0
165 2020/08/29 71 14654 199 5 0
166 2020/08/30 73 14727 202 3 1
167 2020/08/31 139 14866 202 0 0
168 2020/09/01 127 14993 203 1 0
169 2020/09/02 94 15087 204 1 0
170 2020/09/03 88 15175 205 1 0
171 2020/09/04 107 15282 208 3 0
172 2020/09/05 80 15362 209 1 0
173 2020/09/06 76 15438 210 1 1
174 2020/09/07 80 15518 213 3 0
175 2020/09/08 113 15631 214 1 1
176 2020/09/09 128 15759 215 1 0
177 2020/09/10 86 15845 216 1 0
178 2020/09/11 70 15915 218 2 0
179 2020/09/12 53 15968 218 0 0
180 2020/09/13 73 16041 219 1 1
181 2020/09/14 105 16146 221 2 0
182 2020/09/15 125 16271 222 1 0
183 2020/09/16 103 16374 224 2 0
184 2020/09/17 86 16460 225 1 0
185 2020/09/18 90 16550 227 2 0
186 2020/09/19 85 16635 228 1 0
187 2020/09/20 63 16698 229 1 0
188 2020/09/21 134 16832 231 2 0
189 2020/09/22 88 16920 232 1 0
190 2020/09/23 90 17010 235 3 0
191 2020/09/24 64 17074 237 2 0
192 2020/09/25 82 17156 238 1 0
193 2020/09/26 59 17215 240 2 0
194 2020/09/27 42 17257 240 0 0
195 2020/09/28 102 17359 241 1 0
196 2020/09/29 65 17424 241 0 0
197 2020/09/30 55 17479 241 0 0
198 2020/10/01 69 17548 242 1 0
199 2020/10/02 62 17610 244 2 0
200 2020/10/03 43 17653 244 0 0
201 2020/10/04 50 17703 246 2 0
202 2020/10/05 65 17768 247 1 0
203 2020/10/06 77 17845 247 0 0
204 2020/10/07 79 17924 247 0 0
205 2020/10/08 70 17994 247 0 0
206 2020/10/09 60 18054 249 2 0
207 2020/10/10 50 18104 249 0 0
208 2020/10/11 36 18140 250 1 0
209 2020/10/12 82 18222 250 0 0
210 2020/10/13 75 18297 250 0 0
211 2020/10/14 58 18355 251 1 0
212 2020/10/15 57 18412 251 0 0
213 2020/10/16 67 18479 252 1 0
214 2020/10/17 53 18532 252 0 0
215 2020/10/18 53 18585 253 1 0
216 2020/10/19 99 18684 254 1 0
217 2020/10/20 98 18782 257 3 0
218 2020/10/21 92 18874 257 0 0
219 2020/10/22 74 18948 257 0 0
220 2020/10/23 72 19020 257 0 0
221 2020/10/24 71 19091 257 0 0
222 2020/10/25 67 19158 258 1 0
223 2020/10/26 101 19259 258 0 0
224 2020/10/27 96 19355 258 0 0
225 2020/10/28 105 19460 260 2 0
226 2020/10/29 87 19547 260 0 0
227 2020/10/30 99 19646 260 0 0
228 2020/10/31 72 19718 261 1 0
229 2020/11/01 106 19824 262 1 0
230 2020/11/02 174 19998 262 0 0
231 2020/11/03 154 20152 262 0 0
232 2020/11/04 155 20307 262 0 0
233 2020/11/05 165 20472 262 0 0
234 2020/11/06 182 20654 262 0 0
235 2020/11/07 149 20803 263 1 0
236 2020/11/08 102 20905 266 3 0
237 2020/11/09 170 21075 267 1 0
238 2020/11/10 173 21248 268 1 0
239 2020/11/11 206 21454 268 0 0
240 2020/11/12 219 21673 268 0 0
241 2020/11/13 208 21881 268 0 0
242 2020/11/14 172 22053 268 0 0
243 2020/11/15 139 22192 268 0 0
244 2020/11/16 299 22491 270 2 0
245 2020/11/17 267 22758 271 1 0
246 2020/11/18 273 23031 271 0 0
247 2020/11/19 267 23298 272 1 0
248 2020/11/20 270 23568 272 0 0
249 2020/11/21 186 23754 273 1 0
250 2020/11/22 154 23908 273 0 0
251 2020/11/23 305 24213 275 2 0
252 2020/11/24 271 24484 275 0 1
253 2020/11/25 354 24838 277 2 0
254 2020/11/26 155 24993 277 0 0
255 2020/11/27 334 25327 279 2 1
256 2020/11/28 259 25586 281 2 0
257 2020/11/29 334 25920 281 0 0
258 2020/11/30 503 26423 281 0 0
259 2020/12/01 576 26999 282 1 0
260 2020/12/02 574 27573 285 3 0
261 2020/12/03 457 28030 288 3 0
262 2020/12/04 498 28528 289 1 1
263 2020/12/05 341 28869 293 4 0
264 2020/12/06 293 29162 294 1 0
265 2020/12/07 606 29768 294 0 0
266 2020/12/08 613 30381 297 3 0
267 2020/12/09 702 31083 303 6 0
268 2020/12/10 704 31787 310 7 0
269 2020/12/11 682 32469 311 1 0
270 2020/12/12 429 32898 313 2 1
271 2020/12/13 343 33241 314 1 0
272 2020/12/14 727 33968 318 4 0
273 2020/12/15 698 34666 321 3 0
274 2020/12/16 653 35319 329 8 0
275 2020/12/17 554 35873 335 6 0
276 2020/12/18 521 36394 339 4 0
277 2020/12/19 281 36675 341 2 0
278 2020/12/20 310 36985 353 12 0
279 2020/12/21 586 37571 361 8 1
280 2020/12/22 747 38318 371 10 0
281 2020/12/23 623 38941 382 11 0
282 2020/12/24 398 39339 397 15 0
283 2020/12/25 245 39584 403 6 0
284 2020/12/26 472 40056 412 9 0
285 2020/12/27 462 40518 417 5 0
286 2020/12/28 919 41437 422 5 0
287 2020/12/29 931 42368 428 6 0
288 2020/12/30 803 43171 439 11 0
289 2020/12/31 582 43753 445 6 1
290 2021/01/01 372 44125 455 10 0
291 2021/01/02 474 44599 466 11 0
292 2021/01/03 522 45121 472 6 0
293 2021/01/04 892 46013 483 11 0
294 2021/01/05 852 46865 489 6 0
295 2021/01/06 880 47745 496 7 0
296 2021/01/07 802 48547 504 8 0
297 2021/01/08 777 49324 508 4 0
298 2021/01/09 525 49849 516 8 0
299 2021/01/10 346 50195 525 9 0
300 2021/01/11 786 50981 530 5 0
301 2021/01/12 673 51654 538 8 0
302 2021/01/13 645 52299 548 10 0
303 2021/01/14 575 52874 557 9 0
304 2021/01/15 554 53428 560 3 0
305 2021/01/16 325 53753 564 4 0
306 2021/01/17 257 54010 571 7 0
307 2021/01/18 493 54503 575 4 0
308 2021/01/19 520 55023 586 11 0
309 2021/01/20 497 55520 592 6 0
310 2021/01/21 454 55974 595 3 0
311 2021/01/22 415 56389 603 8 0
312 2021/01/23 240 56629 607 4 0
313 2021/01/24 211 56840 613 6 0
314 2021/01/25 389 57229 621 8 0
315 2021/01/26 362 57591 630 9 0
316 2021/01/27 280 57871 637 7 0
317 2021/01/28 299 58170 641 4 0
318 2021/01/29 244 58414 651 10 0
319 2021/01/30 174 58588 658 7 0
320 2021/01/31 185 58773 662 4 0
321 2021/02/01 331 59104 666 4 0
322 2021/02/02 245 59349 671 5 0
323 2021/02/03 279 59628 679 8 0
324 2021/02/04 239 59867 684 5 0
325 2021/02/05 190 60057 689 5 0
326 2021/02/06 161 60218 693 4 0
327 2021/02/07 146 60364 699 6 0
328 2021/02/08 236 60600 703 4 0
329 2021/02/09 208 60808 707 4 0
330 2021/02/10 188 60996 707 0 0
331 2021/02/11 172 61168 711 4 0
332 2021/02/12 167 61335 715 4 0
333 2021/02/13 150 61485 716 1 0
334 2021/02/14 120 61605 720 4 0
335 2021/02/15 148 61753 724 4 0
336 2021/02/16 175 61928 728 4 0
337 2021/02/17 147 62075 729 1 0
338 2021/02/18 139 62214 731 2 0
339 2021/02/19 111 62325 732 1 0
340 2021/02/20 107 62432 732 0 0
341 2021/02/21 89 62521 733 1 2
342 2021/02/22 164 62685 736 3 0
343 2021/02/23 135 62820 740 4 0
344 2021/02/24 133 62953 747 7 0
345 2021/02/25 108 63061 750 3 0
346 2021/02/26 102 63163 750 0 1
347 2021/02/27 82 63245 752 2 0
348 2021/02/28 71 63316 756 4 0
349 2021/03/01 127 63443 759 3 0
350 2021/03/02 107 63550 759 0 0
351 2021/03/03 111 63661 762 3 0
352 2021/03/04 98 63759 763 1 0
353 2021/03/05 98 63857 763 0 0
354 2021/03/06 80 63937 765 2 0
355 2021/03/07 60 63997 765 0 0
356 2021/03/08 97 64094 767 2 0
357 2021/03/09 93 64187 769 2 0
358 2021/03/10 93 64280 769 0 0
359 2021/03/11 98 64378 773 4 0
360 2021/03/12 73 64451 773 0 0
361 2021/03/13 75 64526 773 0 0
362 2021/03/14 60 64586 774 1 0
363 2021/03/15 104 64690 775 1 0
364 2021/03/16 60 64750 777 2 1
365 2021/03/17 81 64831 778 1 0
366 2021/03/18 70 64901 778 0 0
367 2021/03/19 73 64974 778 0 1
368 2021/03/20 59 65033 779 1 1
369 2021/03/21 60 65093 780 1 0
370 2021/03/22 82 65175 780 0 0
371 2021/03/23 95 65270 780 0 0
372 2021/03/24 99 65369 780 0 0
373 2021/03/25 80 65449 780 0 0
374 2021/03/26 67 65516 780 0 1
375 2021/03/27 60 65576 781 1 0
376 2021/03/28 69 65645 781 0 0
377 2021/03/29 74 65719 782 1 0
378 2021/03/30 68 65787 782 0 0
379 2021/03/31 88 65875 784 2 0
380 2021/04/01 85 65960 784 0 0
381 2021/04/02 60 66020 785 1 0
382 2021/04/03 64 66084 786 1 0
383 2021/04/04 72 66156 786 0 0
384 2021/04/05 106 66262 787 1 0
385 2021/04/06 67 66329 788 1 0
386 2021/04/07 77 66406 788 0 0
387 2021/04/08 86 66492 789 1 0
388 2021/04/09 110 66602 791 2 0
389 2021/04/10 93 66695 791 0 0
390 2021/04/11 61 66756 791 0 1
391 2021/04/12 109 66865 793 2 0
392 2021/04/13 80 66945 794 1 0
393 2021/04/14 89 67034 796 2 0
394 2021/04/15 86 67120 797 1 0
395 2021/04/16 74 67194 797 0 0
396 2021/04/17 54 67248 797 0 0
397 2021/04/18 48 67296 797 0 0
398 2021/04/19 104 67400 797 0 0
399 2021/04/20 77 67477 797 0 0
400 2021/04/21 83 67560 798 1 0
401 2021/04/22 66 67626 799 1 0
402 2021/04/23 71 67697 801 2 0
403 2021/04/24 54 67751 801 0 0
404 2021/04/25 69 67820 803 2 0
405 2021/04/26 92 67912 803 0 0
406 2021/04/27 68 67980 803 0 0
407 2021/04/28 69 68049 803 0 0
408 2021/04/29 60 68109 805 2 0
409 2021/04/30 55 68164 805 0 0
410 2021/05/01 48 68212 805 0 0
411 2021/05/02 52 68264 805 0 0
412 2021/05/03 86 68350 805 0 1
413 2021/05/04 59 68409 805 0 0
414 2021/05/05 79 68488 806 1 0
415 2021/05/06 65 68553 807 1 1
416 2021/05/07 55 68608 807 0 0
417 2021/05/08 46 68654 807 0 1
418 2021/05/09 33 68687 807 0 0
419 2021/05/10 64 68751 808 1 0
420 2021/05/11 63 68814 808 0 0
421 2021/05/12 60 68874 808 0 1
422 2021/05/13 59 68933 809 1 0
423 2021/05/14 48 68981 810 1 0
424 2021/05/15 42 69023 810 0 1
425 2021/05/16 46 69069 810 0 0
426 2021/05/17 68 69137 810 0 0
427 2021/05/18 55 69192 811 1 0
428 2021/05/19 57 69249 811 0 0
429 2021/05/20 47 69296 811 0 0
430 2021/05/21 45 69341 812 1 0
431 2021/05/22 43 69384 812 0 1
432 2021/05/23 33 69417 814 2 0
433 2021/05/24 46 69463 814 0 0
434 2021/05/25 39 69502 815 1 0
435 2021/05/26 52 69554 817 2 0
436 2021/05/27 37 69591 818 1 0
437 2021/05/28 41 69632 818 0 0
438 2021/05/29 36 69668 818 0 0
439 2021/05/30 33 69701 818 0 0
440 2021/05/31 34 69735 819 1 0
441 2021/06/01 37 69772 819 0 0
442 2021/06/02 57 69829 820 1 0
443 2021/06/03 51 69880 820 0 0
444 2021/06/04 55 69935 820 0 0
445 2021/06/05 35 69970 820 0 0
446 2021/06/06 29 69999 820 0 0
447 2021/06/07 65 70064 820 0 0
448 2021/06/08 56 70120 820 0 1
449 2021/06/09 49 70169 820 0 0
450 2021/06/10 37 70206 821 1 0
451 2021/06/11 54 70260 821 0 0
452 2021/06/12 33 70293 821 0 0
453 2021/06/13 31 70324 821 0 0
454 2021/06/14 54 70378 821 0 0
455 2021/06/15 53 70431 821 0 0
456 2021/06/16 62 70493 821 0 0
457 2021/06/17 52 70545 821 0 0
458 2021/06/18 39 70584 821 0 0
459 2021/06/19 42 70626 822 1 0
460 2021/06/20 34 70660 822 0 0
461 2021/06/21 57 70717 822 0 0
462 2021/06/22 70 70787 822 0 0
463 2021/06/23 56 70843 822 0 0
464 2021/06/24 65 70908 822 0 0
465 2021/06/25 59 70967 823 1 0
466 2021/06/26 36 71003 823 0 0
467 2021/06/27 43 71046 823 0 0
468 2021/06/28 87 71133 823 0 0
469 2021/06/29 74 71207 823 0 1
470 2021/06/30 74 71281 823 0 0
471 2021/07/01 64 71345 824 1 0
472 2021/07/02 71 71416 824 0 1
473 2021/07/03 70 71486 824 0 1
474 2021/07/04 59 71545 824 0 1
475 2021/07/05 106 71651 824 0 0
476 2021/07/06 126 71777 825 1 0
477 2021/07/07 128 71905 825 0 0
478 2021/07/08 144 72049 826 1 0
479 2021/07/09 128 72177 826 0 1
480 2021/07/10 125 72302 826 0 1
481 2021/07/11 99 72401 828 2 1
482 2021/07/12 209 72610 828 0 0
483 2021/07/13 202 72812 829 1 0
484 2021/07/14 224 73036 830 1 0
485 2021/07/15 225 73261 831 1 0
486 2021/07/16 214 73475 832 1 1
487 2021/07/17 189 73664 833 1 1
488 2021/07/18 180 73844 833 0 0
489 2021/07/19 315 74159 834 1 0
490 2021/07/20 308 74467 836 2 0
491 2021/07/21 285 74752 836 0 0
492 2021/07/22 267 75019 836 0 0
493 2021/07/23 336 75355 836 0 1
494 2021/07/24 257 75612 836 0 1
495 2021/07/25 225 75837 837 1 0
496 2021/07/26 485 76322 837 0 0
497 2021/07/27 500 76822 839 2 0
498 2021/07/28 489 77311 842 3 0
499 2021/07/29 484 77795 845 3 0
500 2021/07/30 438 78233 848 3 1
501 2021/07/31 241 78474 849 1 1
502 2021/08/01 280 78754 850 1 0
503 2021/08/02 436 79190 850 0 0
504 2021/08/03 507 79697 851 1 0
505 2021/08/04 482 80179 852 1 0
506 2021/08/05 504 80683 852 0 0
507 2021/08/06 427 81110 855 3 0
508 2021/08/07 294 81404 856 1 0
509 2021/08/08 295 81699 857 1 0
510 2021/08/09 523 82222 857 0 0
511 2021/08/10 542 82764 859 2 0
512 2021/08/11 537 83301 861 2 0
513 2021/08/12 497 83798 864 3 0
514 2021/08/13 481 84279 864 0 0
515 2021/08/14 313 84592 867 3 0
516 2021/08/15 250 84842 869 2 0
517 2021/08/16 459 85301 877 8 0
518 2021/08/17 522 85823 884 7 0
519 2021/08/18 445 86268 886 2 0
520 2021/08/19 493 86761 889 3 0
521 2021/08/20 437 87198 891 2 0
522 2021/08/21 274 87472 893 2 0
523 2021/08/22 256 87728 898 5 0
524 2021/08/23 538 88266 900 2 0
525 2021/08/24 376 88642 901 1 0
526 2021/08/25 363 89005 904 3 0
527 2021/08/26 385 89390 906 2 0
528 2021/08/27 358 89748 907 1 0
529 2021/08/28 198 89946 910 3 0
530 2021/08/29 213 90159 911 1 0
531 2021/08/30 293 90452 913 2 0
532 2021/08/31 258 90710 914 1 1
533 2021/09/01 290 91000 918 4 0
534 2021/09/02 226 91226 918 0 0
535 2021/09/03 179 91405 919 1 0
536 2021/09/04 151 91556 920 1 0
537 2021/09/05 112 91668 922 2 0
538 2021/09/06 183 91851 923 1 0
539 2021/09/07 284 92135 923 0 0
540 2021/09/08 258 92393 923 0 0
541 2021/09/09 264 92657 923 0 0
542 2021/09/10 197 92854 923 0 0
543 2021/09/11 105 92959 923 0 0
544 2021/09/12 111 93070 923 0 0
545 2021/09/13 249 93319 923 0 0
546 2021/09/14 226 93545 923 0 0
547 2021/09/15 172 93717 923 0 0
548 2021/09/16 162 93879 923 0 0
549 2021/09/17 141 94020 923 0 0
550 2021/09/18 72 94092 923 0 0
551 2021/09/19 47 94139 923 0 0
552 2021/09/20 127 94266 923 0 0
553 2021/09/21 58 94324 923 0 0
554 2021/09/22 11 94335 923 0 0
555 2021/09/23 0 94335 923 0 2
