dates I C D F E
1 2020/03/18 0 0 0 0 1
2 2020/03/19 0 0 0 0 1
3 2020/03/20 0 0 0 0 1
4 2020/03/21 0 0 0 0 1
5 2020/03/22 0 0 0 0 1
6 2020/03/23 0 0 0 0 1
7 2020/03/24 0 0 0 0 1
8 2020/03/25 0 0 0 0 1
9 2020/03/26 0 0 0 0 1
10 2020/03/27 0 0 0 0 1
11 2020/03/28 0 0 0 0 1
12 2020/03/29 0 0 0 0 1
13 2020/03/30 0 0 0 0 1
14 2020/03/31 1 1 0 0 1
15 2020/04/01 1 2 0 0 1
16 2020/04/02 0 2 0 0 1
17 2020/04/03 0 2 0 0 1
18 2020/04/04 0 2 0 0 1
19 2020/04/05 0 2 0 0 1
20 2020/04/06 0 2 0 0 1
21 2020/04/07 0 2 0 0 1
22 2020/04/08 0 2 0 0 1
23 2020/04/09 0 2 0 0 1
24 2020/04/10 0 2 0 0 1
25 2020/04/11 0 2 0 0 1
26 2020/04/12 0 2 0 0 1
27 2020/04/13 0 2 0 0 1
28 2020/04/14 0 2 0 0 1
29 2020/04/15 0 2 0 0 1
30 2020/04/16 0 2 0 0 1
31 2020/04/17 0 2 0 0 1
32 2020/04/18 0 2 0 0 1
33 2020/04/19 0 2 0 0 1
34 2020/04/20 0 2 0 0 1
35 2020/04/21 0 2 0 0 1
36 2020/04/22 0 2 0 0 1
37 2020/04/23 0 2 0 0 1
38 2020/04/24 0 2 0 0 1
39 2020/04/25 0 2 0 0 1
40 2020/04/26 1 3 0 0 1
41 2020/04/27 1 4 0 0 1
42 2020/04/28 0 4 0 0 1
43 2020/04/29 0 4 0 0 1
44 2020/04/30 0 4 0 0 1
45 2020/05/01 1 5 0 0 1
46 2020/05/02 0 5 0 0 1
47 2020/05/03 0 5 0 0 1
48 2020/05/04 0 5 0 0 1
49 2020/05/05 1 6 0 0 0
50 2020/05/06 0 6 0 0 0
51 2020/05/07 0 6 0 0 0
52 2020/05/08 1 7 0 0 0
53 2020/05/09 0 7 0 0 0
54 2020/05/10 0 7 0 0 0
55 2020/05/11 1 8 0 0 0
56 2020/05/12 2 10 0 0 0
57 2020/05/13 3 13 0 0 0
58 2020/05/14 1 14 0 0 0
59 2020/05/15 0 14 0 0 0
60 2020/05/16 5 19 0 0 0
61 2020/05/17 4 23 0 0 0
62 2020/05/18 0 23 0 0 0
63 2020/05/19 5 28 0 0 0
64 2020/05/20 3 31 0 0 0
65 2020/05/21 7 38 0 0 0
66 2020/05/22 3 41 0 0 0
67 2020/05/23 2 43 0 0 0
68 2020/05/24 0 43 0 0 0
69 2020/05/25 1 44 0 0 0
70 2020/05/26 0 44 0 0 0
71 2020/05/27 1 45 0 0 0
72 2020/05/28 0 45 0 0 0
73 2020/05/29 0 45 0 0 0
74 2020/05/30 0 45 0 0 0
75 2020/05/31 0 45 0 0 0
76 2020/06/01 0 45 0 0 0
77 2020/06/02 0 45 0 0 0
78 2020/06/03 0 45 0 0 0
79 2020/06/04 0 45 0 0 0
80 2020/06/05 0 45 0 0 0
81 2020/06/06 0 45 0 0 0
82 2020/06/07 0 45 0 0 0
83 2020/06/08 2 47 0 0 0
84 2020/06/09 0 47 0 0 0
85 2020/06/10 0 47 0 0 0
86 2020/06/11 0 47 0 0 0
87 2020/06/12 0 47 0 0 0
88 2020/06/13 0 47 0 0 0
89 2020/06/14 0 47 0 0 0
90 2020/06/15 0 47 0 0 0
91 2020/06/16 0 47 0 0 0
92 2020/06/17 0 47 0 0 0
93 2020/06/18 0 47 0 0 0
94 2020/06/19 0 47 0 0 0
95 2020/06/20 0 47 0 0 0
96 2020/06/21 0 47 0 0 0
97 2020/06/22 1 48 0 0 0
98 2020/06/23 0 48 0 0 0
99 2020/06/24 1 49 0 0 0
100 2020/06/25 6 55 0 0 0
101 2020/06/26 2 57 0 0 0
102 2020/06/27 1 58 0 0 0
103 2020/06/28 0 58 0 0 0
104 2020/06/29 1 59 0 0 0
105 2020/06/30 0 59 0 0 0
106 2020/07/01 0 59 0 0 0
107 2020/07/02 0 59 0 0 0
108 2020/07/03 1 60 0 0 0
109 2020/07/04 0 60 0 0 0
110 2020/07/05 0 60 0 0 0
111 2020/07/06 0 60 0 0 0
112 2020/07/07 1 61 0 0 0
113 2020/07/08 0 61 0 0 0
114 2020/07/09 2 63 0 0 0
115 2020/07/10 0 63 0 0 0
116 2020/07/11 0 63 0 0 0
117 2020/07/12 0 63 0 0 0
118 2020/07/13 12 75 0 0 0
119 2020/07/14 6 81 0 0 0
120 2020/07/15 1 82 0 0 0
121 2020/07/16 1 83 0 0 0
122 2020/07/17 0 83 0 0 0
123 2020/07/18 1 84 0 0 0
124 2020/07/19 0 84 0 0 0
125 2020/07/20 1 85 0 0 0
126 2020/07/21 0 85 0 0 0
127 2020/07/22 0 85 0 0 0
128 2020/07/23 0 85 0 0 0
129 2020/07/24 0 85 0 0 0
130 2020/07/25 0 85 0 0 0
131 2020/07/26 0 85 0 0 0
132 2020/07/27 2 87 0 0 0
133 2020/07/28 1 88 0 0 0
134 2020/07/29 1 89 0 0 0
135 2020/07/30 0 89 0 0 0
136 2020/07/31 0 89 0 0 0
137 2020/08/01 1 90 0 0 0
138 2020/08/02 0 90 0 0 0
139 2020/08/03 1 91 0 0 0
140 2020/08/04 4 95 0 0 0
141 2020/08/05 2 97 0 0 0
142 2020/08/06 1 98 0 0 0
143 2020/08/07 0 98 0 0 0
144 2020/08/08 0 98 0 0 0
145 2020/08/09 1 99 0 0 0
146 2020/08/10 0 99 0 0 0
147 2020/08/11 2 101 0 0 0
148 2020/08/12 1 102 0 0 0
149 2020/08/13 1 103 0 0 0
150 2020/08/14 1 104 0 0 0
151 2020/08/15 0 104 1 1 0
152 2020/08/16 0 104 1 0 0
153 2020/08/17 4 108 1 0 0
154 2020/08/18 4 112 1 0 0
155 2020/08/19 1 113 1 0 0
156 2020/08/20 0 113 1 0 0
157 2020/08/21 0 113 1 0 0
158 2020/08/22 0 113 1 0 0
159 2020/08/23 1 114 1 0 0
160 2020/08/24 0 114 1 0 0
161 2020/08/25 0 114 1 0 0
162 2020/08/26 1 115 1 0 0
163 2020/08/27 1 116 1 0 0
164 2020/08/28 0 116 1 0 0
165 2020/08/29 0 116 1 0 0
166 2020/08/30 0 116 1 0 0
167 2020/08/31 1 117 1 0 0
168 2020/09/01 0 117 1 0 0
169 2020/09/02 1 118 1 0 0
170 2020/09/03 1 119 1 0 0
171 2020/09/04 3 122 1 0 0
172 2020/09/05 0 122 1 0 0
173 2020/09/06 0 122 1 0 0
174 2020/09/07 0 122 1 0 0
175 2020/09/08 0 122 1 0 0
176 2020/09/09 0 122 1 0 1
177 2020/09/10 4 126 1 0 0
178 2020/09/11 1 127 1 0 0
179 2020/09/12 0 127 1 0 0
180 2020/09/13 1 128 1 0 0
181 2020/09/14 3 131 1 0 0
182 2020/09/15 3 134 1 0 0
183 2020/09/16 0 134 1 0 0
184 2020/09/17 0 134 1 0 0
185 2020/09/18 0 134 1 0 0
186 2020/09/19 0 134 1 0 0
187 2020/09/20 1 135 1 0 0
188 2020/09/21 2 137 1 0 0
189 2020/09/22 0 137 1 0 0
190 2020/09/23 0 137 1 0 0
191 2020/09/24 2 139 1 0 0
192 2020/09/25 4 143 1 0 0
193 2020/09/26 0 143 1 0 0
194 2020/09/27 0 143 1 0 0
195 2020/09/28 0 143 1 0 0
196 2020/09/29 0 143 1 0 0
197 2020/09/30 4 147 1 0 1
198 2020/10/01 1 148 1 0 0
199 2020/10/02 5 153 1 0 0
200 2020/10/03 1 154 1 0 0
201 2020/10/04 4 158 1 0 0
202 2020/10/05 4 162 1 0 0
203 2020/10/06 3 165 1 0 0
204 2020/10/07 0 165 1 0 0
205 2020/10/08 1 166 1 0 0
206 2020/10/09 0 166 1 0 0
207 2020/10/10 1 167 1 0 0
208 2020/10/11 0 167 1 0 0
209 2020/10/12 2 169 1 0 0
210 2020/10/13 0 169 1 0 0
211 2020/10/14 0 169 1 0 0
212 2020/10/15 1 170 1 0 0
213 2020/10/16 0 170 1 0 0
214 2020/10/17 0 170 1 0 0
215 2020/10/18 0 170 1 0 0
216 2020/10/19 0 170 1 0 0
217 2020/10/20 3 173 1 0 0
218 2020/10/21 1 174 1 0 0
219 2020/10/22 0 174 1 0 1
220 2020/10/23 1 175 1 0 0
221 2020/10/24 0 175 1 0 0
222 2020/10/25 1 176 1 0 0
223 2020/10/26 4 180 1 0 0
224 2020/10/27 0 180 1 0 0
225 2020/10/28 3 183 1 0 0
226 2020/10/29 3 186 1 0 0
227 2020/10/30 2 188 1 0 0
228 2020/10/31 1 189 1 0 0
229 2020/11/01 1 190 1 0 0
230 2020/11/02 4 194 1 0 0
231 2020/11/03 3 197 1 0 0
232 2020/11/04 1 198 1 0 0
233 2020/11/05 4 202 1 0 0
234 2020/11/06 2 204 1 0 0
235 2020/11/07 3 207 1 0 0
236 2020/11/08 4 211 1 0 0
237 2020/11/09 9 220 1 0 0
238 2020/11/10 6 226 1 0 0
239 2020/11/11 6 232 1 0 0
240 2020/11/12 7 239 1 0 0
241 2020/11/13 7 246 1 0 0
242 2020/11/14 2 248 1 0 0
243 2020/11/15 6 254 1 0 0
244 2020/11/16 16 270 1 0 0
245 2020/11/17 7 277 1 0 0
246 2020/11/18 5 282 1 0 0
247 2020/11/19 14 296 1 0 0
248 2020/11/20 8 304 1 0 0
249 2020/11/21 4 308 1 0 0
250 2020/11/22 5 313 1 0 0
251 2020/11/23 24 337 1 0 0
252 2020/11/24 22 359 1 0 0
253 2020/11/25 10 369 1 0 0
254 2020/11/26 1 370 1 0 0
255 2020/11/27 11 381 1 0 0
256 2020/11/28 6 387 1 0 0
257 2020/11/29 10 397 1 0 0
258 2020/11/30 6 403 1 0 0
259 2020/12/01 23 426 1 0 0
260 2020/12/02 28 454 1 0 0
261 2020/12/03 14 468 1 0 0
262 2020/12/04 4 472 1 0 0
263 2020/12/05 11 483 1 0 0
264 2020/12/06 6 489 1 0 0
265 2020/12/07 37 526 1 0 0
266 2020/12/08 12 538 1 0 0
267 2020/12/09 15 553 1 0 0
268 2020/12/10 14 567 1 0 1
269 2020/12/11 9 576 1 0 0
270 2020/12/12 6 582 1 0 0
271 2020/12/13 8 590 2 1 0
272 2020/12/14 53 643 2 0 0
273 2020/12/15 6 649 2 0 0
274 2020/12/16 11 660 2 0 0
275 2020/12/17 2 662 2 0 0
276 2020/12/18 5 667 2 0 0
277 2020/12/19 5 672 2 0 0
278 2020/12/20 2 674 2 0 0
279 2020/12/21 22 696 2 0 0
280 2020/12/22 11 707 2 0 0
281 2020/12/23 6 713 2 0 0
282 2020/12/24 7 720 2 0 0
283 2020/12/25 0 720 2 0 0
284 2020/12/26 3 723 2 0 0
285 2020/12/27 6 729 2 0 0
286 2020/12/28 23 752 2 0 0
287 2020/12/29 10 762 2 0 0
288 2020/12/30 7 769 2 0 0
289 2020/12/31 5 774 2 0 0
290 2021/01/01 1 775 2 0 0
291 2021/01/02 6 781 2 0 0
292 2021/01/03 2 783 2 0 0
293 2021/01/04 12 795 2 0 0
294 2021/01/05 9 804 2 0 0
295 2021/01/06 7 811 2 0 0
296 2021/01/07 6 817 2 0 0
297 2021/01/08 2 819 2 0 0
298 2021/01/09 2 821 2 0 0
299 2021/01/10 2 823 2 0 0
300 2021/01/11 3 826 2 0 0
301 2021/01/12 4 830 2 0 0
302 2021/01/13 4 834 2 0 0
303 2021/01/14 4 838 2 0 0
304 2021/01/15 6 844 2 0 0
305 2021/01/16 4 848 2 0 0
306 2021/01/17 5 853 2 0 0
307 2021/01/18 0 853 2 0 0
308 2021/01/19 1 854 2 0 0
309 2021/01/20 1 855 2 0 0
310 2021/01/21 1 856 2 0 0
311 2021/01/22 2 858 2 0 0
312 2021/01/23 1 859 2 0 0
313 2021/01/24 1 860 2 0 0
314 2021/01/25 5 865 2 0 0
315 2021/01/26 1 866 2 0 0
316 2021/01/27 1 867 2 0 0
317 2021/01/28 1 868 2 0 0
318 2021/01/29 1 869 2 0 0
319 2021/01/30 1 870 2 0 0
320 2021/01/31 1 871 2 0 0
321 2021/02/01 2 873 2 0 0
322 2021/02/02 4 877 2 0 0
323 2021/02/03 6 883 2 0 0
324 2021/02/04 5 888 2 0 0
325 2021/02/05 6 894 2 0 0
326 2021/02/06 1 895 2 0 0
327 2021/02/07 4 899 2 0 0
328 2021/02/08 4 903 2 0 0
329 2021/02/09 3 906 2 0 0
330 2021/02/10 6 912 3 1 0
331 2021/02/11 6 918 3 0 0
332 2021/02/12 5 923 3 0 0
333 2021/02/13 10 933 3 0 0
334 2021/02/14 2 935 3 0 0
335 2021/02/15 4 939 3 0 0
336 2021/02/16 4 943 3 0 0
337 2021/02/17 8 951 4 1 0
338 2021/02/18 6 957 4 0 0
339 2021/02/19 5 962 4 0 0
340 2021/02/20 5 967 5 1 0
341 2021/02/21 4 971 5 0 0
342 2021/02/22 6 977 5 0 0
343 2021/02/23 1 978 5 0 0
344 2021/02/24 2 980 5 0 0
345 2021/02/25 1 981 5 0 0
346 2021/02/26 10 991 5 0 0
347 2021/02/27 4 995 5 0 0
348 2021/02/28 2 997 5 0 0
349 2021/03/01 2 999 5 0 0
350 2021/03/02 5 1004 5 0 0
351 2021/03/03 7 1011 5 0 0
352 2021/03/04 3 1014 5 0 0
353 2021/03/05 8 1022 5 0 0
354 2021/03/06 4 1026 5 0 0
355 2021/03/07 5 1031 5 0 0
356 2021/03/08 5 1036 5 0 0
357 2021/03/09 5 1041 5 0 0
358 2021/03/10 8 1049 5 0 0
359 2021/03/11 2 1051 5 0 0
360 2021/03/12 5 1056 5 0 0
361 2021/03/13 6 1062 5 0 0
362 2021/03/14 4 1066 5 0 0
363 2021/03/15 14 1080 5 0 0
364 2021/03/16 3 1083 5 0 0
365 2021/03/17 8 1091 5 0 0
366 2021/03/18 4 1095 5 0 0
367 2021/03/19 9 1104 5 0 0
368 2021/03/20 6 1110 5 0 0
369 2021/03/21 1 1111 5 0 0
370 2021/03/22 15 1126 5 0 0
371 2021/03/23 6 1132 5 0 0
372 2021/03/24 5 1137 5 0 0
373 2021/03/25 5 1142 5 0 0
374 2021/03/26 6 1148 5 0 0
375 2021/03/27 3 1151 5 0 0
376 2021/03/28 10 1161 5 0 0
377 2021/03/29 7 1168 5 0 0
378 2021/03/30 5 1173 5 0 0
379 2021/03/31 8 1181 5 0 0
380 2021/04/01 9 1190 5 0 0
381 2021/04/02 5 1195 5 0 0
382 2021/04/03 3 1198 5 0 0
383 2021/04/04 5 1203 5 0 0
384 2021/04/05 7 1210 5 0 0
385 2021/04/06 2 1212 5 0 0
386 2021/04/07 5 1217 5 0 0
387 2021/04/08 2 1219 5 0 0
388 2021/04/09 6 1225 6 1 0
389 2021/04/10 1 1226 7 1 0
390 2021/04/11 3 1229 7 0 0
391 2021/04/12 6 1235 7 0 0
392 2021/04/13 3 1238 7 0 0
393 2021/04/14 5 1243 7 0 0
394 2021/04/15 0 1243 7 0 0
395 2021/04/16 7 1250 7 0 0
396 2021/04/17 1 1251 7 0 0
397 2021/04/18 0 1251 7 0 0
398 2021/04/19 0 1251 7 0 0
399 2021/04/20 2 1253 7 0 0
400 2021/04/21 1 1254 7 0 0
401 2021/04/22 4 1258 7 0 0
402 2021/04/23 5 1263 7 0 0
403 2021/04/24 1 1264 7 0 0
404 2021/04/25 5 1269 7 0 0
405 2021/04/26 6 1275 7 0 0
406 2021/04/27 9 1284 7 0 0
407 2021/04/28 12 1296 7 0 0
408 2021/04/29 8 1304 7 0 0
409 2021/04/30 4 1308 7 0 0
410 2021/05/01 12 1320 7 0 0
411 2021/05/02 1 1321 7 0 0
412 2021/05/03 7 1328 7 0 0
413 2021/05/04 5 1333 7 0 0
414 2021/05/05 0 1333 7 0 0
415 2021/05/06 3 1336 7 0 0
416 2021/05/07 8 1344 7 0 0
417 2021/05/08 5 1349 7 0 0
418 2021/05/09 3 1352 7 0 0
419 2021/05/10 7 1359 7 0 0
420 2021/05/11 3 1362 7 0 0
421 2021/05/12 2 1364 7 0 0
422 2021/05/13 2 1366 7 0 0
423 2021/05/14 2 1368 7 0 0
424 2021/05/15 0 1368 7 0 0
425 2021/05/16 5 1373 7 0 0
426 2021/05/17 3 1376 7 0 0
427 2021/05/18 5 1381 7 0 0
428 2021/05/19 3 1384 7 0 0
429 2021/05/20 2 1386 7 0 0
430 2021/05/21 0 1386 7 0 0
431 2021/05/22 1 1387 7 0 0
432 2021/05/23 1 1388 7 0 0
433 2021/05/24 4 1392 7 0 0
434 2021/05/25 1 1393 7 0 0
435 2021/05/26 0 1393 7 0 0
436 2021/05/27 0 1393 7 0 0
437 2021/05/28 0 1393 7 0 0
438 2021/05/29 1 1394 7 0 0
439 2021/05/30 0 1394 7 0 0
440 2021/05/31 1 1395 7 0 0
441 2021/06/01 3 1398 7 0 0
442 2021/06/02 1 1399 7 0 0
443 2021/06/03 2 1401 7 0 0
444 2021/06/04 2 1403 7 0 0
445 2021/06/05 0 1403 7 0 0
446 2021/06/06 0 1403 7 0 0
447 2021/06/07 5 1408 7 0 0
448 2021/06/08 0 1408 7 0 0
449 2021/06/09 2 1410 7 0 0
450 2021/06/10 3 1413 7 0 0
451 2021/06/11 0 1413 7 0 0
452 2021/06/12 0 1413 7 0 0
453 2021/06/13 0 1413 7 0 0
454 2021/06/14 2 1415 7 0 1
455 2021/06/15 0 1415 7 0 0
456 2021/06/16 1 1416 7 0 0
457 2021/06/17 3 1419 7 0 0
458 2021/06/18 2 1421 7 0 0
459 2021/06/19 0 1421 7 0 0
460 2021/06/20 1 1422 7 0 0
461 2021/06/21 4 1426 7 0 0
462 2021/06/22 4 1430 7 0 0
463 2021/06/23 3 1433 7 0 0
464 2021/06/24 4 1437 7 0 0
465 2021/06/25 1 1438 7 0 0
466 2021/06/26 0 1438 7 0 0
467 2021/06/27 1 1439 7 0 0
468 2021/06/28 3 1442 7 0 0
469 2021/06/29 0 1442 7 0 1
470 2021/06/30 1 1443 7 0 0
471 2021/07/01 5 1448 7 0 0
472 2021/07/02 1 1449 7 0 1
473 2021/07/03 0 1449 7 0 1
474 2021/07/04 3 1452 7 0 1
475 2021/07/05 3 1455 7 0 0
476 2021/07/06 4 1459 7 0 1
477 2021/07/07 4 1463 7 0 0
478 2021/07/08 5 1468 7 0 0
479 2021/07/09 2 1470 7 0 1
480 2021/07/10 4 1474 7 0 1
481 2021/07/11 2 1476 7 0 0
482 2021/07/12 4 1480 7 0 0
483 2021/07/13 3 1483 7 0 0
484 2021/07/14 2 1485 7 0 0
485 2021/07/15 1 1486 7 0 0
486 2021/07/16 3 1489 7 0 1
487 2021/07/17 2 1491 7 0 1
488 2021/07/18 8 1499 7 0 0
489 2021/07/19 9 1508 7 0 0
490 2021/07/20 12 1520 7 0 0
491 2021/07/21 9 1529 7 0 0
492 2021/07/22 10 1539 7 0 0
493 2021/07/23 16 1555 7 0 1
494 2021/07/24 8 1563 7 0 1
495 2021/07/25 10 1573 7 0 0
496 2021/07/26 20 1593 7 0 0
497 2021/07/27 20 1613 7 0 0
498 2021/07/28 20 1633 7 0 0
499 2021/07/29 31 1664 7 0 0
500 2021/07/30 22 1686 7 0 1
501 2021/07/31 16 1702 7 0 1
502 2021/08/01 22 1724 7 0 0
503 2021/08/02 29 1753 7 0 0
504 2021/08/03 27 1780 7 0 0
505 2021/08/04 27 1807 7 0 0
506 2021/08/05 19 1826 7 0 0
507 2021/08/06 21 1847 7 0 0
508 2021/08/07 18 1865 7 0 0
509 2021/08/08 17 1882 7 0 0
510 2021/08/09 21 1903 7 0 0
511 2021/08/10 12 1915 7 0 0
512 2021/08/11 8 1923 7 0 0
513 2021/08/12 0 1923 7 0 2
