dates I C D F E
1 2020/03/18 1 17 0 0 1
2 2020/03/19 1 18 0 0 1
3 2020/03/20 1 19 0 0 1
4 2020/03/21 1 20 0 0 1
5 2020/03/22 3 23 0 0 1
6 2020/03/23 2 25 0 0 1
7 2020/03/24 1 26 0 0 1
8 2020/03/25 0 26 0 0 1
9 2020/03/26 0 26 0 0 1
10 2020/03/27 1 27 0 0 1
11 2020/03/28 2 29 0 0 1
12 2020/03/29 1 30 0 0 2
13 2020/03/30 1 31 0 0 1
14 2020/03/31 0 31 0 0 1
15 2020/04/01 4 35 0 0 1
16 2020/04/02 1 36 0 0 1
17 2020/04/03 2 38 0 0 1
18 2020/04/04 2 40 0 0 1
19 2020/04/05 0 40 0 0 1
20 2020/04/06 1 41 0 0 1
21 2020/04/07 2 43 0 0 2
22 2020/04/08 1 44 0 0 1
23 2020/04/09 0 44 0 0 1
24 2020/04/10 1 45 0 0 1
25 2020/04/11 0 45 0 0 1
26 2020/04/12 0 45 0 0 2
27 2020/04/13 0 45 0 0 1
28 2020/04/14 2 47 0 0 1
29 2020/04/15 0 47 0 0 1
30 2020/04/16 2 49 0 0 1
31 2020/04/17 1 50 0 0 1
32 2020/04/18 0 50 0 0 1
33 2020/04/19 0 50 0 0 1
34 2020/04/20 0 50 0 0 1
35 2020/04/21 0 50 0 0 1
36 2020/04/22 0 50 0 0 1
37 2020/04/23 0 50 0 0 1
38 2020/04/24 1 51 0 0 1
39 2020/04/25 1 52 0 0 1
40 2020/04/26 1 53 0 0 1
41 2020/04/27 2 55 0 0 1
42 2020/04/28 1 56 0 0 1
43 2020/04/29 1 57 0 0 1
44 2020/04/30 2 59 0 0 1
45 2020/05/01 0 59 0 0 1
46 2020/05/02 0 59 0 0 1
47 2020/05/03 0 59 0 0 1
48 2020/05/04 2 61 0 0 1
49 2020/05/05 1 62 0 0 0
50 2020/05/06 2 64 0 0 1
51 2020/05/07 2 66 0 0 0
52 2020/05/08 1 67 0 0 0
53 2020/05/09 1 68 0 0 0
54 2020/05/10 3 71 0 0 0
55 2020/05/11 0 71 0 0 0
56 2020/05/12 0 71 0 0 0
57 2020/05/13 3 74 0 0 0
58 2020/05/14 1 75 0 0 0
59 2020/05/15 9 84 0 0 0
60 2020/05/16 0 84 0 0 0
61 2020/05/17 0 84 0 0 0
62 2020/05/18 0 84 0 0 0
63 2020/05/19 2 86 0 0 0
64 2020/05/20 3 89 0 0 0
65 2020/05/21 1 90 0 0 0
66 2020/05/22 1 91 0 0 0
67 2020/05/23 3 94 0 0 0
68 2020/05/24 0 94 0 0 0
69 2020/05/25 1 95 0 0 0
70 2020/05/26 8 103 0 0 0
71 2020/05/27 4 107 0 0 0
72 2020/05/28 1 108 0 0 0
73 2020/05/29 3 111 0 0 0
74 2020/05/30 1 112 0 0 0
75 2020/05/31 1 113 0 0 0
76 2020/06/01 4 117 0 0 0
77 2020/06/02 2 119 0 0 0
78 2020/06/03 1 120 0 0 0
79 2020/06/04 3 123 0 0 0
80 2020/06/05 2 125 0 0 0
81 2020/06/06 1 126 0 0 0
82 2020/06/07 3 129 0 0 0
83 2020/06/08 0 129 0 0 0
84 2020/06/09 3 132 0 0 0
85 2020/06/10 6 138 0 0 0
86 2020/06/11 3 141 0 0 0
87 2020/06/12 8 149 0 0 0
88 2020/06/13 0 149 0 0 0
89 2020/06/14 4 153 0 0 0
90 2020/06/15 4 157 0 0 0
91 2020/06/16 10 167 0 0 0
92 2020/06/17 6 173 0 0 0
93 2020/06/18 7 180 0 0 0
94 2020/06/19 4 184 0 0 0
95 2020/06/20 9 193 0 0 0
96 2020/06/21 5 198 0 0 0
97 2020/06/22 9 207 0 0 0
98 2020/06/23 9 216 0 0 0
99 2020/06/24 9 225 0 0 0
100 2020/06/25 16 241 0 0 0
101 2020/06/26 8 249 0 0 0
102 2020/06/27 8 257 0 0 0
103 2020/06/28 6 263 0 0 0
104 2020/06/29 12 275 0 0 0
105 2020/06/30 14 289 0 0 0
106 2020/07/01 13 302 0 0 0
107 2020/07/02 27 329 0 0 0
108 2020/07/03 11 340 0 0 0
109 2020/07/04 12 352 0 0 0
110 2020/07/05 20 372 0 0 0
111 2020/07/06 18 390 0 0 0
112 2020/07/07 15 405 0 0 0
113 2020/07/08 20 425 0 0 0
114 2020/07/09 21 446 0 0 0
115 2020/07/10 24 470 0 0 0
116 2020/07/11 18 488 0 0 0
117 2020/07/12 11 499 0 0 0
118 2020/07/13 22 521 0 0 0
119 2020/07/14 31 552 0 0 0
120 2020/07/15 15 567 0 0 0
121 2020/07/16 24 591 0 0 0
122 2020/07/17 17 608 1 1 0
123 2020/07/18 16 624 1 0 0
124 2020/07/19 3 627 1 0 0
125 2020/07/20 18 645 1 0 0
126 2020/07/21 23 668 1 0 0
127 2020/07/22 8 676 1 0 0
128 2020/07/23 13 689 1 0 0
129 2020/07/24 11 700 1 0 0
130 2020/07/25 22 722 1 0 0
131 2020/07/26 11 733 1 0 0
132 2020/07/27 18 751 1 0 0
133 2020/07/28 12 763 1 0 0
134 2020/07/29 15 778 1 0 0
135 2020/07/30 10 788 1 0 0
136 2020/07/31 7 795 1 0 0
137 2020/08/01 11 806 1 0 0
138 2020/08/02 3 809 1 0 0
139 2020/08/03 10 819 1 0 0
140 2020/08/04 11 830 1 0 0
141 2020/08/05 10 840 2 1 0
142 2020/08/06 8 848 2 0 0
143 2020/08/07 11 859 2 0 0
144 2020/08/08 5 864 2 0 0
145 2020/08/09 7 871 2 0 0
146 2020/08/10 8 879 2 0 0
147 2020/08/11 12 891 2 0 0
148 2020/08/12 7 898 2 0 0
149 2020/08/13 18 916 2 0 0
150 2020/08/14 5 921 2 0 0
151 2020/08/15 8 929 2 0 0
152 2020/08/16 5 934 2 0 0
153 2020/08/17 12 946 2 0 0
154 2020/08/18 3 949 2 0 0
155 2020/08/19 5 954 2 0 0
156 2020/08/20 6 960 2 0 0
157 2020/08/21 4 964 2 0 0
158 2020/08/22 4 968 2 0 0
159 2020/08/23 2 970 2 0 0
160 2020/08/24 13 983 2 0 0
161 2020/08/25 8 991 2 0 0
162 2020/08/26 3 994 2 0 0
163 2020/08/27 2 996 2 0 0
164 2020/08/28 4 1000 2 0 0
165 2020/08/29 6 1006 2 0 0
166 2020/08/30 3 1009 2 0 0
167 2020/08/31 10 1019 2 0 0
168 2020/09/01 7 1026 2 0 0
169 2020/09/02 8 1034 3 1 0
170 2020/09/03 4 1038 3 0 0
171 2020/09/04 4 1042 3 0 0
172 2020/09/05 4 1046 3 0 0
173 2020/09/06 0 1046 3 0 0
174 2020/09/07 2 1048 3 0 0
175 2020/09/08 11 1059 3 0 0
176 2020/09/09 3 1062 3 0 0
177 2020/09/10 1 1063 4 1 0
178 2020/09/11 3 1066 4 0 0
179 2020/09/12 3 1069 4 0 0
180 2020/09/13 7 1076 4 0 0
181 2020/09/14 5 1081 4 0 0
182 2020/09/15 4 1085 4 0 0
183 2020/09/16 5 1090 4 0 0
184 2020/09/17 8 1098 4 0 0
185 2020/09/18 9 1107 4 0 0
186 2020/09/19 13 1120 4 0 0
187 2020/09/20 6 1126 4 0 0
188 2020/09/21 15 1141 4 0 0
189 2020/09/22 9 1150 4 0 0
190 2020/09/23 19 1169 4 0 0
191 2020/09/24 14 1183 4 0 0
192 2020/09/25 9 1192 4 0 0
193 2020/09/26 4 1196 4 0 0
194 2020/09/27 5 1201 4 0 0
195 2020/09/28 15 1216 4 0 0
196 2020/09/29 7 1223 4 0 0
197 2020/09/30 9 1232 4 0 0
198 2020/10/01 12 1244 4 0 0
199 2020/10/02 4 1248 4 0 0
200 2020/10/03 7 1255 4 0 0
201 2020/10/04 7 1262 4 0 0
202 2020/10/05 4 1266 4 0 0
203 2020/10/06 4 1270 4 0 0
204 2020/10/07 4 1274 4 0 0
205 2020/10/08 8 1282 4 0 0
206 2020/10/09 1 1283 4 0 0
207 2020/10/10 4 1287 4 0 0
208 2020/10/11 2 1289 4 0 0
209 2020/10/12 9 1298 4 0 0
210 2020/10/13 3 1301 4 0 0
211 2020/10/14 9 1310 4 0 0
212 2020/10/15 6 1316 4 0 0
213 2020/10/16 5 1321 4 0 0
214 2020/10/17 6 1327 4 0 0
215 2020/10/18 4 1331 4 0 0
216 2020/10/19 9 1340 4 0 0
217 2020/10/20 21 1361 4 0 0
218 2020/10/21 6 1367 4 0 0
219 2020/10/22 12 1379 4 0 0
220 2020/10/23 10 1389 4 0 0
221 2020/10/24 9 1398 4 0 0
222 2020/10/25 16 1414 4 0 0
223 2020/10/26 15 1429 4 0 0
224 2020/10/27 14 1443 4 0 0
225 2020/10/28 13 1456 4 0 0
226 2020/10/29 12 1468 4 0 0
227 2020/10/30 22 1490 4 0 0
228 2020/10/31 13 1503 4 0 0
229 2020/11/01 9 1512 4 0 0
230 2020/11/02 16 1528 4 0 0
231 2020/11/03 24 1552 4 0 0
232 2020/11/04 22 1574 4 0 0
233 2020/11/05 15 1589 4 0 0
234 2020/11/06 24 1613 4 0 0
235 2020/11/07 26 1639 4 0 0
236 2020/11/08 25 1664 4 0 0
237 2020/11/09 38 1702 4 0 0
238 2020/11/10 41 1743 4 0 0
239 2020/11/11 61 1804 4 0 0
240 2020/11/12 46 1850 4 0 0
241 2020/11/13 46 1896 4 0 0
242 2020/11/14 45 1941 4 0 0
243 2020/11/15 44 1985 4 0 0
244 2020/11/16 62 2047 4 0 0
245 2020/11/17 61 2108 4 0 0
246 2020/11/18 59 2167 4 0 0
247 2020/11/19 87 2254 4 0 0
248 2020/11/20 74 2328 4 0 0
249 2020/11/21 95 2423 4 0 0
250 2020/11/22 49 2472 4 0 0
251 2020/11/23 111 2583 4 0 0
252 2020/11/24 121 2704 4 0 0
253 2020/11/25 105 2809 5 1 0
254 2020/11/26 36 2845 5 0 0
255 2020/11/27 81 2926 5 0 0
256 2020/11/28 72 2998 6 1 0
257 2020/11/29 68 3066 7 1 0
258 2020/11/30 129 3195 7 0 0
259 2020/12/01 174 3369 8 1 0
260 2020/12/02 145 3514 9 1 0
261 2020/12/03 100 3614 9 0 0
262 2020/12/04 126 3740 9 0 0
263 2020/12/05 88 3828 9 0 0
264 2020/12/06 64 3892 9 0 0
265 2020/12/07 138 4030 9 0 0
266 2020/12/08 179 4209 10 1 0
267 2020/12/09 124 4333 10 0 0
268 2020/12/10 136 4469 11 1 0
269 2020/12/11 118 4587 12 1 0
270 2020/12/12 82 4669 13 1 0
271 2020/12/13 75 4744 14 1 0
272 2020/12/14 98 4842 16 2 0
273 2020/12/15 155 4997 17 1 0
274 2020/12/16 105 5102 18 1 0
275 2020/12/17 122 5224 22 4 0
276 2020/12/18 142 5366 24 2 0
277 2020/12/19 60 5426 26 2 0
278 2020/12/20 66 5492 27 1 0
279 2020/12/21 130 5622 27 0 0
280 2020/12/22 145 5767 29 2 0
281 2020/12/23 121 5888 30 1 0
282 2020/12/24 74 5962 31 1 0
283 2020/12/25 26 5988 36 5 0
284 2020/12/26 64 6052 36 0 0
285 2020/12/27 55 6107 38 2 0
286 2020/12/28 213 6320 41 3 0
287 2020/12/29 156 6476 43 2 0
288 2020/12/30 128 6604 45 2 0
289 2020/12/31 99 6703 47 2 1
290 2021/01/01 52 6755 50 3 0
291 2021/01/02 88 6843 52 2 0
292 2021/01/03 55 6898 54 2 0
293 2021/01/04 129 7027 54 0 0
294 2021/01/05 133 7160 56 2 0
295 2021/01/06 118 7278 61 5 0
296 2021/01/07 112 7390 63 2 0
297 2021/01/08 100 7490 68 5 0
298 2021/01/09 70 7560 69 1 0
299 2021/01/10 32 7592 71 2 0
300 2021/01/11 87 7679 71 0 0
301 2021/01/12 93 7772 71 0 0
302 2021/01/13 84 7856 72 1 0
303 2021/01/14 94 7950 76 4 0
304 2021/01/15 73 8023 77 1 0
305 2021/01/16 48 8071 79 2 0
306 2021/01/17 22 8093 81 2 0
307 2021/01/18 56 8149 85 4 0
308 2021/01/19 68 8217 88 3 0
309 2021/01/20 61 8278 88 0 0
310 2021/01/21 46 8324 89 1 0
311 2021/01/22 49 8373 90 1 0
312 2021/01/23 33 8406 90 0 0
313 2021/01/24 16 8422 90 0 0
314 2021/01/25 36 8458 92 2 0
315 2021/01/26 23 8481 92 0 0
316 2021/01/27 26 8507 93 1 0
317 2021/01/28 25 8532 94 1 0
318 2021/01/29 13 8545 94 0 0
319 2021/01/30 17 8562 94 0 0
320 2021/01/31 20 8582 95 1 0
321 2021/02/01 36 8618 97 2 0
322 2021/02/02 39 8657 97 0 0
323 2021/02/03 40 8697 97 0 0
324 2021/02/04 20 8717 99 2 0
325 2021/02/05 26 8743 99 0 0
326 2021/02/06 20 8763 99 0 0
327 2021/02/07 7 8770 99 0 0
328 2021/02/08 29 8799 99 0 0
329 2021/02/09 31 8830 101 2 0
330 2021/02/10 25 8855 101 0 0
331 2021/02/11 30 8885 101 0 0
332 2021/02/12 21 8906 102 1 0
333 2021/02/13 16 8922 102 0 0
334 2021/02/14 11 8933 103 1 0
335 2021/02/15 28 8961 103 0 0
336 2021/02/16 16 8977 103 0 0
337 2021/02/17 9 8986 103 0 0
338 2021/02/18 11 8997 103 0 0
339 2021/02/19 14 9011 103 0 0
340 2021/02/20 9 9020 103 0 0
341 2021/02/21 11 9031 103 0 0
342 2021/02/22 18 9049 103 0 0
343 2021/02/23 17 9066 104 1 0
344 2021/02/24 13 9079 105 1 0
345 2021/02/25 12 9091 106 1 0
346 2021/02/26 16 9107 107 1 0
347 2021/02/27 6 9113 107 0 0
348 2021/02/28 4 9117 107 0 0
349 2021/03/01 11 9128 107 0 0
350 2021/03/02 24 9152 107 0 0
351 2021/03/03 8 9160 108 1 1
352 2021/03/04 10 9170 108 0 0
353 2021/03/05 15 9185 108 0 0
354 2021/03/06 5 9190 108 0 0
355 2021/03/07 4 9194 108 0 0
356 2021/03/08 2 9196 108 0 0
357 2021/03/09 3 9199 108 0 0
358 2021/03/10 7 9206 108 0 0
359 2021/03/11 12 9218 108 0 0
360 2021/03/12 14 9232 108 0 0
361 2021/03/13 9 9241 108 0 0
362 2021/03/14 8 9249 108 0 0
363 2021/03/15 10 9259 108 0 0
364 2021/03/16 6 9265 108 0 0
365 2021/03/17 17 9282 108 0 0
366 2021/03/18 10 9292 108 0 0
367 2021/03/19 13 9305 108 0 0
368 2021/03/20 9 9314 108 0 0
369 2021/03/21 6 9320 108 0 0
370 2021/03/22 10 9330 108 0 0
371 2021/03/23 16 9346 108 0 0
372 2021/03/24 10 9356 108 0 0
373 2021/03/25 6 9362 108 0 0
374 2021/03/26 10 9372 108 0 0
375 2021/03/27 5 9377 108 0 0
376 2021/03/28 14 9391 108 0 0
377 2021/03/29 15 9406 108 0 0
378 2021/03/30 20 9426 108 0 0
379 2021/03/31 19 9445 108 0 0
380 2021/04/01 17 9462 108 0 0
381 2021/04/02 9 9471 108 0 0
382 2021/04/03 13 9484 108 0 0
383 2021/04/04 9 9493 108 0 0
384 2021/04/05 19 9512 108 0 0
385 2021/04/06 15 9527 108 0 0
386 2021/04/07 30 9557 108 0 0
387 2021/04/08 21 9578 108 0 0
388 2021/04/09 16 9594 108 0 0
389 2021/04/10 22 9616 108 0 0
390 2021/04/11 12 9628 108 0 0
391 2021/04/12 14 9642 108 0 0
392 2021/04/13 17 9659 108 0 0
393 2021/04/14 26 9685 108 0 0
394 2021/04/15 15 9700 109 1 0
395 2021/04/16 14 9714 109 0 0
396 2021/04/17 20 9734 109 0 0
397 2021/04/18 15 9749 109 0 0
398 2021/04/19 23 9772 109 0 0
399 2021/04/20 17 9789 109 0 0
400 2021/04/21 28 9817 109 0 0
401 2021/04/22 17 9834 109 0 0
402 2021/04/23 11 9845 109 0 0
403 2021/04/24 17 9862 109 0 0
404 2021/04/25 11 9873 109 0 0
405 2021/04/26 16 9889 109 0 0
406 2021/04/27 21 9910 109 0 0
407 2021/04/28 29 9939 109 0 0
408 2021/04/29 24 9963 109 0 0
409 2021/04/30 19 9982 109 0 0
410 2021/05/01 14 9996 109 0 0
411 2021/05/02 14 10010 109 0 0
412 2021/05/03 15 10025 110 1 0
413 2021/05/04 18 10043 110 0 0
414 2021/05/05 11 10054 110 0 0
415 2021/05/06 11 10065 111 1 0
416 2021/05/07 7 10072 111 0 0
417 2021/05/08 13 10085 111 0 0
418 2021/05/09 14 10099 111 0 0
419 2021/05/10 14 10113 111 0 0
420 2021/05/11 14 10127 111 0 1
421 2021/05/12 6 10133 111 0 0
422 2021/05/13 9 10142 111 0 0
423 2021/05/14 2 10144 111 0 0
424 2021/05/15 7 10151 111 0 1
425 2021/05/16 12 10163 111 0 0
426 2021/05/17 16 10179 111 0 0
427 2021/05/18 17 10196 111 0 0
428 2021/05/19 11 10207 111 0 0
429 2021/05/20 5 10212 111 0 0
430 2021/05/21 10 10222 111 0 0
431 2021/05/22 4 10226 112 1 0
432 2021/05/23 6 10232 112 0 0
433 2021/05/24 6 10238 112 0 0
434 2021/05/25 10 10248 112 0 0
435 2021/05/26 7 10255 112 0 0
436 2021/05/27 4 10259 112 0 0
437 2021/05/28 1 10260 112 0 1
438 2021/05/29 3 10263 112 0 0
439 2021/05/30 1 10264 112 0 0
440 2021/05/31 3 10267 112 0 0
441 2021/06/01 5 10272 112 0 0
442 2021/06/02 6 10278 112 0 0
443 2021/06/03 4 10282 112 0 0
444 2021/06/04 6 10288 112 0 0
445 2021/06/05 4 10292 112 0 0
446 2021/06/06 2 10294 112 0 0
447 2021/06/07 7 10301 112 0 0
448 2021/06/08 5 10306 112 0 0
449 2021/06/09 5 10311 112 0 0
450 2021/06/10 3 10314 113 1 0
451 2021/06/11 7 10321 113 0 0
452 2021/06/12 3 10324 113 0 0
453 2021/06/13 4 10328 113 0 0
454 2021/06/14 10 10338 113 0 0
455 2021/06/15 9 10347 113 0 0
456 2021/06/16 9 10356 113 0 0
457 2021/06/17 6 10362 113 0 0
458 2021/06/18 10 10372 113 0 0
459 2021/06/19 2 10374 113 0 0
460 2021/06/20 1 10375 113 0 0
461 2021/06/21 14 10389 113 0 0
462 2021/06/22 6 10395 113 0 0
463 2021/06/23 5 10400 113 0 0
464 2021/06/24 9 10409 113 0 0
465 2021/06/25 7 10416 113 0 0
466 2021/06/26 6 10422 113 0 0
467 2021/06/27 8 10430 113 0 0
468 2021/06/28 12 10442 113 0 0
469 2021/06/29 10 10452 113 0 2
470 2021/06/30 14 10466 114 1 0
471 2021/07/01 22 10488 114 0 0
472 2021/07/02 12 10500 114 0 1
473 2021/07/03 8 10508 114 0 1
474 2021/07/04 7 10515 114 0 1
475 2021/07/05 10 10525 114 0 0
476 2021/07/06 25 10550 114 0 0
477 2021/07/07 17 10567 115 1 0
478 2021/07/08 20 10587 115 0 0
479 2021/07/09 17 10604 115 0 1
480 2021/07/10 14 10618 115 0 1
481 2021/07/11 15 10633 115 0 0
482 2021/07/12 27 10660 115 0 0
483 2021/07/13 29 10689 115 0 0
484 2021/07/14 17 10706 115 0 0
485 2021/07/15 26 10732 115 0 0
486 2021/07/16 27 10759 115 0 1
487 2021/07/17 19 10778 115 0 1
488 2021/07/18 25 10803 116 1 0
489 2021/07/19 37 10840 116 0 0
490 2021/07/20 30 10870 116 0 0
491 2021/07/21 40 10910 116 0 0
492 2021/07/22 34 10944 116 0 0
493 2021/07/23 26 10970 116 0 1
494 2021/07/24 21 10991 116 0 1
495 2021/07/25 18 11009 116 0 0
496 2021/07/26 44 11053 116 0 0
497 2021/07/27 54 11107 116 0 0
498 2021/07/28 56 11163 116 0 0
499 2021/07/29 40 11203 116 0 0
500 2021/07/30 51 11254 116 0 1
501 2021/07/31 23 11277 116 0 1
502 2021/08/01 28 11305 116 0 0
503 2021/08/02 72 11377 116 0 0
504 2021/08/03 85 11462 116 0 0
505 2021/08/04 26 11488 116 0 0
506 2021/08/05 10 11498 116 0 0
507 2021/08/06 0 11498 116 0 2
