dates I C D F E
1 2020/03/18 9 75 0 0 1
2 2020/03/19 9 84 0 0 1
3 2020/03/20 8 92 0 0 1
4 2020/03/21 3 95 0 0 1
5 2020/03/22 4 99 0 0 1
6 2020/03/23 18 117 0 0 1
7 2020/03/24 10 127 0 0 1
8 2020/03/25 18 145 0 0 1
9 2020/03/26 15 160 0 0 1
10 2020/03/27 9 169 0 0 1
11 2020/03/28 11 180 0 0 1
12 2020/03/29 10 190 0 0 2
13 2020/03/30 23 213 0 0 1
14 2020/03/31 24 237 0 0 1
15 2020/04/01 21 258 1 1 1
16 2020/04/02 19 277 1 0 1
17 2020/04/03 14 291 2 1 1
18 2020/04/04 12 303 2 0 1
19 2020/04/05 9 312 3 1 1
20 2020/04/06 32 344 3 0 1
21 2020/04/07 19 363 3 0 1
22 2020/04/08 15 378 5 2 1
23 2020/04/09 19 397 5 0 1
24 2020/04/10 20 417 6 1 1
25 2020/04/11 7 424 7 1 1
26 2020/04/12 10 434 7 0 1
27 2020/04/13 29 463 7 0 1
28 2020/04/14 22 485 7 0 1
29 2020/04/15 22 507 7 0 1
30 2020/04/16 24 531 7 0 1
31 2020/04/17 28 559 7 0 1
32 2020/04/18 22 581 7 0 1
33 2020/04/19 20 601 7 0 1
34 2020/04/20 36 637 7 0 1
35 2020/04/21 18 655 7 0 1
36 2020/04/22 34 689 7 0 1
37 2020/04/23 35 724 7 0 1
38 2020/04/24 35 759 7 0 1
39 2020/04/25 19 778 7 0 1
40 2020/04/26 30 808 8 1 1
41 2020/04/27 89 897 8 0 1
42 2020/04/28 103 1000 9 1 1
43 2020/04/29 49 1049 11 2 1
44 2020/04/30 49 1098 11 0 1
45 2020/05/01 62 1160 12 1 1
46 2020/05/02 27 1187 12 0 1
47 2020/05/03 18 1205 12 0 1
48 2020/05/04 89 1294 12 0 1
49 2020/05/05 65 1359 13 1 0
50 2020/05/06 66 1425 14 1 0
51 2020/05/07 57 1482 15 1 0
52 2020/05/08 76 1558 16 1 0
53 2020/05/09 32 1590 16 0 0
54 2020/05/10 36 1626 18 2 0
55 2020/05/11 75 1701 19 1 0
56 2020/05/12 80 1781 21 2 0
57 2020/05/13 78 1859 23 2 0
58 2020/05/14 86 1945 25 2 0
59 2020/05/15 52 1997 27 2 0
60 2020/05/16 65 2062 27 0 0
61 2020/05/17 54 2116 29 2 0
62 2020/05/18 96 2212 31 2 0
63 2020/05/19 70 2282 34 3 0
64 2020/05/20 100 2382 34 0 0
65 2020/05/21 72 2454 34 0 0
66 2020/05/22 88 2542 37 3 0
67 2020/05/23 57 2599 39 2 0
68 2020/05/24 20 2619 39 0 0
69 2020/05/25 66 2685 41 2 0
70 2020/05/26 100 2785 43 2 0
71 2020/05/27 84 2869 43 0 0
72 2020/05/28 86 2955 44 1 0
73 2020/05/29 80 3035 47 3 0
74 2020/05/30 48 3083 47 0 0
75 2020/05/31 61 3144 51 4 0
76 2020/06/01 157 3301 51 0 0
77 2020/06/02 94 3395 52 1 0
78 2020/06/03 110 3505 55 3 0
79 2020/06/04 97 3602 55 0 0
80 2020/06/05 106 3708 57 2 0
81 2020/06/06 64 3772 57 0 0
82 2020/06/07 52 3824 59 2 0
83 2020/06/08 130 3954 61 2 0
84 2020/06/09 125 4079 63 2 0
85 2020/06/10 152 4231 65 2 0
86 2020/06/11 176 4407 66 1 0
87 2020/06/12 155 4562 67 1 0
88 2020/06/13 136 4698 69 2 0
89 2020/06/14 98 4796 72 3 0
90 2020/06/15 183 4979 74 2 0
91 2020/06/16 210 5189 76 2 0
92 2020/06/17 238 5427 77 1 0
93 2020/06/18 224 5651 77 0 0
94 2020/06/19 266 5917 78 1 0
95 2020/06/20 162 6079 78 0 0
96 2020/06/21 125 6204 79 1 0
97 2020/06/22 570 6774 80 1 0
98 2020/06/23 532 7306 80 0 0
99 2020/06/24 648 7954 82 2 0
100 2020/06/25 330 8284 82 0 0
101 2020/06/26 313 8597 82 0 0
102 2020/06/27 225 8822 84 2 0
103 2020/06/28 246 9068 85 1 0
104 2020/06/29 360 9428 88 3 0
105 2020/06/30 347 9775 89 1 0
106 2020/07/01 447 10222 91 2 0
107 2020/07/02 433 10655 97 6 0
108 2020/07/03 457 11112 98 1 0
109 2020/07/04 304 11416 98 0 0
110 2020/07/05 316 11732 99 1 0
111 2020/07/06 565 12297 100 1 0
112 2020/07/07 466 12763 102 2 0
113 2020/07/08 452 13215 105 3 0
114 2020/07/09 415 13630 106 1 0
115 2020/07/10 456 14086 109 3 0
116 2020/07/11 332 14418 112 3 0
117 2020/07/12 257 14675 114 2 0
118 2020/07/13 425 15100 116 2 0
119 2020/07/14 425 15525 120 4 0
120 2020/07/15 420 15945 121 1 0
121 2020/07/16 473 16418 125 4 0
122 2020/07/17 511 16929 129 4 0
123 2020/07/18 298 17227 133 4 0
124 2020/07/19 249 17476 135 2 0
125 2020/07/20 522 17998 139 4 0
126 2020/07/21 442 18440 144 5 0
127 2020/07/22 398 18838 148 4 0
128 2020/07/23 359 19197 152 4 0
129 2020/07/24 356 19553 158 6 0
130 2020/07/25 226 19779 166 8 0
131 2020/07/26 186 19965 174 8 0
132 2020/07/27 390 20355 181 7 0
133 2020/07/28 346 20701 186 5 0
134 2020/07/29 334 21035 188 2 0
135 2020/07/30 291 21326 195 7 0
136 2020/07/31 335 21661 202 7 0
137 2020/08/01 219 21880 206 4 0
138 2020/08/02 137 22017 213 7 0
139 2020/08/03 275 22292 219 6 0
140 2020/08/04 294 22586 223 4 0
141 2020/08/05 282 22868 230 7 0
142 2020/08/06 241 23109 232 2 0
143 2020/08/07 296 23405 238 6 0
144 2020/08/08 160 23565 241 3 0
145 2020/08/09 135 23700 248 7 0
146 2020/08/10 306 24006 261 13 0
147 2020/08/11 278 24284 270 9 0
148 2020/08/12 320 24604 274 4 0
149 2020/08/13 230 24834 281 7 0
150 2020/08/14 224 25058 284 3 0
151 2020/08/15 134 25192 289 5 0
152 2020/08/16 116 25308 294 5 0
153 2020/08/17 218 25526 304 10 0
154 2020/08/18 205 25731 307 3 0
155 2020/08/19 219 25950 311 4 0
156 2020/08/20 190 26140 314 3 0
157 2020/08/21 182 26322 321 7 0
158 2020/08/22 170 26492 329 8 0
159 2020/08/23 98 26590 333 4 0
160 2020/08/24 202 26792 338 5 0
161 2020/08/25 185 26977 346 8 0
162 2020/08/26 187 27164 349 3 0
163 2020/08/27 148 27312 351 2 0
164 2020/08/28 179 27491 357 6 0
165 2020/08/29 134 27625 364 7 0
166 2020/08/30 55 27680 369 5 0
167 2020/08/31 124 27804 371 2 1
168 2020/09/01 217 28021 375 4 0
169 2020/09/02 145 28166 377 2 0
170 2020/09/03 146 28312 379 2 0
171 2020/09/04 118 28430 384 5 0
172 2020/09/05 105 28535 386 2 0
173 2020/09/06 68 28603 389 3 1
174 2020/09/07 64 28667 392 3 0
175 2020/09/08 93 28760 395 3 0
176 2020/09/09 119 28879 397 2 0
177 2020/09/10 102 28981 399 2 0
178 2020/09/11 120 29101 401 2 0
179 2020/09/12 80 29181 405 4 0
180 2020/09/13 69 29250 405 0 0
181 2020/09/14 107 29357 406 1 1
182 2020/09/15 85 29442 411 5 1
183 2020/09/16 105 29547 412 1 0
184 2020/09/17 104 29651 413 1 0
185 2020/09/18 109 29760 416 3 0
186 2020/09/19 64 29824 421 5 0
187 2020/09/20 73 29897 425 4 0
188 2020/09/21 114 30011 428 3 0
189 2020/09/22 101 30112 430 2 0
190 2020/09/23 94 30206 432 2 0
191 2020/09/24 93 30299 435 3 0
192 2020/09/25 104 30403 439 4 0
193 2020/09/26 58 30461 440 1 0
194 2020/09/27 67 30528 441 1 0
195 2020/09/28 105 30633 443 2 0
196 2020/09/29 82 30715 445 2 0
197 2020/09/30 94 30809 445 0 0
198 2020/10/01 91 30900 446 1 0
199 2020/10/02 80 30980 448 2 0
200 2020/10/03 83 31063 448 0 0
201 2020/10/04 59 31122 451 3 0
202 2020/10/05 123 31245 451 0 0
203 2020/10/06 116 31361 452 1 1
204 2020/10/07 142 31503 453 1 0
205 2020/10/08 122 31625 454 1 0
206 2020/10/09 105 31730 455 1 0
207 2020/10/10 73 31803 458 3 0
208 2020/10/11 63 31866 458 0 0
209 2020/10/12 137 32003 458 0 0
210 2020/10/13 133 32136 460 2 0
211 2020/10/14 120 32256 461 1 0
212 2020/10/15 112 32368 462 1 0
213 2020/10/16 93 32461 464 2 0
214 2020/10/17 75 32536 465 1 0
215 2020/10/18 54 32590 466 1 0
216 2020/10/19 124 32714 468 2 0
217 2020/10/20 108 32822 468 0 0
218 2020/10/21 102 32924 470 2 0
219 2020/10/22 94 33018 472 2 0
220 2020/10/23 108 33126 472 0 0
221 2020/10/24 67 33193 472 0 0
222 2020/10/25 61 33254 472 0 0
223 2020/10/26 128 33382 476 4 0
224 2020/10/27 112 33494 477 1 0
225 2020/10/28 114 33608 477 0 0
226 2020/10/29 119 33727 479 2 0
227 2020/10/30 155 33882 480 1 0
228 2020/10/31 120 34002 481 1 0
229 2020/11/01 136 34138 484 3 0
230 2020/11/02 254 34392 485 1 0
231 2020/11/03 266 34658 486 1 0
232 2020/11/04 263 34921 487 1 0
233 2020/11/05 225 35146 487 0 0
234 2020/11/06 233 35379 487 0 0
235 2020/11/07 188 35567 487 0 0
236 2020/11/08 153 35720 489 2 0
237 2020/11/09 332 36052 489 0 0
238 2020/11/10 308 36360 492 3 0
239 2020/11/11 267 36627 494 2 0
240 2020/11/12 318 36945 496 2 0
241 2020/11/13 343 37288 499 3 0
242 2020/11/14 247 37535 500 1 0
243 2020/11/15 250 37785 501 1 0
244 2020/11/16 506 38291 505 4 0
245 2020/11/17 484 38775 508 3 0
246 2020/11/18 594 39369 512 4 0
247 2020/11/19 437 39806 517 5 0
248 2020/11/20 444 40250 521 4 0
249 2020/11/21 291 40541 524 3 0
250 2020/11/22 255 40796 527 3 0
251 2020/11/23 480 41276 531 4 0
252 2020/11/24 447 41723 534 3 0
253 2020/11/25 401 42124 541 7 0
254 2020/11/26 232 42356 543 2 0
255 2020/11/27 400 42756 546 3 0
256 2020/11/28 406 43162 553 7 0
257 2020/11/29 344 43506 557 4 0
258 2020/11/30 945 44451 563 6 0
259 2020/12/01 1104 45555 567 4 0
260 2020/12/02 896 46451 572 5 0
261 2020/12/03 743 47194 582 10 0
262 2020/12/04 745 47939 592 10 0
263 2020/12/05 708 48647 605 13 0
264 2020/12/06 320 48967 620 15 0
265 2020/12/07 948 49915 627 7 0
266 2020/12/08 1466 51381 639 12 0
267 2020/12/09 1255 52636 646 7 0
268 2020/12/10 996 53632 660 14 0
269 2020/12/11 974 54606 676 16 0
270 2020/12/12 1007 55613 688 12 0
271 2020/12/13 350 55963 699 11 0
272 2020/12/14 1103 57066 714 15 0
273 2020/12/15 1019 58085 722 8 0
274 2020/12/16 1369 59454 730 8 0
275 2020/12/17 952 60406 740 10 0
276 2020/12/18 858 61264 757 17 0
277 2020/12/19 828 62092 774 17 0
278 2020/12/20 321 62413 787 13 0
279 2020/12/21 981 63394 798 11 0
280 2020/12/22 1146 64540 818 20 0
281 2020/12/23 1027 65567 833 15 0
282 2020/12/24 607 66174 847 14 0
283 2020/12/25 223 66397 858 11 0
284 2020/12/26 859 67256 876 18 0
285 2020/12/27 467 67723 894 18 0
286 2020/12/28 1238 68961 905 11 0
287 2020/12/29 1265 70226 927 22 0
288 2020/12/30 1369 71595 949 22 0
289 2020/12/31 839 72434 963 14 0
290 2021/01/01 417 72851 983 20 0
291 2021/01/02 1064 73915 995 12 0
292 2021/01/03 531 74446 1013 18 0
293 2021/01/04 1146 75592 1026 13 0
294 2021/01/05 1258 76850 1045 19 0
295 2021/01/06 1229 78079 1068 23 0
296 2021/01/07 842 78921 1088 20 0
297 2021/01/08 950 79871 1110 22 0
298 2021/01/09 813 80684 1121 11 0
299 2021/01/10 409 81093 1137 16 0
300 2021/01/11 810 81903 1150 13 0
301 2021/01/12 875 82778 1166 16 0
302 2021/01/13 863 83641 1179 13 0
303 2021/01/14 707 84348 1193 14 0
304 2021/01/15 632 84980 1210 17 0
305 2021/01/16 538 85518 1224 14 0
306 2021/01/17 271 85789 1238 14 0
307 2021/01/18 554 86343 1251 13 0
308 2021/01/19 608 86951 1261 10 0
309 2021/01/20 515 87466 1268 7 0
310 2021/01/21 421 87887 1285 17 0
311 2021/01/22 403 88290 1296 11 0
312 2021/01/23 335 88625 1307 11 0
313 2021/01/24 183 88808 1317 10 0
314 2021/01/25 437 89245 1327 10 0
315 2021/01/26 367 89612 1345 18 0
316 2021/01/27 354 89966 1358 13 0
317 2021/01/28 295 90261 1366 8 0
318 2021/01/29 286 90547 1372 6 0
319 2021/01/30 210 90757 1383 11 0
320 2021/01/31 177 90934 1394 11 0
321 2021/02/01 314 91248 1401 7 0
322 2021/02/02 328 91576 1411 10 0
323 2021/02/03 300 91876 1419 8 0
324 2021/02/04 217 92093 1423 4 0
325 2021/02/05 212 92305 1438 15 0
326 2021/02/06 204 92509 1443 5 0
327 2021/02/07 110 92619 1451 8 0
328 2021/02/08 224 92843 1462 11 0
329 2021/02/09 211 93054 1470 8 0
330 2021/02/10 235 93289 1478 8 0
331 2021/02/11 172 93461 1487 9 0
332 2021/02/12 152 93613 1490 3 0
333 2021/02/13 147 93760 1499 9 0
334 2021/02/14 107 93867 1506 7 0
335 2021/02/15 164 94031 1516 10 0
336 2021/02/16 199 94230 1521 5 0
337 2021/02/17 172 94402 1532 11 0
338 2021/02/18 132 94534 1537 5 0
339 2021/02/19 168 94702 1550 13 0
340 2021/02/20 130 94832 1558 8 0
341 2021/02/21 87 94919 1560 2 0
342 2021/02/22 146 95065 1567 7 0
343 2021/02/23 164 95229 1573 6 0
344 2021/02/24 161 95390 1582 9 0
345 2021/02/25 146 95536 1585 3 0
346 2021/02/26 142 95678 1588 3 0
347 2021/02/27 103 95781 1590 2 0
348 2021/02/28 73 95854 1591 1 0
349 2021/03/01 177 96031 1595 4 0
350 2021/03/02 137 96168 1598 3 0
351 2021/03/03 144 96312 1601 3 0
352 2021/03/04 141 96453 1603 2 0
353 2021/03/05 163 96616 1606 3 0
354 2021/03/06 106 96722 1609 3 0
355 2021/03/07 91 96813 1613 4 0
356 2021/03/08 175 96988 1616 3 1
357 2021/03/09 94 97082 1619 3 0
358 2021/03/10 118 97200 1621 2 0
359 2021/03/11 105 97305 1622 1 0
360 2021/03/12 114 97419 1622 0 0
361 2021/03/13 95 97514 1624 2 0
362 2021/03/14 59 97573 1625 1 0
363 2021/03/15 107 97680 1626 1 0
364 2021/03/16 125 97805 1628 2 0
365 2021/03/17 130 97935 1631 3 0
366 2021/03/18 110 98045 1633 2 0
367 2021/03/19 95 98140 1636 3 0
368 2021/03/20 81 98221 1637 1 0
369 2021/03/21 60 98281 1640 3 0
370 2021/03/22 111 98392 1642 2 0
371 2021/03/23 96 98488 1643 1 0
372 2021/03/24 111 98599 1647 4 0
373 2021/03/25 89 98688 1648 1 0
374 2021/03/26 116 98804 1650 2 0
375 2021/03/27 61 98865 1651 1 0
376 2021/03/28 52 98917 1651 0 0
377 2021/03/29 82 98999 1652 1 0
378 2021/03/30 83 99082 1653 1 0
379 2021/03/31 64 99146 1654 1 0
380 2021/04/01 90 99236 1655 1 0
381 2021/04/02 51 99287 1656 1 0
382 2021/04/03 54 99341 1658 2 0
383 2021/04/04 56 99397 1659 1 0
384 2021/04/05 74 99471 1659 0 0
385 2021/04/06 84 99555 1660 1 0
386 2021/04/07 64 99619 1661 1 0
387 2021/04/08 63 99682 1663 2 0
388 2021/04/09 63 99745 1665 2 0
389 2021/04/10 34 99779 1668 3 0
390 2021/04/11 33 99812 1670 2 0
391 2021/04/12 66 99878 1673 3 0
392 2021/04/13 61 99939 1673 0 0
393 2021/04/14 80 100019 1674 1 0
394 2021/04/15 57 100076 1677 3 0
395 2021/04/16 59 100135 1678 1 0
396 2021/04/17 49 100184 1678 0 0
397 2021/04/18 31 100215 1678 0 0
398 2021/04/19 57 100272 1680 2 0
399 2021/04/20 68 100340 1680 0 0
400 2021/04/21 57 100397 1680 0 0
401 2021/04/22 55 100452 1680 0 0
402 2021/04/23 44 100496 1680 0 0
403 2021/04/24 40 100536 1682 2 0
404 2021/04/25 31 100567 1682 0 0
405 2021/04/26 58 100625 1683 1 0
406 2021/04/27 55 100680 1685 2 0
407 2021/04/28 63 100743 1686 1 0
408 2021/04/29 46 100789 1687 1 0
409 2021/04/30 54 100843 1688 1 0
410 2021/05/01 46 100889 1688 0 0
411 2021/05/02 45 100934 1688 0 0
412 2021/05/03 71 101005 1689 1 0
413 2021/05/04 53 101058 1691 2 1
414 2021/05/05 54 101112 1692 1 0
415 2021/05/06 49 101161 1696 4 0
416 2021/05/07 41 101202 1699 3 0
417 2021/05/08 32 101234 1700 1 1
418 2021/05/09 35 101269 1700 0 0
419 2021/05/10 38 101307 1700 0 0
420 2021/05/11 31 101338 1702 2 0
421 2021/05/12 44 101382 1705 3 0
422 2021/05/13 47 101429 1705 0 1
423 2021/05/14 28 101457 1705 0 0
424 2021/05/15 28 101485 1706 1 0
425 2021/05/16 36 101521 1706 0 0
426 2021/05/17 44 101565 1708 2 0
427 2021/05/18 43 101608 1709 1 0
428 2021/05/19 36 101644 1710 1 0
429 2021/05/20 29 101673 1710 0 0
430 2021/05/21 20 101693 1710 0 0
431 2021/05/22 28 101721 1712 2 0
432 2021/05/23 14 101735 1714 2 0
433 2021/05/24 44 101779 1716 2 0
434 2021/05/25 39 101818 1717 1 0
435 2021/05/26 22 101840 1717 0 0
436 2021/05/27 31 101871 1718 1 0
437 2021/05/28 16 101887 1718 0 0
438 2021/05/29 14 101901 1718 0 0
439 2021/05/30 12 101913 1719 1 0
440 2021/05/31 17 101930 1720 1 0
441 2021/06/01 36 101966 1720 0 0
442 2021/06/02 19 101985 1721 1 0
443 2021/06/03 23 102008 1721 0 0
444 2021/06/04 16 102024 1723 2 0
445 2021/06/05 16 102040 1723 0 0
446 2021/06/06 9 102049 1723 0 0
447 2021/06/07 33 102082 1724 1 0
448 2021/06/08 26 102108 1724 0 0
449 2021/06/09 25 102133 1724 0 0
450 2021/06/10 18 102151 1725 1 0
451 2021/06/11 25 102176 1725 0 0
452 2021/06/12 17 102193 1725 0 0
453 2021/06/13 10 102203 1726 1 1
454 2021/06/14 30 102233 1726 0 0
455 2021/06/15 22 102255 1726 0 0
456 2021/06/16 30 102285 1726 0 0
457 2021/06/17 30 102315 1729 3 0
458 2021/06/18 26 102341 1729 0 0
459 2021/06/19 16 102357 1729 0 0
460 2021/06/20 14 102371 1729 0 0
461 2021/06/21 40 102411 1730 1 0
462 2021/06/22 19 102430 1731 1 0
463 2021/06/23 17 102447 1731 0 0
464 2021/06/24 30 102477 1731 0 0
465 2021/06/25 19 102496 1731 0 0
466 2021/06/26 16 102512 1733 2 0
467 2021/06/27 20 102532 1733 0 0
468 2021/06/28 27 102559 1733 0 0
469 2021/06/29 30 102589 1733 0 3
470 2021/06/30 34 102623 1733 0 0
471 2021/07/01 35 102658 1733 0 0
472 2021/07/02 38 102696 1734 1 1
473 2021/07/03 30 102726 1736 2 1
474 2021/07/04 24 102750 1736 0 1
475 2021/07/05 44 102794 1736 0 0
476 2021/07/06 56 102850 1737 1 0
477 2021/07/07 51 102901 1738 1 0
478 2021/07/08 50 102951 1738 0 0
479 2021/07/09 59 103010 1738 0 1
480 2021/07/10 52 103062 1738 0 1
481 2021/07/11 31 103093 1738 0 1
482 2021/07/12 98 103191 1740 2 0
483 2021/07/13 95 103286 1742 2 1
484 2021/07/14 77 103363 1742 0 0
485 2021/07/15 76 103439 1742 0 0
486 2021/07/16 94 103533 1742 0 1
487 2021/07/17 49 103582 1743 1 1
488 2021/07/18 68 103650 1744 1 0
489 2021/07/19 144 103794 1744 0 0
490 2021/07/20 121 103915 1744 0 0
491 2021/07/21 131 104046 1744 0 0
492 2021/07/22 133 104179 1744 0 0
493 2021/07/23 121 104300 1744 0 1
494 2021/07/24 114 104414 1744 0 1
495 2021/07/25 97 104511 1744 0 0
496 2021/07/26 218 104729 1744 0 0
497 2021/07/27 198 104927 1745 1 0
498 2021/07/28 293 105220 1746 1 1
499 2021/07/29 226 105446 1746 0 0
500 2021/07/30 231 105677 1746 0 1
501 2021/07/31 153 105830 1746 0 1
502 2021/08/01 104 105934 1746 0 0
503 2021/08/02 228 106162 1746 0 0
504 2021/08/03 218 106380 1746 0 0
505 2021/08/04 117 106497 1746 0 0
506 2021/08/05 43 106540 1746 0 0
507 2021/08/06 0 106540 1746 0 2
