dates I C D F E
1 2020/03/18 0 0 1 1 1
2 2020/03/19 0 0 2 1 1
3 2020/03/20 0 0 3 1 1
4 2020/03/21 1 1 5 2 1
5 2020/03/22 0 1 7 2 1
6 2020/03/23 0 1 9 2 1
7 2020/03/24 0 1 11 2 1
8 2020/03/25 0 1 13 2 1
9 2020/03/26 0 1 15 2 1
10 2020/03/27 0 1 17 2 1
11 2020/03/28 0 1 19 2 1
12 2020/03/29 0 1 21 2 2
13 2020/03/30 1 2 24 3 1
14 2020/03/31 0 2 27 3 1
15 2020/04/01 0 2 30 3 1
16 2020/04/02 0 2 33 3 1
17 2020/04/03 1 3 37 4 1
18 2020/04/04 0 3 41 4 1
19 2020/04/05 0 3 45 4 1
20 2020/04/06 0 3 49 4 1
21 2020/04/07 0 3 53 4 1
22 2020/04/08 0 3 57 4 1
23 2020/04/09 0 3 61 4 1
24 2020/04/10 0 3 65 4 1
25 2020/04/11 0 3 69 4 1
26 2020/04/12 0 3 73 4 1
27 2020/04/13 0 3 77 4 1
28 2020/04/14 0 3 81 4 1
29 2020/04/15 0 3 85 4 1
30 2020/04/16 0 3 89 4 1
31 2020/04/17 0 3 93 4 1
32 2020/04/18 0 3 97 4 1
33 2020/04/19 0 3 101 4 1
34 2020/04/20 0 3 105 4 1
35 2020/04/21 1 4 110 5 1
36 2020/04/22 0 4 115 5 1
37 2020/04/23 0 4 120 5 1
38 2020/04/24 0 4 125 5 1
39 2020/04/25 0 4 130 5 1
40 2020/04/26 0 4 135 5 1
41 2020/04/27 0 4 140 5 1
42 2020/04/28 0 4 145 5 1
43 2020/04/29 2 6 152 7 1
44 2020/04/30 0 6 159 7 1
45 2020/05/01 0 6 166 7 1
46 2020/05/02 0 6 173 7 1
47 2020/05/03 0 6 180 7 1
48 2020/05/04 1 7 188 8 2
49 2020/05/05 0 7 196 8 1
50 2020/05/06 0 7 204 8 0
51 2020/05/07 0 7 212 8 0
52 2020/05/08 0 7 220 8 0
53 2020/05/09 1 8 229 9 0
54 2020/05/10 1 9 239 10 0
55 2020/05/11 0 9 249 10 0
56 2020/05/12 0 9 259 10 0
57 2020/05/13 1 10 270 11 0
58 2020/05/14 1 11 282 12 0
59 2020/05/15 1 12 295 13 0
60 2020/05/16 0 12 308 13 0
61 2020/05/17 0 12 321 13 0
62 2020/05/18 0 12 334 13 0
63 2020/05/19 0 12 347 13 0
64 2020/05/20 0 12 360 13 0
65 2020/05/21 1 13 374 14 0
66 2020/05/22 1 14 389 15 0
67 2020/05/23 0 14 404 15 0
68 2020/05/24 0 14 419 15 0
69 2020/05/25 1 15 435 16 0
70 2020/05/26 0 15 451 16 0
71 2020/05/27 2 17 469 18 0
72 2020/05/28 0 17 487 18 0
73 2020/05/29 1 18 506 19 0
74 2020/05/30 0 18 525 19 0
75 2020/05/31 1 19 545 20 0
76 2020/06/01 1 20 566 21 0
77 2020/06/02 0 20 587 21 0
78 2020/06/03 1 21 609 22 0
79 2020/06/04 0 21 631 22 0
80 2020/06/05 3 24 656 25 0
81 2020/06/06 2 26 683 27 0
82 2020/06/07 2 28 712 29 0
83 2020/06/08 7 35 748 36 0
84 2020/06/09 2 37 786 38 0
85 2020/06/10 1 38 825 39 0
86 2020/06/11 3 41 867 42 0
87 2020/06/12 4 45 913 46 0
88 2020/06/13 3 48 962 49 0
89 2020/06/14 2 50 1013 51 0
90 2020/06/15 15 65 1079 66 0
91 2020/06/16 5 70 1150 71 0
92 2020/06/17 4 74 1225 75 0
93 2020/06/18 7 81 1307 82 0
94 2020/06/19 9 90 1398 91 0
95 2020/06/20 6 96 1495 97 0
96 2020/06/21 5 101 1597 102 0
97 2020/06/22 9 110 1708 111 0
98 2020/06/23 9 119 1828 120 0
99 2020/06/24 4 123 1952 124 0
100 2020/06/25 8 131 2084 132 0
101 2020/06/26 5 136 2221 137 0
102 2020/06/27 7 143 2365 144 0
103 2020/06/28 4 147 2513 148 0
104 2020/06/29 8 155 2669 156 0
105 2020/06/30 9 164 2834 165 0
106 2020/07/01 5 169 3004 170 0
107 2020/07/02 7 176 3181 177 0
108 2020/07/03 6 182 3364 183 0
109 2020/07/04 5 187 3552 188 0
110 2020/07/05 7 194 3747 195 0
111 2020/07/06 3 197 3945 198 0
112 2020/07/07 8 205 4151 206 0
113 2020/07/08 9 214 4366 215 0
114 2020/07/09 11 225 4592 226 0
115 2020/07/10 10 235 4828 236 0
116 2020/07/11 5 240 5069 241 0
117 2020/07/12 8 248 5318 249 0
118 2020/07/13 13 261 5580 262 0
119 2020/07/14 7 268 5849 269 0
120 2020/07/15 10 278 6128 279 0
121 2020/07/16 9 287 6416 288 0
122 2020/07/17 9 296 6713 297 0
123 2020/07/18 7 303 7017 304 0
124 2020/07/19 6 309 7327 310 0
125 2020/07/20 14 323 7651 324 0
126 2020/07/21 8 331 7983 332 0
127 2020/07/22 7 338 8322 339 0
128 2020/07/23 6 344 8667 345 0
129 2020/07/24 5 349 9017 350 0
130 2020/07/25 3 352 9370 353 0
131 2020/07/26 2 354 9725 355 0
132 2020/07/27 8 362 10088 363 0
133 2020/07/28 2 364 10453 365 0
134 2020/07/29 2 366 10820 367 0
135 2020/07/30 7 373 11194 374 0
136 2020/07/31 7 380 11575 381 0
137 2020/08/01 7 387 11963 388 0
138 2020/08/02 1 388 12352 389 0
139 2020/08/03 1 389 12742 390 0
140 2020/08/04 7 396 13139 397 0
141 2020/08/05 1 397 13537 398 0
142 2020/08/06 3 400 13938 401 0
143 2020/08/07 5 405 14344 406 0
144 2020/08/08 1 406 14751 407 0
145 2020/08/09 0 406 15158 407 0
146 2020/08/10 2 408 15567 409 0
147 2020/08/11 3 411 15979 412 1
148 2020/08/12 2 413 16393 414 0
149 2020/08/13 3 416 16810 417 0
150 2020/08/14 4 420 17231 421 0
151 2020/08/15 2 422 17654 423 0
152 2020/08/16 0 422 18077 423 0
153 2020/08/17 2 424 18502 425 0
154 2020/08/18 1 425 18928 426 0
155 2020/08/19 0 425 19354 426 0
156 2020/08/20 2 427 19782 428 0
157 2020/08/21 5 432 20215 433 0
158 2020/08/22 4 436 20652 437 0
159 2020/08/23 1 437 21090 438 0
160 2020/08/24 7 444 21535 445 0
161 2020/08/25 2 446 21982 447 0
162 2020/08/26 3 449 22432 450 0
163 2020/08/27 2 451 22884 452 0
164 2020/08/28 8 459 23344 460 0
165 2020/08/29 7 466 23811 467 0
166 2020/08/30 6 472 24284 473 0
167 2020/08/31 7 479 24764 480 0
168 2020/09/01 12 491 25256 492 0
169 2020/09/02 7 498 25755 499 0
170 2020/09/03 5 503 26259 504 0
171 2020/09/04 4 507 26767 508 0
172 2020/09/05 8 515 27283 516 0
173 2020/09/06 1 516 27800 517 0
174 2020/09/07 6 522 28323 523 0
175 2020/09/08 5 527 28851 528 0
176 2020/09/09 4 531 29383 532 0
177 2020/09/10 3 534 29918 535 0
178 2020/09/11 10 544 30463 545 0
179 2020/09/12 5 549 31013 550 0
180 2020/09/13 1 550 31564 551 0
181 2020/09/14 4 554 32119 555 0
182 2020/09/15 8 562 32682 563 0
183 2020/09/16 1 563 33246 564 0
184 2020/09/17 2 565 33812 566 0
185 2020/09/18 1 566 34379 567 0
186 2020/09/19 3 569 34949 570 0
187 2020/09/20 3 572 35522 573 0
188 2020/09/21 4 576 36099 577 0
189 2020/09/22 4 580 36680 581 0
190 2020/09/23 3 583 37264 584 0
191 2020/09/24 7 590 37855 591 0
192 2020/09/25 4 594 38450 595 0
193 2020/09/26 2 596 39047 597 0
194 2020/09/27 0 596 39644 597 0
195 2020/09/28 4 600 40245 601 0
196 2020/09/29 2 602 40848 603 0
197 2020/09/30 4 606 41455 607 0
198 2020/10/01 5 611 42067 612 0
199 2020/10/02 4 615 42683 616 0
200 2020/10/03 5 620 43304 621 0
201 2020/10/04 2 622 43927 623 0
202 2020/10/05 2 624 44552 625 0
203 2020/10/06 2 626 45179 627 0
204 2020/10/07 3 629 45809 630 0
205 2020/10/08 0 629 46439 630 0
206 2020/10/09 3 632 47072 633 0
207 2020/10/10 5 637 47710 638 0
208 2020/10/11 0 637 48348 638 0
209 2020/10/12 2 639 48988 640 0
210 2020/10/13 1 640 49629 641 0
211 2020/10/14 1 641 50271 642 0
212 2020/10/15 1 642 50914 643 0
213 2020/10/16 5 647 51562 648 0
214 2020/10/17 5 652 52215 653 0
215 2020/10/18 3 655 52871 656 0
216 2020/10/19 2 657 53529 658 0
217 2020/10/20 5 662 54192 663 0
218 2020/10/21 5 667 54860 668 0
219 2020/10/22 5 672 55533 673 0
220 2020/10/23 7 679 56213 680 0
221 2020/10/24 3 682 56896 683 0
222 2020/10/25 3 685 57582 686 0
223 2020/10/26 2 687 58270 688 0
224 2020/10/27 8 695 58966 696 0
225 2020/10/28 2 697 59664 698 0
226 2020/10/29 4 701 60366 702 0
227 2020/10/30 2 703 61070 704 0
228 2020/10/31 6 709 61780 710 0
229 2020/11/01 2 711 62492 712 0
230 2020/11/02 9 720 63213 721 0
231 2020/11/03 6 726 63940 727 0
232 2020/11/04 6 732 64673 733 0
233 2020/11/05 4 736 65410 737 0
234 2020/11/06 20 756 66167 757 0
235 2020/11/07 6 762 66930 763 0
236 2020/11/08 8 770 67701 771 0
237 2020/11/09 6 776 68478 777 0
238 2020/11/10 6 782 69261 783 0
239 2020/11/11 8 790 70052 791 0
240 2020/11/12 16 806 70859 807 0
241 2020/11/13 19 825 71685 826 0
242 2020/11/14 13 838 72524 839 0
243 2020/11/15 9 847 73372 848 0
244 2020/11/16 12 859 74232 860 0
245 2020/11/17 12 871 75104 872 0
246 2020/11/18 11 882 75987 883 0
247 2020/11/19 16 898 76886 899 0
248 2020/11/20 22 920 77807 921 0
249 2020/11/21 12 932 78740 933 0
250 2020/11/22 5 937 79678 938 0
251 2020/11/23 20 957 80636 958 0
252 2020/11/24 26 983 81620 984 0
253 2020/11/25 18 1001 82622 1002 0
254 2020/11/26 17 1018 83641 1019 0
255 2020/11/27 15 1033 84675 1034 1
256 2020/11/28 13 1046 85722 1047 0
257 2020/11/29 11 1057 86780 1058 0
258 2020/11/30 23 1080 87861 1081 0
259 2020/12/01 23 1103 88965 1104 0
260 2020/12/02 21 1124 90090 1125 0
261 2020/12/03 17 1141 91232 1142 0
262 2020/12/04 17 1158 92391 1159 0
263 2020/12/05 6 1164 93556 1165 0
264 2020/12/06 13 1177 94734 1178 0
265 2020/12/07 10 1187 95922 1188 0
266 2020/12/08 19 1206 97129 1207 0
267 2020/12/09 20 1226 98356 1227 0
268 2020/12/10 14 1240 99597 1241 0
269 2020/12/11 20 1260 100858 1261 0
270 2020/12/12 16 1276 102135 1277 0
271 2020/12/13 8 1284 103420 1285 0
272 2020/12/14 13 1297 104718 1298 0
273 2020/12/15 26 1323 106042 1324 0
274 2020/12/16 13 1336 107379 1337 0
275 2020/12/17 18 1354 108734 1355 0
276 2020/12/18 24 1378 110113 1379 0
277 2020/12/19 14 1392 111506 1393 0
278 2020/12/20 35 1427 112934 1428 0
279 2020/12/21 10 1437 114372 1438 0
280 2020/12/22 33 1470 115843 1471 0
281 2020/12/23 23 1493 117337 1494 0
282 2020/12/24 14 1507 118845 1508 0
283 2020/12/25 11 1518 120364 1519 0
284 2020/12/26 15 1533 121898 1534 0
285 2020/12/27 20 1553 123452 1554 0
286 2020/12/28 21 1574 125027 1575 0
287 2020/12/29 33 1607 126635 1608 0
288 2020/12/30 36 1643 128279 1644 0
289 2020/12/31 33 1676 129956 1677 0
290 2021/01/01 20 1696 131653 1697 0
291 2021/01/02 16 1712 133366 1713 0
292 2021/01/03 15 1727 135094 1728 0
293 2021/01/04 26 1753 136848 1754 0
294 2021/01/05 31 1784 138633 1785 0
295 2021/01/06 25 1809 140443 1810 0
296 2021/01/07 24 1833 142277 1834 0
297 2021/01/08 16 1849 144127 1850 0
298 2021/01/09 16 1865 145993 1866 0
299 2021/01/10 15 1880 147874 1881 0
300 2021/01/11 24 1904 149779 1905 0
301 2021/01/12 29 1933 151713 1934 0
302 2021/01/13 28 1961 153675 1962 0
303 2021/01/14 13 1974 155650 1975 0
304 2021/01/15 13 1987 157638 1988 0
305 2021/01/16 6 1993 159632 1994 0
306 2021/01/17 4 1997 161630 1998 0
307 2021/01/18 12 2009 163640 2010 0
308 2021/01/19 17 2026 165667 2027 0
309 2021/01/20 11 2037 167705 2038 0
310 2021/01/21 15 2052 169758 2053 0
311 2021/01/22 7 2059 171818 2060 0
312 2021/01/23 4 2063 173882 2064 0
313 2021/01/24 3 2066 175949 2067 0
314 2021/01/25 8 2074 178024 2075 0
315 2021/01/26 14 2088 180113 2089 0
316 2021/01/27 11 2099 182213 2100 0
317 2021/01/28 3 2102 184316 2103 0
318 2021/01/29 4 2106 186423 2107 0
319 2021/01/30 4 2110 188534 2111 0
320 2021/01/31 4 2114 190649 2115 0
321 2021/02/01 11 2125 192775 2126 0
322 2021/02/02 14 2139 194915 2140 0
323 2021/02/03 11 2150 197066 2151 0
324 2021/02/04 8 2158 199225 2159 0
325 2021/02/05 3 2161 201387 2162 0
326 2021/02/06 7 2168 203556 2169 0
327 2021/02/07 1 2169 205726 2170 0
328 2021/02/08 5 2174 207901 2175 0
329 2021/02/09 8 2182 210084 2183 0
330 2021/02/10 4 2186 212271 2187 0
331 2021/02/11 2 2188 214460 2189 0
332 2021/02/12 2 2190 216651 2191 0
333 2021/02/13 3 2193 218845 2194 0
334 2021/02/14 1 2194 221040 2195 0
335 2021/02/15 2 2196 223237 2197 0
336 2021/02/16 2 2198 225436 2199 0
337 2021/02/17 9 2207 227644 2208 0
338 2021/02/18 0 2207 229852 2208 0
339 2021/02/19 7 2214 232067 2215 0
340 2021/02/20 5 2219 234287 2220 0
341 2021/02/21 2 2221 236509 2222 0
342 2021/02/22 2 2223 238733 2224 0
343 2021/02/23 7 2230 240964 2231 0
344 2021/02/24 2 2232 243197 2233 0
345 2021/02/25 2 2234 245432 2235 0
346 2021/02/26 3 2237 247670 2238 0
347 2021/02/27 3 2240 249911 2241 0
348 2021/02/28 0 2240 252152 2241 0
349 2021/03/01 2 2242 254395 2243 0
350 2021/03/02 5 2247 256643 2248 0
351 2021/03/03 6 2253 258897 2254 0
352 2021/03/04 0 2253 261151 2254 0
353 2021/03/05 4 2257 263409 2258 0
354 2021/03/06 5 2262 265672 2263 0
355 2021/03/07 0 2262 267935 2263 0
356 2021/03/08 2 2264 270200 2265 1
357 2021/03/09 1 2265 272466 2266 0
358 2021/03/10 4 2269 274736 2270 0
359 2021/03/11 3 2272 277009 2273 0
360 2021/03/12 3 2275 279285 2276 0
361 2021/03/13 1 2276 281562 2277 0
362 2021/03/14 1 2277 283840 2278 0
363 2021/03/15 5 2282 286123 2283 0
364 2021/03/16 5 2287 288411 2288 0
365 2021/03/17 8 2295 290707 2296 0
366 2021/03/18 7 2302 293010 2303 0
367 2021/03/19 4 2306 295317 2307 0
368 2021/03/20 0 2306 297624 2307 0
369 2021/03/21 1 2307 299932 2308 0
370 2021/03/22 3 2310 302243 2311 0
371 2021/03/23 8 2318 304562 2319 1
372 2021/03/24 5 2323 306886 2324 0
373 2021/03/25 1 2324 309211 2325 1
374 2021/03/26 1 2325 311537 2326 0
375 2021/03/27 0 2325 313863 2326 0
376 2021/03/28 1 2326 316190 2327 0
377 2021/03/29 3 2329 318520 2330 0
378 2021/03/30 6 2335 320856 2336 0
379 2021/03/31 0 2335 323192 2336 0
380 2021/04/01 5 2340 325533 2341 0
381 2021/04/02 0 2340 327874 2341 0
382 2021/04/03 0 2340 330215 2341 0
383 2021/04/04 0 2340 332556 2341 0
384 2021/04/05 3 2343 334900 2344 0
385 2021/04/06 1 2344 337245 2345 0
386 2021/04/07 1 2345 339591 2346 0
387 2021/04/08 3 2348 341940 2349 0
388 2021/04/09 2 2350 344291 2351 0
389 2021/04/10 0 2350 346642 2351 0
390 2021/04/11 0 2350 348993 2351 0
391 2021/04/12 4 2354 351348 2355 0
392 2021/04/13 1 2355 353704 2356 0
393 2021/04/14 1 2356 356061 2357 0
394 2021/04/15 0 2356 358418 2357 0
395 2021/04/16 0 2356 360775 2357 0
396 2021/04/17 0 2356 363132 2357 0
397 2021/04/18 0 2356 365489 2357 0
398 2021/04/19 5 2361 367851 2362 0
399 2021/04/20 0 2361 370213 2362 0
400 2021/04/21 2 2363 372577 2364 0
401 2021/04/22 1 2364 374942 2365 0
402 2021/04/23 1 2365 377308 2366 0
403 2021/04/24 0 2365 379674 2366 0
404 2021/04/25 0 2365 382040 2366 0
405 2021/04/26 0 2365 384406 2366 0
406 2021/04/27 2 2367 386774 2368 0
407 2021/04/28 0 2367 389142 2368 0
408 2021/04/29 3 2370 391513 2371 0
409 2021/04/30 3 2373 393887 2374 0
410 2021/05/01 1 2374 396262 2375 0
411 2021/05/02 3 2377 398640 2378 0
412 2021/05/03 2 2379 401020 2380 0
413 2021/05/04 0 2379 403400 2380 0
414 2021/05/05 3 2382 405783 2383 0
415 2021/05/06 3 2385 408169 2386 0
416 2021/05/07 2 2387 410557 2388 0
417 2021/05/08 3 2390 412948 2391 0
418 2021/05/09 2 2392 415341 2393 0
419 2021/05/10 7 2399 417741 2400 0
420 2021/05/11 1 2400 420142 2401 0
421 2021/05/12 1 2401 422544 2402 0
422 2021/05/13 3 2404 424949 2405 0
423 2021/05/14 1 2405 427355 2406 0
424 2021/05/15 1 2406 429762 2407 0
425 2021/05/16 0 2406 432169 2407 0
426 2021/05/17 0 2406 434576 2407 0
427 2021/05/18 0 2406 436983 2407 0
428 2021/05/19 6 2412 439396 2413 0
429 2021/05/20 0 2412 441809 2413 0
430 2021/05/21 3 2415 444225 2416 0
431 2021/05/22 0 2415 446641 2416 0
432 2021/05/23 0 2415 449057 2416 0
433 2021/05/24 2 2417 451475 2418 0
434 2021/05/25 0 2417 453893 2418 0
435 2021/05/26 1 2418 456312 2419 0
436 2021/05/27 1 2419 458732 2420 0
437 2021/05/28 0 2419 461152 2420 0
438 2021/05/29 0 2419 463572 2420 0
439 2021/05/30 0 2419 465992 2420 0
440 2021/05/31 0 2419 468412 2420 0
441 2021/06/01 1 2420 470833 2421 0
442 2021/06/02 0 2420 473254 2421 1
443 2021/06/03 0 2420 475675 2421 0
444 2021/06/04 0 2420 478096 2421 0
445 2021/06/05 0 2420 480517 2421 0
446 2021/06/06 1 2421 482939 2422 0
447 2021/06/07 1 2422 485362 2423 0
448 2021/06/08 0 2422 487785 2423 0
449 2021/06/09 1 2423 490209 2424 0
450 2021/06/10 1 2424 492634 2425 0
451 2021/06/11 0 2424 495059 2425 0
452 2021/06/12 0 2424 497484 2425 0
453 2021/06/13 1 2425 499910 2426 0
454 2021/06/14 1 2426 502337 2427 0
455 2021/06/15 0 2426 504764 2427 0
456 2021/06/16 1 2427 507192 2428 0
457 2021/06/17 0 2427 509620 2428 0
458 2021/06/18 0 2427 512048 2428 0
459 2021/06/19 1 2428 514477 2429 0
460 2021/06/20 1 2429 516907 2430 0
461 2021/06/21 0 2429 519337 2430 1
462 2021/06/22 1 2430 521768 2431 0
463 2021/06/23 1 2431 524200 2432 0
464 2021/06/24 0 2431 526632 2432 0
465 2021/06/25 0 2431 529064 2432 0
466 2021/06/26 0 2431 531496 2432 0
467 2021/06/27 3 2434 533931 2435 1
468 2021/06/28 1 2435 536367 2436 0
469 2021/06/29 0 2435 538803 2436 0
470 2021/06/30 1 2436 541240 2437 0
471 2021/07/01 2 2438 543679 2439 0
472 2021/07/02 0 2438 546118 2439 1
473 2021/07/03 1 2439 548558 2440 1
474 2021/07/04 0 2439 550998 2440 1
475 2021/07/05 0 2439 553438 2440 1
476 2021/07/06 0 2439 555878 2440 0
477 2021/07/07 0 2439 558318 2440 0
478 2021/07/08 0 2439 560758 2440 3
