dates I C D F E
1 2020/03/18 2 2 19 19 1
2 2020/03/19 4 6 42 23 1
3 2020/03/20 2 8 67 25 1
4 2020/03/21 0 8 92 25 1
5 2020/03/22 3 11 120 28 1
6 2020/03/23 3 14 151 31 1
7 2020/03/24 2 16 184 33 1
8 2020/03/25 2 18 219 35 1
9 2020/03/26 3 21 257 38 1
10 2020/03/27 4 25 299 42 1
11 2020/03/28 4 29 345 46 1
12 2020/03/29 0 29 391 46 2
13 2020/03/30 3 32 440 49 1
14 2020/03/31 2 34 491 51 1
15 2020/04/01 0 34 542 51 1
16 2020/04/02 0 34 593 51 1
17 2020/04/03 4 38 648 55 1
18 2020/04/04 0 38 703 55 2
19 2020/04/05 0 38 758 55 1
20 2020/04/06 0 38 813 55 1
21 2020/04/07 1 39 869 56 1
22 2020/04/08 1 40 926 57 1
23 2020/04/09 0 40 983 57 2
24 2020/04/10 0 40 1040 57 1
25 2020/04/11 0 40 1097 57 1
26 2020/04/12 0 40 1154 57 1
27 2020/04/13 0 40 1211 57 1
28 2020/04/14 0 40 1268 57 1
29 2020/04/15 0 40 1325 57 1
30 2020/04/16 0 40 1382 57 1
31 2020/04/17 0 40 1439 57 1
32 2020/04/18 1 41 1497 58 1
33 2020/04/19 0 41 1555 58 1
34 2020/04/20 0 41 1613 58 1
35 2020/04/21 0 41 1671 58 1
36 2020/04/22 1 42 1730 59 1
37 2020/04/23 0 42 1789 59 1
38 2020/04/24 0 42 1848 59 1
39 2020/04/25 0 42 1907 59 1
40 2020/04/26 0 42 1966 59 1
41 2020/04/27 0 42 2025 59 2
42 2020/04/28 0 42 2084 59 1
43 2020/04/29 1 43 2144 60 1
44 2020/04/30 0 43 2204 60 1
45 2020/05/01 0 43 2264 60 1
46 2020/05/02 0 43 2324 60 1
47 2020/05/03 0 43 2384 60 1
48 2020/05/04 1 44 2445 61 1
49 2020/05/05 2 46 2508 63 0
50 2020/05/06 3 49 2574 66 0
51 2020/05/07 1 50 2641 67 0
52 2020/05/08 1 51 2709 68 0
53 2020/05/09 3 54 2780 71 0
54 2020/05/10 2 56 2853 73 0
55 2020/05/11 4 60 2930 77 0
56 2020/05/12 3 63 3010 80 0
57 2020/05/13 3 66 3093 83 0
58 2020/05/14 6 72 3182 89 0
59 2020/05/15 2 74 3273 91 0
60 2020/05/16 1 75 3365 92 0
61 2020/05/17 2 77 3459 94 0
62 2020/05/18 7 84 3560 101 0
63 2020/05/19 0 84 3661 101 0
64 2020/05/20 0 84 3762 101 0
65 2020/05/21 3 87 3866 104 0
66 2020/05/22 1 88 3971 105 0
67 2020/05/23 0 88 4076 105 0
68 2020/05/24 2 90 4183 107 0
69 2020/05/25 0 90 4290 107 0
70 2020/05/26 1 91 4398 108 0
71 2020/05/27 2 93 4508 110 0
72 2020/05/28 0 93 4618 110 0
73 2020/05/29 1 94 4729 111 0
74 2020/05/30 1 95 4841 112 0
75 2020/05/31 1 96 4954 113 0
76 2020/06/01 2 98 5069 115 0
77 2020/06/02 0 98 5184 115 0
78 2020/06/03 0 98 5299 115 0
79 2020/06/04 0 98 5414 115 0
80 2020/06/05 0 98 5529 115 0
81 2020/06/06 1 99 5645 116 0
82 2020/06/07 0 99 5761 116 0
83 2020/06/08 0 99 5877 116 0
84 2020/06/09 0 99 5993 116 0
85 2020/06/10 2 101 6111 118 1
86 2020/06/11 4 105 6233 122 0
87 2020/06/12 4 109 6359 126 1
88 2020/06/13 2 111 6487 128 1
89 2020/06/14 1 112 6616 129 0
90 2020/06/15 4 116 6749 133 0
91 2020/06/16 2 118 6884 135 0
92 2020/06/17 3 121 7022 138 0
93 2020/06/18 2 123 7162 140 0
94 2020/06/19 1 124 7303 141 0
95 2020/06/20 2 126 7446 143 0
96 2020/06/21 0 126 7589 143 0
97 2020/06/22 5 131 7737 148 0
98 2020/06/23 3 134 7888 151 0
99 2020/06/24 0 134 8039 151 0
100 2020/06/25 0 134 8190 151 0
101 2020/06/26 1 135 8342 152 0
102 2020/06/27 2 137 8496 154 0
103 2020/06/28 2 139 8652 156 0
104 2020/06/29 3 142 8811 159 0
105 2020/06/30 1 143 8971 160 0
106 2020/07/01 4 147 9135 164 0
107 2020/07/02 5 152 9304 169 0
108 2020/07/03 4 156 9477 173 0
109 2020/07/04 4 160 9654 177 0
110 2020/07/05 7 167 9838 184 0
111 2020/07/06 4 171 10026 188 0
112 2020/07/07 2 173 10216 190 0
113 2020/07/08 3 176 10409 193 0
114 2020/07/09 3 179 10605 196 0
115 2020/07/10 3 182 10804 199 0
116 2020/07/11 1 183 11004 200 0
117 2020/07/12 1 184 11205 201 0
118 2020/07/13 4 188 11410 205 0
119 2020/07/14 5 193 11620 210 0
120 2020/07/15 3 196 11833 213 0
121 2020/07/16 2 198 12048 215 0
122 2020/07/17 2 200 12265 217 0
123 2020/07/18 1 201 12483 218 0
124 2020/07/19 3 204 12704 221 0
125 2020/07/20 6 210 12931 227 1
126 2020/07/21 7 217 13165 234 0
127 2020/07/22 2 219 13401 236 0
128 2020/07/23 3 222 13640 239 0
129 2020/07/24 1 223 13880 240 0
130 2020/07/25 3 226 14123 243 0
131 2020/07/26 3 229 14369 246 0
132 2020/07/27 6 235 14621 252 0
133 2020/07/28 5 240 14878 257 0
134 2020/07/29 1 241 15136 258 0
135 2020/07/30 3 244 15397 261 0
136 2020/07/31 2 246 15660 263 0
137 2020/08/01 7 253 15930 270 0
138 2020/08/02 1 254 16201 271 0
139 2020/08/03 5 259 16477 276 0
140 2020/08/04 7 266 16760 283 0
141 2020/08/05 10 276 17053 293 0
142 2020/08/06 2 278 17348 295 0
143 2020/08/07 5 283 17648 300 0
144 2020/08/08 4 287 17952 304 0
145 2020/08/09 3 290 18259 307 0
146 2020/08/10 6 296 18572 313 1
147 2020/08/11 6 302 18891 319 0
148 2020/08/12 5 307 19215 324 1
149 2020/08/13 7 314 19546 331 0
150 2020/08/14 8 322 19885 339 0
151 2020/08/15 6 328 20230 345 0
152 2020/08/16 1 329 20576 346 0
153 2020/08/17 2 331 20924 348 0
154 2020/08/18 4 335 21276 352 0
155 2020/08/19 2 337 21630 354 0
156 2020/08/20 3 340 21987 357 0
157 2020/08/21 5 345 22349 362 0
158 2020/08/22 3 348 22714 365 0
159 2020/08/23 10 358 23089 375 0
160 2020/08/24 2 360 23466 377 1
161 2020/08/25 4 364 23847 381 0
162 2020/08/26 5 369 24233 386 0
163 2020/08/27 12 381 24631 398 0
164 2020/08/28 8 389 25037 406 0
165 2020/08/29 4 393 25447 410 0
166 2020/08/30 3 396 25860 413 1
167 2020/08/31 11 407 26284 424 0
168 2020/09/01 2 409 26710 426 0
169 2020/09/02 6 415 27142 432 0
170 2020/09/03 3 418 27577 435 0
171 2020/09/04 5 423 28017 440 0
172 2020/09/05 5 428 28462 445 0
173 2020/09/06 2 430 28909 447 0
174 2020/09/07 3 433 29359 450 0
175 2020/09/08 9 442 29818 459 0
176 2020/09/09 2 444 30279 461 0
177 2020/09/10 2 446 30742 463 0
178 2020/09/11 11 457 31216 474 0
179 2020/09/12 2 459 31692 476 0
180 2020/09/13 1 460 32169 477 0
181 2020/09/14 0 460 32646 477 0
182 2020/09/15 3 463 33126 480 0
183 2020/09/16 2 465 33608 482 1
184 2020/09/17 1 466 34091 483 0
185 2020/09/18 6 472 34580 489 0
186 2020/09/19 3 475 35072 492 0
187 2020/09/20 1 476 35565 493 0
188 2020/09/21 0 476 36058 493 0
189 2020/09/22 4 480 36555 497 0
190 2020/09/23 1 481 37053 498 0
191 2020/09/24 5 486 37556 503 0
192 2020/09/25 3 489 38062 506 0
193 2020/09/26 1 490 38569 507 0
194 2020/09/27 0 490 39076 507 0
195 2020/09/28 2 492 39585 509 0
196 2020/09/29 6 498 40100 515 0
197 2020/09/30 2 500 40617 517 0
198 2020/10/01 2 502 41136 519 0
199 2020/10/02 0 502 41655 519 0
200 2020/10/03 1 503 42175 520 0
201 2020/10/04 1 504 42696 521 0
202 2020/10/05 1 505 43218 522 0
203 2020/10/06 1 506 43741 523 0
204 2020/10/07 3 509 44267 526 0
205 2020/10/08 3 512 44796 529 0
206 2020/10/09 4 516 45329 533 0
207 2020/10/10 2 518 45864 535 0
208 2020/10/11 3 521 46402 538 0
209 2020/10/12 1 522 46941 539 0
210 2020/10/13 3 525 47483 542 0
211 2020/10/14 2 527 48027 544 0
212 2020/10/15 3 530 48574 547 0
213 2020/10/16 4 534 49125 551 0
214 2020/10/17 0 534 49676 551 0
215 2020/10/18 3 537 50230 554 0
216 2020/10/19 3 540 50787 557 0
217 2020/10/20 0 540 51344 557 0
218 2020/10/21 4 544 51905 561 0
219 2020/10/22 1 545 52467 562 0
220 2020/10/23 1 546 53030 563 0
221 2020/10/24 2 548 53595 565 0
222 2020/10/25 2 550 54162 567 0
223 2020/10/26 3 553 54732 570 0
224 2020/10/27 8 561 55310 578 0
225 2020/10/28 3 564 55891 581 0
226 2020/10/29 4 568 56476 585 0
227 2020/10/30 5 573 57066 590 0
228 2020/10/31 1 574 57657 591 0
229 2020/11/01 3 577 58251 594 0
230 2020/11/02 8 585 58853 602 0
231 2020/11/03 9 594 59464 611 0
232 2020/11/04 7 601 60082 618 0
233 2020/11/05 8 609 60708 626 0
234 2020/11/06 11 620 61345 637 0
235 2020/11/07 3 623 61985 640 0
236 2020/11/08 11 634 62636 651 0
237 2020/11/09 16 650 63303 667 0
238 2020/11/10 13 663 63983 680 0
239 2020/11/11 17 680 64680 697 0
240 2020/11/12 14 694 65391 711 0
241 2020/11/13 13 707 66115 724 0
242 2020/11/14 15 722 66854 739 0
243 2020/11/15 16 738 67609 755 0
244 2020/11/16 28 766 68392 783 0
245 2020/11/17 18 784 69193 801 0
246 2020/11/18 23 807 70017 824 0
247 2020/11/19 14 821 70855 838 0
248 2020/11/20 20 841 71713 858 0
249 2020/11/21 9 850 72580 867 0
250 2020/11/22 10 860 73457 877 0
251 2020/11/23 17 877 74351 894 0
252 2020/11/24 13 890 75258 907 0
253 2020/11/25 19 909 76184 926 0
254 2020/11/26 7 916 77117 933 0
255 2020/11/27 23 939 78073 956 0
256 2020/11/28 19 958 79048 975 0
257 2020/11/29 34 992 80057 1009 0
258 2020/11/30 29 1021 81095 1038 0
259 2020/12/01 48 1069 82181 1086 0
260 2020/12/02 32 1101 83299 1118 0
261 2020/12/03 25 1126 84442 1143 0
262 2020/12/04 31 1157 85616 1174 0
263 2020/12/05 17 1174 86807 1191 0
264 2020/12/06 32 1206 88030 1223 0
265 2020/12/07 24 1230 89277 1247 0
266 2020/12/08 35 1265 90559 1282 0
267 2020/12/09 26 1291 91867 1308 0
268 2020/12/10 33 1324 93208 1341 1
269 2020/12/11 20 1344 94569 1361 0
270 2020/12/12 17 1361 95947 1378 0
271 2020/12/13 19 1380 97344 1397 0
272 2020/12/14 22 1402 98763 1419 0
273 2020/12/15 13 1415 100195 1432 0
274 2020/12/16 20 1435 101647 1452 0
275 2020/12/17 34 1469 103133 1486 0
276 2020/12/18 33 1502 104652 1519 0
277 2020/12/19 15 1517 106186 1534 0
278 2020/12/20 17 1534 107737 1551 0
279 2020/12/21 37 1571 109325 1588 0
280 2020/12/22 24 1595 110937 1612 0
281 2020/12/23 34 1629 112583 1646 0
282 2020/12/24 25 1654 114254 1671 0
283 2020/12/25 23 1677 115948 1694 0
284 2020/12/26 37 1714 117679 1731 0
285 2020/12/27 37 1751 119447 1768 0
286 2020/12/28 43 1794 121258 1811 0
287 2020/12/29 35 1829 123104 1846 0
288 2020/12/30 48 1877 124998 1894 0
289 2020/12/31 34 1911 126926 1928 1
290 2021/01/01 17 1928 128871 1945 0
291 2021/01/02 38 1966 130854 1983 0
292 2021/01/03 24 1990 132861 2007 0
293 2021/01/04 37 2027 134905 2044 0
294 2021/01/05 38 2065 136987 2082 0
295 2021/01/06 37 2102 139106 2119 0
296 2021/01/07 26 2128 141251 2145 0
297 2021/01/08 27 2155 143423 2172 0
298 2021/01/09 22 2177 145617 2194 0
299 2021/01/10 18 2195 147829 2212 0
300 2021/01/11 60 2255 150101 2272 0
301 2021/01/12 40 2295 152413 2312 0
302 2021/01/13 54 2349 154779 2366 0
303 2021/01/14 33 2382 157178 2399 0
304 2021/01/15 43 2425 159620 2442 0
305 2021/01/16 27 2452 162089 2469 0
306 2021/01/17 20 2472 164578 2489 0
307 2021/01/18 38 2510 167105 2527 0
308 2021/01/19 37 2547 169669 2564 0
309 2021/01/20 23 2570 172256 2587 0
310 2021/01/21 43 2613 174886 2630 0
311 2021/01/22 24 2637 177540 2654 0
312 2021/01/23 24 2661 180218 2678 0
313 2021/01/24 19 2680 182915 2697 0
314 2021/01/25 39 2719 185651 2736 0
315 2021/01/26 34 2753 188421 2770 0
316 2021/01/27 22 2775 191213 2792 0
317 2021/01/28 22 2797 194027 2814 0
318 2021/01/29 17 2814 196858 2831 0
319 2021/01/30 13 2827 199702 2844 0
320 2021/01/31 11 2838 202557 2855 0
321 2021/02/01 16 2854 205428 2871 0
322 2021/02/02 21 2875 208320 2892 0
323 2021/02/03 11 2886 211223 2903 0
324 2021/02/04 10 2896 214136 2913 0
325 2021/02/05 10 2906 217059 2923 0
326 2021/02/06 11 2917 219993 2934 0
327 2021/02/07 11 2928 222938 2945 0
328 2021/02/08 20 2948 225903 2965 0
329 2021/02/09 8 2956 228876 2973 0
330 2021/02/10 8 2964 231857 2981 0
331 2021/02/11 8 2972 234846 2989 0
332 2021/02/12 12 2984 237847 3001 0
333 2021/02/13 9 2993 240857 3010 0
334 2021/02/14 12 3005 243879 3022 0
335 2021/02/15 13 3018 246914 3035 0
336 2021/02/16 9 3027 249958 3044 1
337 2021/02/17 23 3050 253025 3067 0
338 2021/02/18 15 3065 256107 3082 0
339 2021/02/19 12 3077 259201 3094 0
340 2021/02/20 13 3090 262308 3107 0
341 2021/02/21 8 3098 265423 3115 0
342 2021/02/22 12 3110 268550 3127 1
343 2021/02/23 12 3122 271689 3139 0
344 2021/02/24 18 3140 274846 3157 0
345 2021/02/25 12 3152 278015 3169 0
346 2021/02/26 7 3159 281191 3176 0
347 2021/02/27 6 3165 284373 3182 0
348 2021/02/28 6 3171 287561 3188 0
349 2021/03/01 23 3194 290772 3211 0
350 2021/03/02 18 3212 294001 3229 0
351 2021/03/03 19 3231 297249 3248 0
352 2021/03/04 12 3243 300509 3260 0
353 2021/03/05 13 3256 303782 3273 0
354 2021/03/06 7 3263 307062 3280 0
355 2021/03/07 10 3273 310352 3290 0
356 2021/03/08 10 3283 313652 3300 1
357 2021/03/09 14 3297 316966 3314 0
358 2021/03/10 12 3309 320292 3326 0
359 2021/03/11 10 3319 323628 3336 0
360 2021/03/12 17 3336 326981 3353 0
361 2021/03/13 5 3341 330339 3358 0
362 2021/03/14 7 3348 333704 3365 0
363 2021/03/15 14 3362 337083 3379 0
364 2021/03/16 6 3368 340468 3385 0
365 2021/03/17 4 3372 343857 3389 0
366 2021/03/18 8 3380 347254 3397 0
367 2021/03/19 8 3388 350659 3405 1
368 2021/03/20 9 3397 354073 3414 0
369 2021/03/21 7 3404 357494 3421 0
370 2021/03/22 5 3409 360920 3426 0
371 2021/03/23 5 3414 364351 3431 0
372 2021/03/24 9 3423 367791 3440 0
373 2021/03/25 3 3426 371234 3443 0
374 2021/03/26 5 3431 374682 3448 0
375 2021/03/27 2 3433 378132 3450 0
376 2021/03/28 5 3438 381587 3455 0
377 2021/03/29 3 3441 385045 3458 0
378 2021/03/30 5 3446 388508 3463 0
379 2021/03/31 3 3449 391974 3466 1
380 2021/04/01 6 3455 395446 3472 0
381 2021/04/02 4 3459 398922 3476 0
382 2021/04/03 4 3463 402402 3480 0
383 2021/04/04 2 3465 405884 3482 0
384 2021/04/05 11 3476 409377 3493 0
385 2021/04/06 9 3485 412879 3502 0
386 2021/04/07 9 3494 416390 3511 0
387 2021/04/08 12 3506 419913 3523 0
388 2021/04/09 10 3516 423446 3533 0
389 2021/04/10 10 3526 426989 3543 0
390 2021/04/11 10 3536 430542 3553 0
391 2021/04/12 9 3545 434104 3562 0
392 2021/04/13 14 3559 437680 3576 0
393 2021/04/14 17 3576 441273 3593 0
394 2021/04/15 22 3598 444888 3615 0
395 2021/04/16 21 3619 448524 3636 0
396 2021/04/17 21 3640 452181 3657 0
397 2021/04/18 23 3663 455861 3680 0
398 2021/04/19 28 3691 459569 3708 0
399 2021/04/20 21 3712 463298 3729 0
400 2021/04/21 22 3734 467049 3751 0
401 2021/04/22 20 3754 470820 3771 0
402 2021/04/23 9 3763 474600 3780 0
403 2021/04/24 11 3774 478391 3791 0
404 2021/04/25 14 3788 482196 3805 0
405 2021/04/26 13 3801 486014 3818 0
406 2021/04/27 10 3811 489842 3828 0
407 2021/04/28 11 3822 493681 3839 0
408 2021/04/29 17 3839 497537 3856 0
409 2021/04/30 14 3853 501407 3870 0
410 2021/05/01 13 3866 505290 3883 0
411 2021/05/02 15 3881 509188 3898 0
412 2021/05/03 12 3893 513098 3910 0
413 2021/05/04 15 3908 517023 3925 0
414 2021/05/05 26 3934 520974 3951 0
415 2021/05/06 19 3953 524944 3970 0
416 2021/05/07 24 3977 528938 3994 0
417 2021/05/08 15 3992 532947 4009 0
418 2021/05/09 16 4008 536972 4025 0
419 2021/05/10 20 4028 541017 4045 0
420 2021/05/11 30 4058 545092 4075 0
421 2021/05/12 21 4079 549188 4096 0
422 2021/05/13 27 4106 553311 4123 0
423 2021/05/14 18 4124 557452 4141 0
424 2021/05/15 8 4132 561601 4149 0
425 2021/05/16 10 4142 565760 4159 0
426 2021/05/17 14 4156 569933 4173 0
427 2021/05/18 11 4167 574117 4184 0
428 2021/05/19 18 4185 578319 4202 0
429 2021/05/20 10 4195 582531 4212 0
430 2021/05/21 17 4212 586760 4229 0
431 2021/05/22 8 4220 590997 4237 0
432 2021/05/23 9 4229 595243 4246 0
433 2021/05/24 18 4247 599507 4264 0
434 2021/05/25 7 4254 603778 4271 0
435 2021/05/26 7 4261 608056 4278 0
436 2021/05/27 5 4266 612339 4283 0
437 2021/05/28 7 4273 616629 4290 0
438 2021/05/29 6 4279 620925 4296 0
439 2021/05/30 6 4285 625227 4302 0
440 2021/05/31 10 4295 629539 4312 0
441 2021/06/01 12 4307 633863 4324 0
442 2021/06/02 10 4317 638197 4334 0
443 2021/06/03 15 4332 642546 4349 0
444 2021/06/04 8 4340 646903 4357 0
445 2021/06/05 6 4346 651266 4363 0
446 2021/06/06 5 4351 655634 4368 0
447 2021/06/07 11 4362 660013 4379 0
448 2021/06/08 7 4369 664399 4386 0
449 2021/06/09 5 4374 668790 4391 0
450 2021/06/10 3 4377 673184 4394 0
451 2021/06/11 9 4386 677587 4403 0
452 2021/06/12 4 4390 681994 4407 0
453 2021/06/13 8 4398 686409 4415 0
454 2021/06/14 10 4408 690834 4425 0
455 2021/06/15 8 4416 695267 4433 0
456 2021/06/16 9 4425 699709 4442 0
457 2021/06/17 7 4432 704158 4449 0
458 2021/06/18 11 4443 708618 4460 0
459 2021/06/19 5 4448 713083 4465 0
460 2021/06/20 4 4452 717552 4469 0
461 2021/06/21 6 4458 722027 4475 0
462 2021/06/22 8 4466 726510 4483 0
463 2021/06/23 7 4473 731000 4490 0
464 2021/06/24 5 4478 735495 4495 0
465 2021/06/25 8 4486 739998 4503 0
466 2021/06/26 5 4491 744506 4508 0
467 2021/06/27 2 4493 749016 4510 0
468 2021/06/28 13 4506 753539 4523 0
469 2021/06/29 5 4511 758067 4528 1
470 2021/06/30 0 4511 762595 4528 0
471 2021/07/01 0 4511 767123 4528 2
