dates I C D F E
1 2020/03/18 6 6 0 0 1
2 2020/03/19 7 13 0 0 1
3 2020/03/20 7 20 0 0 1
4 2020/03/21 1 21 0 0 1
5 2020/03/22 4 25 0 0 1
6 2020/03/23 3 28 0 0 1
7 2020/03/24 5 33 0 0 1
8 2020/03/25 3 36 0 0 1
9 2020/03/26 8 44 0 0 1
10 2020/03/27 4 48 0 0 1
11 2020/03/28 5 53 0 0 1
12 2020/03/29 5 58 0 0 2
13 2020/03/30 5 63 0 0 1
14 2020/03/31 4 67 1 1 1
15 2020/04/01 6 73 1 0 1
16 2020/04/02 8 81 1 0 2
17 2020/04/03 4 85 1 0 1
18 2020/04/04 9 94 2 1 1
19 2020/04/05 1 95 3 1 1
20 2020/04/06 8 103 3 0 1
21 2020/04/07 7 110 3 0 1
22 2020/04/08 18 128 3 0 1
23 2020/04/09 11 139 3 0 1
24 2020/04/10 21 160 3 0 1
25 2020/04/11 8 168 3 0 1
26 2020/04/12 11 179 3 0 1
27 2020/04/13 22 201 3 0 1
28 2020/04/14 18 219 3 0 1
29 2020/04/15 20 239 3 0 1
30 2020/04/16 26 265 3 0 1
31 2020/04/17 14 279 4 1 1
32 2020/04/18 9 288 4 0 1
33 2020/04/19 9 297 5 1 1
34 2020/04/20 26 323 6 1 1
35 2020/04/21 20 343 7 1 1
36 2020/04/22 20 363 7 0 1
37 2020/04/23 11 374 9 2 1
38 2020/04/24 20 394 9 0 1
39 2020/04/25 17 411 9 0 1
40 2020/04/26 16 427 9 0 1
41 2020/04/27 35 462 9 0 1
42 2020/04/28 29 491 10 1 1
43 2020/04/29 33 524 10 0 1
44 2020/04/30 28 552 10 0 1
45 2020/05/01 47 599 10 0 1
46 2020/05/02 37 636 11 1 1
47 2020/05/03 27 663 12 1 1
48 2020/05/04 58 721 13 1 1
49 2020/05/05 52 773 13 0 0
50 2020/05/06 54 827 15 2 0
51 2020/05/07 68 895 15 0 0
52 2020/05/08 60 955 17 2 0
53 2020/05/09 45 1000 17 0 0
54 2020/05/10 56 1056 19 2 0
55 2020/05/11 94 1150 20 1 0
56 2020/05/12 106 1256 20 0 0
57 2020/05/13 129 1385 20 0 0
58 2020/05/14 67 1452 22 2 0
59 2020/05/15 117 1569 24 2 0
60 2020/05/16 82 1651 26 2 0
61 2020/05/17 63 1714 27 1 0
62 2020/05/18 149 1863 27 0 0
63 2020/05/19 155 2018 27 0 0
64 2020/05/20 158 2176 30 3 0
65 2020/05/21 107 2283 31 1 0
66 2020/05/22 162 2445 34 3 0
67 2020/05/23 103 2548 37 3 0
68 2020/05/24 87 2635 43 6 0
69 2020/05/25 124 2759 44 1 0
70 2020/05/26 210 2969 47 3 0
71 2020/05/27 218 3187 51 4 0
72 2020/05/28 175 3362 56 5 0
73 2020/05/29 198 3560 57 1 0
74 2020/05/30 115 3675 58 1 0
75 2020/05/31 84 3759 58 0 0
76 2020/06/01 265 4024 61 3 0
77 2020/06/02 223 4247 66 5 0
78 2020/06/03 184 4431 72 6 0
79 2020/06/04 169 4600 76 4 0
80 2020/06/05 180 4780 81 5 0
81 2020/06/06 104 4884 82 1 0
82 2020/06/07 75 4959 84 2 0
83 2020/06/08 158 5117 89 5 0
84 2020/06/09 152 5269 91 2 0
85 2020/06/10 151 5420 98 7 0
86 2020/06/11 147 5567 101 3 0
87 2020/06/12 161 5728 105 4 0
88 2020/06/13 84 5812 112 7 0
89 2020/06/14 72 5884 115 3 0
90 2020/06/15 228 6112 118 3 1
91 2020/06/16 175 6287 125 7 0
92 2020/06/17 160 6447 130 5 0
93 2020/06/18 170 6617 134 4 0
94 2020/06/19 149 6766 137 3 0
95 2020/06/20 91 6857 139 2 0
96 2020/06/21 80 6937 139 0 0
97 2020/06/22 178 7115 142 3 1
98 2020/06/23 154 7269 144 2 0
99 2020/06/24 162 7431 149 5 0
100 2020/06/25 117 7548 152 3 0
101 2020/06/26 126 7674 153 1 0
102 2020/06/27 63 7737 157 4 0
103 2020/06/28 62 7799 163 6 0
104 2020/06/29 186 7985 165 2 1
105 2020/06/30 128 8113 168 3 0
106 2020/07/01 92 8205 170 2 0
107 2020/07/02 94 8299 176 6 0
108 2020/07/03 100 8399 180 4 0
109 2020/07/04 48 8447 183 3 0
110 2020/07/05 50 8497 185 2 0
111 2020/07/06 132 8629 192 7 0
112 2020/07/07 121 8750 196 4 0
113 2020/07/08 98 8848 198 2 0
114 2020/07/09 87 8935 207 9 0
115 2020/07/10 96 9031 211 4 0
116 2020/07/11 43 9074 218 7 0
117 2020/07/12 39 9113 226 8 0
118 2020/07/13 120 9233 231 5 0
119 2020/07/14 90 9323 236 5 0
120 2020/07/15 124 9447 239 3 0
121 2020/07/16 67 9514 240 1 0
122 2020/07/17 90 9604 243 3 0
123 2020/07/18 23 9627 245 2 0
124 2020/07/19 31 9658 249 4 0
125 2020/07/20 90 9748 256 7 0
126 2020/07/21 37 9785 261 5 0
127 2020/07/22 50 9835 265 4 0
128 2020/07/23 61 9896 267 2 0
129 2020/07/24 48 9944 268 1 0
130 2020/07/25 22 9966 272 4 0
131 2020/07/26 24 9990 273 1 0
132 2020/07/27 74 10064 275 2 0
133 2020/07/28 52 10116 277 2 0
134 2020/07/29 40 10156 281 4 0
135 2020/07/30 50 10206 282 1 0
136 2020/07/31 62 10268 282 0 0
137 2020/08/01 32 10300 284 2 0
138 2020/08/02 36 10336 286 2 0
139 2020/08/03 63 10399 291 5 0
140 2020/08/04 54 10453 292 1 0
141 2020/08/05 36 10489 294 2 0
142 2020/08/06 33 10522 294 0 0
143 2020/08/07 43 10565 294 0 0
144 2020/08/08 26 10591 296 2 0
145 2020/08/09 15 10606 296 0 0
146 2020/08/10 40 10646 297 1 0
147 2020/08/11 44 10690 298 1 0
148 2020/08/12 54 10744 300 2 0
149 2020/08/13 23 10767 301 1 0
150 2020/08/14 31 10798 303 2 0
151 2020/08/15 23 10821 303 0 0
152 2020/08/16 20 10841 304 1 0
153 2020/08/17 43 10884 304 0 0
154 2020/08/18 41 10925 307 3 0
155 2020/08/19 35 10960 309 2 0
156 2020/08/20 28 10988 311 2 0
157 2020/08/21 19 11007 312 1 0
158 2020/08/22 16 11023 313 1 0
159 2020/08/23 8 11031 313 0 1
160 2020/08/24 27 11058 313 0 0
161 2020/08/25 35 11093 313 0 0
162 2020/08/26 29 11122 314 1 0
163 2020/08/27 23 11145 314 0 0
164 2020/08/28 27 11172 314 0 0
165 2020/08/29 14 11186 315 1 0
166 2020/08/30 15 11201 316 1 0
167 2020/08/31 19 11220 316 0 0
168 2020/09/01 29 11249 318 2 0
169 2020/09/02 27 11276 318 0 0
170 2020/09/03 16 11292 320 2 0
171 2020/09/04 19 11311 320 0 0
172 2020/09/05 9 11320 320 0 0
173 2020/09/06 17 11337 320 0 1
174 2020/09/07 17 11354 321 1 0
175 2020/09/08 33 11387 321 0 1
176 2020/09/09 18 11405 322 1 0
177 2020/09/10 20 11425 324 2 0
178 2020/09/11 16 11441 325 1 0
179 2020/09/12 18 11459 326 1 0
180 2020/09/13 12 11471 327 1 1
181 2020/09/14 36 11507 329 2 0
182 2020/09/15 21 11528 329 0 0
183 2020/09/16 26 11554 330 1 0
184 2020/09/17 23 11577 330 0 0
185 2020/09/18 18 11595 330 0 0
186 2020/09/19 15 11610 331 1 0
187 2020/09/20 14 11624 331 0 0
188 2020/09/21 28 11652 331 0 0
189 2020/09/22 30 11682 332 1 0
190 2020/09/23 29 11711 332 0 0
191 2020/09/24 26 11737 334 2 1
192 2020/09/25 24 11761 334 0 0
193 2020/09/26 18 11779 336 2 0
194 2020/09/27 17 11796 336 0 0
195 2020/09/28 33 11829 337 1 0
196 2020/09/29 33 11862 337 0 0
197 2020/09/30 33 11895 337 0 0
198 2020/10/01 25 11920 338 1 0
199 2020/10/02 42 11962 338 0 0
200 2020/10/03 22 11984 338 0 0
201 2020/10/04 22 12006 339 1 0
202 2020/10/05 40 12046 340 1 0
203 2020/10/06 38 12084 340 0 0
204 2020/10/07 38 12122 340 0 0
205 2020/10/08 35 12157 340 0 0
206 2020/10/09 38 12195 340 0 0
207 2020/10/10 24 12219 340 0 1
208 2020/10/11 15 12234 340 0 0
209 2020/10/12 61 12295 341 1 0
210 2020/10/13 47 12342 341 0 1
211 2020/10/14 33 12375 341 0 0
212 2020/10/15 38 12413 341 0 0
213 2020/10/16 46 12459 341 0 0
214 2020/10/17 56 12515 341 0 0
215 2020/10/18 23 12538 341 0 0
216 2020/10/19 65 12603 342 1 0
217 2020/10/20 81 12684 343 1 0
218 2020/10/21 96 12780 343 0 0
219 2020/10/22 77 12857 344 1 0
220 2020/10/23 53 12910 344 0 0
221 2020/10/24 50 12960 345 1 0
222 2020/10/25 25 12985 346 1 0
223 2020/10/26 49 13034 346 0 0
224 2020/10/27 52 13086 347 1 0
225 2020/10/28 54 13140 349 2 0
226 2020/10/29 50 13190 350 1 0
227 2020/10/30 44 13234 350 0 0
228 2020/10/31 42 13276 352 2 0
229 2020/11/01 42 13318 354 2 0
230 2020/11/02 92 13410 355 1 0
231 2020/11/03 80 13490 355 0 0
232 2020/11/04 90 13580 355 0 0
233 2020/11/05 103 13683 355 0 0
234 2020/11/06 91 13774 356 1 0
235 2020/11/07 54 13828 356 0 0
236 2020/11/08 58 13886 356 0 0
237 2020/11/09 117 14003 356 0 0
238 2020/11/10 116 14119 356 0 0
239 2020/11/11 130 14249 357 1 0
240 2020/11/12 171 14420 357 0 1
241 2020/11/13 166 14586 357 0 0
242 2020/11/14 70 14656 359 2 0
243 2020/11/15 92 14748 359 0 0
244 2020/11/16 236 14984 362 3 0
245 2020/11/17 248 15232 362 0 0
246 2020/11/18 237 15469 363 1 0
247 2020/11/19 221 15690 364 1 0
248 2020/11/20 213 15903 366 2 0
249 2020/11/21 62 15965 366 0 0
250 2020/11/22 77 16042 369 3 0
251 2020/11/23 199 16241 370 1 1
252 2020/11/24 175 16416 371 1 0
253 2020/11/25 94 16510 372 1 0
254 2020/11/26 69 16579 374 2 0
255 2020/11/27 109 16688 377 3 0
256 2020/11/28 65 16753 379 2 0
257 2020/11/29 64 16817 380 1 0
258 2020/11/30 218 17035 387 7 0
259 2020/12/01 245 17280 389 2 0
260 2020/12/02 307 17587 392 3 0
261 2020/12/03 428 18015 392 0 0
262 2020/12/04 203 18218 396 4 0
263 2020/12/05 239 18457 397 1 0
264 2020/12/06 158 18615 399 2 0
265 2020/12/07 316 18931 401 2 0
266 2020/12/08 414 19345 402 1 1
267 2020/12/09 518 19863 408 6 0
268 2020/12/10 256 20119 412 4 0
269 2020/12/11 217 20336 413 1 0
270 2020/12/12 86 20422 418 5 0
271 2020/12/13 86 20508 422 4 0
272 2020/12/14 286 20794 428 6 0
273 2020/12/15 238 21032 431 3 0
274 2020/12/16 220 21252 433 2 0
275 2020/12/17 183 21435 436 3 0
276 2020/12/18 161 21596 438 2 0
277 2020/12/19 76 21672 444 6 0
278 2020/12/20 82 21754 448 4 0
279 2020/12/21 249 22003 453 5 0
280 2020/12/22 264 22267 456 3 0
281 2020/12/23 183 22450 461 5 0
282 2020/12/24 91 22541 466 5 0
283 2020/12/25 47 22588 475 9 0
284 2020/12/26 95 22683 483 8 0
285 2020/12/27 85 22768 491 8 0
286 2020/12/28 294 23062 500 9 0
287 2020/12/29 258 23320 507 7 0
288 2020/12/30 219 23539 513 6 1
289 2020/12/31 168 23707 514 1 0
290 2021/01/01 61 23768 520 6 0
291 2021/01/02 76 23844 525 5 0
292 2021/01/03 77 23921 533 8 1
293 2021/01/04 256 24177 538 5 0
294 2021/01/05 153 24330 548 10 0
295 2021/01/06 164 24494 553 5 0
296 2021/01/07 255 24749 562 9 0
297 2021/01/08 200 24949 567 5 0
298 2021/01/09 53 25002 577 10 0
299 2021/01/10 58 25060 583 6 0
300 2021/01/11 164 25224 592 9 0
301 2021/01/12 113 25337 597 5 0
302 2021/01/13 89 25426 602 5 0
303 2021/01/14 121 25547 607 5 1
304 2021/01/15 105 25652 612 5 1
305 2021/01/16 28 25680 614 2 0
306 2021/01/17 34 25714 619 5 0
307 2021/01/18 76 25790 624 5 0
308 2021/01/19 78 25868 630 6 0
309 2021/01/20 81 25949 633 3 0
310 2021/01/21 78 26027 637 4 0
311 2021/01/22 93 26120 643 6 0
312 2021/01/23 31 26151 647 4 0
313 2021/01/24 26 26177 655 8 0
314 2021/01/25 95 26272 659 4 0
315 2021/01/26 50 26322 665 6 0
316 2021/01/27 79 26401 670 5 0
317 2021/01/28 52 26453 671 1 0
318 2021/01/29 46 26499 676 5 0
319 2021/01/30 15 26514 677 1 0
320 2021/01/31 21 26535 678 1 0
321 2021/02/01 72 26607 679 1 0
322 2021/02/02 47 26654 685 6 0
323 2021/02/03 53 26707 689 4 0
324 2021/02/04 34 26741 691 2 0
325 2021/02/05 44 26785 693 2 0
326 2021/02/06 11 26796 693 0 0
327 2021/02/07 7 26803 693 0 0
328 2021/02/08 27 26830 695 2 0
329 2021/02/09 19 26849 696 1 1
330 2021/02/10 29 26878 697 1 0
331 2021/02/11 41 26919 698 1 0
332 2021/02/12 22 26941 700 2 0
333 2021/02/13 9 26950 701 1 1
334 2021/02/14 8 26958 701 0 0
335 2021/02/15 8 26966 701 0 0
336 2021/02/16 16 26982 703 2 0
337 2021/02/17 13 26995 704 1 0
338 2021/02/18 17 27012 706 2 0
339 2021/02/19 29 27041 707 1 1
340 2021/02/20 6 27047 707 0 0
341 2021/02/21 8 27055 707 0 0
342 2021/02/22 20 27075 709 2 1
343 2021/02/23 23 27098 710 1 0
344 2021/02/24 21 27119 710 0 0
345 2021/02/25 16 27135 712 2 0
346 2021/02/26 8 27143 712 0 0
347 2021/02/27 8 27151 712 0 0
348 2021/02/28 8 27159 712 0 0
349 2021/03/01 29 27188 712 0 0
350 2021/03/02 10 27198 712 0 0
351 2021/03/03 12 27210 712 0 0
352 2021/03/04 18 27228 712 0 0
353 2021/03/05 13 27241 712 0 1
354 2021/03/06 10 27251 712 0 0
355 2021/03/07 4 27255 712 0 0
356 2021/03/08 9 27264 712 0 1
357 2021/03/09 7 27271 712 0 0
358 2021/03/10 9 27280 712 0 0
359 2021/03/11 15 27295 713 1 1
360 2021/03/12 7 27302 713 0 0
361 2021/03/13 11 27313 713 0 0
362 2021/03/14 6 27319 713 0 0
363 2021/03/15 19 27338 713 0 2
364 2021/03/16 21 27359 713 0 0
365 2021/03/17 11 27370 713 0 1
366 2021/03/18 18 27388 713 0 0
367 2021/03/19 15 27403 714 1 0
368 2021/03/20 10 27413 714 0 0
369 2021/03/21 6 27419 715 1 0
370 2021/03/22 18 27437 715 0 0
371 2021/03/23 14 27451 715 0 0
372 2021/03/24 8 27459 715 0 0
373 2021/03/25 9 27468 716 1 1
374 2021/03/26 14 27482 716 0 0
375 2021/03/27 27 27509 716 0 0
376 2021/03/28 11 27520 716 0 0
377 2021/03/29 29 27549 716 0 0
378 2021/03/30 17 27566 716 0 0
379 2021/03/31 27 27593 717 1 0
380 2021/04/01 18 27611 717 0 0
381 2021/04/02 29 27640 717 0 0
382 2021/04/03 13 27653 717 0 0
383 2021/04/04 14 27667 717 0 0
384 2021/04/05 56 27723 717 0 0
385 2021/04/06 29 27752 717 0 0
386 2021/04/07 34 27786 717 0 0
387 2021/04/08 20 27806 717 0 0
388 2021/04/09 16 27822 717 0 0
389 2021/04/10 10 27832 717 0 0
390 2021/04/11 10 27842 717 0 0
391 2021/04/12 25 27867 717 0 0
392 2021/04/13 17 27884 717 0 0
393 2021/04/14 4 27888 717 0 0
394 2021/04/15 0 27888 717 0 2
