dates I C D F E
1 2020/03/18 0 0 0 0 1
2 2020/03/19 0 0 0 0 1
3 2020/03/20 0 0 0 0 1
4 2020/03/21 1 1 1 1 1
5 2020/03/22 0 1 2 1 1
6 2020/03/23 2 3 5 3 1
7 2020/03/24 2 5 10 5 1
8 2020/03/25 0 5 15 5 1
9 2020/03/26 3 8 23 8 1
10 2020/03/27 1 9 32 9 1
11 2020/03/28 0 9 41 9 1
12 2020/03/29 0 9 50 9 1
13 2020/03/30 1 10 60 10 1
14 2020/03/31 0 10 70 10 1
15 2020/04/01 0 10 80 10 1
16 2020/04/02 0 10 90 10 1
17 2020/04/03 1 11 101 11 1
18 2020/04/04 0 11 112 11 1
19 2020/04/05 0 11 123 11 1
20 2020/04/06 0 11 134 11 1
21 2020/04/07 1 12 146 12 1
22 2020/04/08 0 12 158 12 1
23 2020/04/09 0 12 170 12 1
24 2020/04/10 1 13 183 13 1
25 2020/04/11 2 15 198 15 1
26 2020/04/12 0 15 213 15 1
27 2020/04/13 2 17 230 17 1
28 2020/04/14 0 17 247 17 1
29 2020/04/15 0 17 264 17 1
30 2020/04/16 0 17 281 17 1
31 2020/04/17 2 19 300 19 1
32 2020/04/18 0 19 319 19 1
33 2020/04/19 0 19 338 19 1
34 2020/04/20 0 19 357 19 1
35 2020/04/21 0 19 376 19 1
36 2020/04/22 0 19 395 19 1
37 2020/04/23 0 19 414 19 1
38 2020/04/24 0 19 433 19 1
39 2020/04/25 0 19 452 19 1
40 2020/04/26 0 19 471 19 1
41 2020/04/27 0 19 490 19 1
42 2020/04/28 0 19 509 19 1
43 2020/04/29 0 19 528 19 1
44 2020/04/30 0 19 547 19 1
45 2020/05/01 0 19 566 19 1
46 2020/05/02 0 19 585 19 1
47 2020/05/03 0 19 604 19 1
48 2020/05/04 0 19 623 19 1
49 2020/05/05 0 19 642 19 0
50 2020/05/06 0 19 661 19 0
51 2020/05/07 0 19 680 19 0
52 2020/05/08 0 19 699 19 0
53 2020/05/09 0 19 718 19 0
54 2020/05/10 0 19 737 19 0
55 2020/05/11 0 19 756 19 0
56 2020/05/12 0 19 775 19 0
57 2020/05/13 0 19 794 19 0
58 2020/05/14 0 19 813 19 0
59 2020/05/15 0 19 832 19 0
60 2020/05/16 0 19 851 19 0
61 2020/05/17 0 19 870 19 0
62 2020/05/18 0 19 889 19 0
63 2020/05/19 0 19 908 19 0
64 2020/05/20 0 19 927 19 0
65 2020/05/21 0 19 946 19 0
66 2020/05/22 0 19 965 19 0
67 2020/05/23 0 19 984 19 0
68 2020/05/24 0 19 1003 19 0
69 2020/05/25 0 19 1022 19 0
70 2020/05/26 1 20 1042 20 0
71 2020/05/27 0 20 1062 20 0
72 2020/05/28 0 20 1082 20 0
73 2020/05/29 0 20 1102 20 0
74 2020/05/30 0 20 1122 20 0
75 2020/05/31 0 20 1142 20 0
76 2020/06/01 0 20 1162 20 0
77 2020/06/02 0 20 1182 20 0
78 2020/06/03 2 22 1204 22 0
79 2020/06/04 0 22 1226 22 0
80 2020/06/05 0 22 1248 22 0
81 2020/06/06 0 22 1270 22 0
82 2020/06/07 0 22 1292 22 0
83 2020/06/08 0 22 1314 22 0
84 2020/06/09 0 22 1336 22 0
85 2020/06/10 0 22 1358 22 0
86 2020/06/11 0 22 1380 22 0
87 2020/06/12 2 24 1404 24 0
88 2020/06/13 0 24 1428 24 0
89 2020/06/14 0 24 1452 24 0
90 2020/06/15 1 25 1477 25 0
91 2020/06/16 0 25 1502 25 0
92 2020/06/17 0 25 1527 25 0
93 2020/06/18 1 26 1553 26 0
94 2020/06/19 1 27 1580 27 0
95 2020/06/20 0 27 1607 27 0
96 2020/06/21 0 27 1634 27 0
97 2020/06/22 2 29 1663 29 0
98 2020/06/23 0 29 1692 29 0
99 2020/06/24 0 29 1721 29 0
100 2020/06/25 0 29 1750 29 1
101 2020/06/26 3 32 1782 32 0
102 2020/06/27 1 33 1815 33 0
103 2020/06/28 0 33 1848 33 0
104 2020/06/29 0 33 1881 33 0
105 2020/06/30 1 34 1915 34 0
106 2020/07/01 0 34 1949 34 0
107 2020/07/02 1 35 1984 35 1
108 2020/07/03 0 35 2019 35 0
109 2020/07/04 0 35 2054 35 0
110 2020/07/05 0 35 2089 35 0
111 2020/07/06 1 36 2125 36 0
112 2020/07/07 0 36 2161 36 0
113 2020/07/08 1 37 2198 37 0
114 2020/07/09 0 37 2235 37 0
115 2020/07/10 2 39 2274 39 0
116 2020/07/11 0 39 2313 39 0
117 2020/07/12 0 39 2352 39 0
118 2020/07/13 2 41 2393 41 0
119 2020/07/14 1 42 2435 42 0
120 2020/07/15 0 42 2477 42 0
121 2020/07/16 0 42 2519 42 0
122 2020/07/17 0 42 2561 42 0
123 2020/07/18 0 42 2603 42 0
124 2020/07/19 0 42 2645 42 0
125 2020/07/20 4 46 2691 46 0
126 2020/07/21 2 48 2739 48 0
127 2020/07/22 1 49 2788 49 0
128 2020/07/23 4 53 2841 53 0
129 2020/07/24 2 55 2896 55 0
130 2020/07/25 0 55 2951 55 0
131 2020/07/26 1 56 3007 56 0
132 2020/07/27 5 61 3068 61 0
133 2020/07/28 0 61 3129 61 0
134 2020/07/29 2 63 3192 63 0
135 2020/07/30 5 68 3260 68 0
136 2020/07/31 4 72 3332 72 0
137 2020/08/01 10 82 3414 82 0
138 2020/08/02 2 84 3498 84 0
139 2020/08/03 1 85 3583 85 0
140 2020/08/04 3 88 3671 88 0
141 2020/08/05 14 102 3773 102 0
142 2020/08/06 2 104 3877 104 0
143 2020/08/07 8 112 3989 112 1
144 2020/08/08 1 113 4102 113 0
145 2020/08/09 4 117 4219 117 0
146 2020/08/10 5 122 4341 122 0
147 2020/08/11 0 122 4463 122 0
148 2020/08/12 5 127 4590 127 0
149 2020/08/13 17 144 4734 144 0
150 2020/08/14 4 148 4882 148 0
151 2020/08/15 2 150 5032 150 0
152 2020/08/16 0 150 5182 150 0
153 2020/08/17 7 157 5339 157 1
154 2020/08/18 8 165 5504 165 0
155 2020/08/19 1 166 5670 166 0
156 2020/08/20 2 168 5838 168 0
157 2020/08/21 1 169 6007 169 0
158 2020/08/22 0 169 6176 169 0
159 2020/08/23 0 169 6345 169 0
160 2020/08/24 3 172 6517 172 0
161 2020/08/25 4 176 6693 176 1
162 2020/08/26 2 178 6871 178 0
163 2020/08/27 3 181 7052 181 0
164 2020/08/28 0 181 7233 181 0
165 2020/08/29 1 182 7415 182 0
166 2020/08/30 0 182 7597 182 0
167 2020/08/31 0 182 7779 182 0
168 2020/09/01 1 183 7962 183 0
169 2020/09/02 0 183 8145 183 0
170 2020/09/03 0 183 8328 183 0
171 2020/09/04 2 185 8513 185 2
172 2020/09/05 0 185 8698 185 0
173 2020/09/06 0 185 8883 185 0
174 2020/09/07 0 185 9068 185 0
175 2020/09/08 0 185 9253 185 0
176 2020/09/09 0 185 9438 185 0
177 2020/09/10 1 186 9624 186 0
178 2020/09/11 1 187 9811 187 0
179 2020/09/12 0 187 9998 187 0
180 2020/09/13 0 187 10185 187 1
181 2020/09/14 0 187 10372 187 0
182 2020/09/15 0 187 10559 187 0
183 2020/09/16 0 187 10746 187 0
184 2020/09/17 1 188 10934 188 0
185 2020/09/18 0 188 11122 188 0
186 2020/09/19 0 188 11310 188 0
187 2020/09/20 0 188 11498 188 0
188 2020/09/21 0 188 11686 188 0
189 2020/09/22 1 189 11875 189 0
190 2020/09/23 0 189 12064 189 0
191 2020/09/24 1 190 12254 190 0
192 2020/09/25 0 190 12444 190 0
193 2020/09/26 2 192 12636 192 0
194 2020/09/27 1 193 12829 193 0
195 2020/09/28 2 195 13024 195 0
196 2020/09/29 1 196 13220 196 0
197 2020/09/30 1 197 13417 197 0
198 2020/10/01 0 197 13614 197 0
199 2020/10/02 0 197 13811 197 0
200 2020/10/03 2 199 14010 199 0
201 2020/10/04 0 199 14209 199 0
202 2020/10/05 3 202 14411 202 0
203 2020/10/06 0 202 14613 202 0
204 2020/10/07 2 204 14817 204 0
205 2020/10/08 0 204 15021 204 0
206 2020/10/09 3 207 15228 207 0
207 2020/10/10 3 210 15438 210 0
208 2020/10/11 3 213 15651 213 0
209 2020/10/12 4 217 15868 217 0
210 2020/10/13 3 220 16088 220 0
211 2020/10/14 3 223 16311 223 0
212 2020/10/15 1 224 16535 224 0
213 2020/10/16 0 224 16759 224 0
214 2020/10/17 4 228 16987 228 0
215 2020/10/18 5 233 17220 233 0
216 2020/10/19 3 236 17456 236 0
217 2020/10/20 1 237 17693 237 0
218 2020/10/21 0 237 17930 237 0
219 2020/10/22 4 241 18171 241 0
220 2020/10/23 3 244 18415 244 0
221 2020/10/24 1 245 18660 245 0
222 2020/10/25 0 245 18905 245 0
223 2020/10/26 3 248 19153 248 0
224 2020/10/27 0 248 19401 248 0
225 2020/10/28 0 248 19649 248 0
226 2020/10/29 0 248 19897 248 0
227 2020/10/30 2 250 20147 250 0
228 2020/10/31 1 251 20398 251 0
229 2020/11/01 1 252 20650 252 0
230 2020/11/02 2 254 20904 254 0
231 2020/11/03 3 257 21161 257 0
232 2020/11/04 1 258 21419 258 0
233 2020/11/05 1 259 21678 259 0
234 2020/11/06 0 259 21937 259 1
235 2020/11/07 2 261 22198 261 0
236 2020/11/08 2 263 22461 263 0
237 2020/11/09 4 267 22728 267 0
238 2020/11/10 0 267 22995 267 0
239 2020/11/11 1 268 23263 268 0
240 2020/11/12 2 270 23533 270 0
241 2020/11/13 1 271 23804 271 0
242 2020/11/14 1 272 24076 272 0
243 2020/11/15 1 273 24349 273 0
244 2020/11/16 10 283 24632 283 0
245 2020/11/17 3 286 24918 286 0
246 2020/11/18 1 287 25205 287 1
247 2020/11/19 2 289 25494 289 0
248 2020/11/20 2 291 25785 291 0
249 2020/11/21 2 293 26078 293 0
250 2020/11/22 2 295 26373 295 1
251 2020/11/23 7 302 26675 302 0
252 2020/11/24 7 309 26984 309 0
253 2020/11/25 1 310 27294 310 0
254 2020/11/26 2 312 27606 312 0
255 2020/11/27 1 313 27919 313 0
256 2020/11/28 6 319 28238 319 0
257 2020/11/29 8 327 28565 327 0
258 2020/11/30 15 342 28907 342 0
259 2020/12/01 5 347 29254 347 0
260 2020/12/02 7 354 29608 354 0
261 2020/12/03 7 361 29969 361 0
262 2020/12/04 3 364 30333 364 0
263 2020/12/05 8 372 30705 372 0
264 2020/12/06 5 377 31082 377 0
265 2020/12/07 13 390 31472 390 0
266 2020/12/08 15 405 31877 405 0
267 2020/12/09 23 428 32305 428 0
268 2020/12/10 14 442 32747 442 0
269 2020/12/11 21 463 33210 463 0
270 2020/12/12 12 475 33685 475 0
271 2020/12/13 4 479 34164 479 0
272 2020/12/14 21 500 34664 500 0
273 2020/12/15 14 514 35178 514 0
274 2020/12/16 13 527 35705 527 0
275 2020/12/17 13 540 36245 540 0
276 2020/12/18 17 557 36802 557 0
277 2020/12/19 20 577 37379 577 0
278 2020/12/20 7 584 37963 584 0
279 2020/12/21 14 598 38561 598 0
280 2020/12/22 21 619 39180 619 0
281 2020/12/23 21 640 39820 640 0
282 2020/12/24 12 652 40472 652 0
283 2020/12/25 2 654 41126 654 0
284 2020/12/26 9 663 41789 663 0
285 2020/12/27 13 676 42465 676 0
286 2020/12/28 22 698 43163 698 0
287 2020/12/29 7 705 43868 705 0
288 2020/12/30 17 722 44590 722 0
289 2020/12/31 7 729 45319 729 0
290 2021/01/01 8 737 46056 737 0
291 2021/01/02 24 761 46817 761 0
292 2021/01/03 13 774 47591 774 0
293 2021/01/04 17 791 48382 791 0
294 2021/01/05 27 818 49200 818 0
295 2021/01/06 14 832 50032 832 0
296 2021/01/07 16 848 50880 848 0
297 2021/01/08 13 861 51741 861 0
298 2021/01/09 14 875 52616 875 0
299 2021/01/10 10 885 53501 885 0
300 2021/01/11 28 913 54414 913 0
301 2021/01/12 18 931 55345 931 0
302 2021/01/13 17 948 56293 948 0
303 2021/01/14 12 960 57253 960 0
304 2021/01/15 7 967 58220 967 0
305 2021/01/16 18 985 59205 985 0
306 2021/01/17 4 989 60194 989 0
307 2021/01/18 6 995 61189 995 0
308 2021/01/19 12 1007 62196 1007 0
309 2021/01/20 7 1014 63210 1014 0
310 2021/01/21 10 1024 64234 1024 0
311 2021/01/22 9 1033 65267 1033 0
312 2021/01/23 11 1044 66311 1044 0
313 2021/01/24 9 1053 67364 1053 0
314 2021/01/25 16 1069 68433 1069 0
315 2021/01/26 6 1075 69508 1075 0
316 2021/01/27 7 1082 70590 1082 0
317 2021/01/28 4 1086 71676 1086 0
318 2021/01/29 5 1091 72767 1091 0
319 2021/01/30 12 1103 73870 1103 0
320 2021/01/31 4 1107 74977 1107 0
321 2021/02/01 13 1120 76097 1120 0
322 2021/02/02 10 1130 77227 1130 0
323 2021/02/03 3 1133 78360 1133 1
324 2021/02/04 10 1143 79503 1143 0
325 2021/02/05 12 1155 80658 1155 0
326 2021/02/06 4 1159 81817 1159 0
327 2021/02/07 3 1162 82979 1162 0
328 2021/02/08 11 1173 84152 1173 0
329 2021/02/09 13 1186 85338 1186 0
330 2021/02/10 8 1194 86532 1194 0
331 2021/02/11 12 1206 87738 1206 0
332 2021/02/12 9 1215 88953 1215 0
333 2021/02/13 6 1221 90174 1221 0
334 2021/02/14 4 1225 91399 1225 0
335 2021/02/15 6 1231 92630 1231 0
336 2021/02/16 19 1250 93880 1250 0
337 2021/02/17 8 1258 95138 1258 0
338 2021/02/18 8 1266 96404 1266 0
339 2021/02/19 4 1270 97674 1270 1
340 2021/02/20 5 1275 98949 1275 0
341 2021/02/21 4 1279 100228 1279 0
342 2021/02/22 6 1285 101513 1285 0
343 2021/02/23 5 1290 102803 1290 0
344 2021/02/24 4 1294 104097 1294 0
345 2021/02/25 5 1299 105396 1299 0
346 2021/02/26 6 1305 106701 1305 0
347 2021/02/27 2 1307 108008 1307 0
348 2021/02/28 3 1310 109318 1310 0
349 2021/03/01 5 1315 110633 1315 0
350 2021/03/02 3 1318 111951 1318 0
351 2021/03/03 4 1322 113273 1322 0
352 2021/03/04 8 1330 114603 1330 0
353 2021/03/05 3 1333 115936 1333 0
354 2021/03/06 4 1337 117273 1337 1
355 2021/03/07 3 1340 118613 1340 0
356 2021/03/08 3 1343 119956 1343 1
357 2021/03/09 2 1345 121301 1345 0
358 2021/03/10 2 1347 122648 1347 0
359 2021/03/11 0 1347 123995 1347 0
360 2021/03/12 5 1352 125347 1352 0
361 2021/03/13 2 1354 126701 1354 0
362 2021/03/14 1 1355 128056 1355 0
363 2021/03/15 4 1359 129415 1359 0
364 2021/03/16 0 1359 130774 1359 0
365 2021/03/17 1 1360 132134 1360 0
366 2021/03/18 2 1362 133496 1362 0
367 2021/03/19 3 1365 134861 1365 0
368 2021/03/20 2 1367 136228 1367 0
369 2021/03/21 0 1367 137595 1367 0
370 2021/03/22 0 1367 138962 1367 0
371 2021/03/23 3 1370 140332 1370 0
372 2021/03/24 2 1372 141704 1372 0
373 2021/03/25 0 1372 143076 1372 0
374 2021/03/26 0 1372 144448 1372 0
375 2021/03/27 1 1373 145821 1373 0
376 2021/03/28 2 1375 147196 1375 0
377 2021/03/29 1 1376 148572 1376 0
378 2021/03/30 0 1376 149948 1376 0
379 2021/03/31 0 1376 151324 1376 1
380 2021/04/01 3 1379 152703 1379 0
381 2021/04/02 1 1380 154083 1380 0
382 2021/04/03 0 1380 155463 1380 1
383 2021/04/04 1 1381 156844 1381 0
384 2021/04/05 4 1385 158229 1385 0
385 2021/04/06 3 1388 159617 1388 0
386 2021/04/07 0 1388 161005 1388 0
387 2021/04/08 1 1389 162394 1389 0
388 2021/04/09 1 1390 163784 1390 0
389 2021/04/10 1 1391 165175 1391 0
390 2021/04/11 0 1391 166566 1391 0
391 2021/04/12 0 1391 167957 1391 0
392 2021/04/13 0 1391 169348 1391 0
393 2021/04/14 0 1391 170739 1391 0
394 2021/04/15 0 1391 172130 1391 0
395 2021/04/16 0 1391 173521 1391 1
396 2021/04/17 0 1391 174912 1391 0
397 2021/04/18 3 1394 176306 1394 0
398 2021/04/19 1 1395 177701 1395 0
399 2021/04/20 0 1395 179096 1395 0
400 2021/04/21 0 1395 180491 1395 1
401 2021/04/22 0 1395 181886 1395 0
402 2021/04/23 1 1396 183282 1396 0
403 2021/04/24 0 1396 184678 1396 0
404 2021/04/25 1 1397 186075 1397 0
405 2021/04/26 0 1397 187472 1397 0
406 2021/04/27 1 1398 188870 1398 0
407 2021/04/28 0 1398 190268 1398 0
408 2021/04/29 0 1398 191666 1398 0
409 2021/04/30 0 1398 193064 1398 0
410 2021/05/01 0 1398 194462 1398 0
411 2021/05/02 0 1398 195860 1398 0
412 2021/05/03 2 1400 197260 1400 0
413 2021/05/04 1 1401 198661 1401 0
414 2021/05/05 0 1401 200062 1401 0
415 2021/05/06 1 1402 201464 1402 0
416 2021/05/07 0 1402 202866 1402 0
417 2021/05/08 0 1402 204268 1402 0
418 2021/05/09 0 1402 205670 1402 1
419 2021/05/10 0 1402 207072 1402 0
420 2021/05/11 0 1402 208474 1402 0
421 2021/05/12 1 1403 209877 1403 1
422 2021/05/13 0 1403 211280 1403 0
423 2021/05/14 0 1403 212683 1403 0
424 2021/05/15 0 1403 214086 1403 0
425 2021/05/16 0 1403 215489 1403 1
426 2021/05/17 0 1403 216892 1403 0
427 2021/05/18 0 1403 218295 1403 0
428 2021/05/19 0 1403 219698 1403 0
429 2021/05/20 0 1403 221101 1403 0
430 2021/05/21 0 1403 222504 1403 0
431 2021/05/22 0 1403 223907 1403 0
432 2021/05/23 0 1403 225310 1403 0
433 2021/05/24 0 1403 226713 1403 0
434 2021/05/25 0 1403 228116 1403 0
435 2021/05/26 0 1403 229519 1403 0
436 2021/05/27 0 1403 230922 1403 1
437 2021/05/28 0 1403 232325 1403 0
438 2021/05/29 0 1403 233728 1403 0
439 2021/05/30 0 1403 235131 1403 1
440 2021/05/31 0 1403 236534 1403 0
441 2021/06/01 1 1404 237938 1404 0
442 2021/06/02 0 1404 239342 1404 0
443 2021/06/03 1 1405 240747 1405 0
444 2021/06/04 0 1405 242152 1405 0
445 2021/06/05 0 1405 243557 1405 0
446 2021/06/06 0 1405 244962 1405 1
447 2021/06/07 1 1406 246368 1406 0
448 2021/06/08 0 1406 247774 1406 0
449 2021/06/09 0 1406 249180 1406 0
450 2021/06/10 0 1406 250586 1406 0
451 2021/06/11 0 1406 251992 1406 0
452 2021/06/12 0 1406 253398 1406 0
453 2021/06/13 0 1406 254804 1406 0
454 2021/06/14 0 1406 256210 1406 0
455 2021/06/15 1 1407 257617 1407 0
456 2021/06/16 0 1407 259024 1407 0
457 2021/06/17 1 1408 260432 1408 0
458 2021/06/18 0 1408 261840 1408 0
459 2021/06/19 0 1408 263248 1408 0
460 2021/06/20 0 1408 264656 1408 0
461 2021/06/21 1 1409 266065 1409 0
462 2021/06/22 1 1410 267475 1410 0
463 2021/06/23 0 1410 268885 1410 0
464 2021/06/24 0 1410 270295 1410 0
465 2021/06/25 1 1411 271706 1411 0
466 2021/06/26 1 1412 273118 1412 0
467 2021/06/27 0 1412 274530 1412 0
468 2021/06/28 0 1412 275942 1412 0
469 2021/06/29 3 1415 277357 1415 0
470 2021/06/30 0 1415 278772 1415 0
471 2021/07/01 0 1415 280187 1415 0
472 2021/07/02 0 1415 281602 1415 1
473 2021/07/03 0 1415 283017 1415 1
474 2021/07/04 0 1415 284432 1415 1
475 2021/07/05 0 1415 285847 1415 0
476 2021/07/06 0 1415 287262 1415 0
477 2021/07/07 0 1415 288677 1415 0
478 2021/07/08 1 1416 290093 1416 0
479 2021/07/09 0 1416 291509 1416 1
480 2021/07/10 0 1416 292925 1416 1
481 2021/07/11 1 1417 294342 1417 0
482 2021/07/12 2 1419 295761 1419 0
483 2021/07/13 0 1419 297180 1419 0
484 2021/07/14 0 1419 298599 1419 0
485 2021/07/15 1 1420 300019 1420 0
486 2021/07/16 0 1420 301439 1420 1
487 2021/07/17 1 1421 302860 1421 1
488 2021/07/18 0 1421 304281 1421 0
489 2021/07/19 2 1423 305704 1423 0
490 2021/07/20 1 1424 307128 1424 0
491 2021/07/21 0 1424 308552 1424 0
492 2021/07/22 0 1424 309976 1424 2
