dates I C D F E
1 2020/03/18 14 14 64 64 1
2 2020/03/19 15 29 143 79 1
3 2020/03/20 13 42 235 92 1
4 2020/03/21 15 57 342 107 1
5 2020/03/22 6 63 455 113 1
6 2020/03/23 17 80 585 130 1
7 2020/03/24 14 94 729 144 1
8 2020/03/25 18 112 891 162 1
9 2020/03/26 20 132 1073 182 1
10 2020/03/27 16 148 1271 198 1
11 2020/03/28 13 161 1482 211 1
12 2020/03/29 17 178 1710 228 2
13 2020/03/30 18 196 1956 246 1
14 2020/03/31 33 229 2235 279 1
15 2020/04/01 22 251 2536 301 1
16 2020/04/02 26 277 2863 327 1
17 2020/04/03 26 303 3216 353 1
18 2020/04/04 26 329 3595 379 1
19 2020/04/05 29 358 4003 408 1
20 2020/04/06 53 411 4464 461 1
21 2020/04/07 37 448 4962 498 1
22 2020/04/08 43 491 5503 541 1
23 2020/04/09 41 532 6085 582 1
24 2020/04/10 36 568 6703 618 1
25 2020/04/11 24 592 7345 642 1
26 2020/04/12 27 619 8014 669 1
27 2020/04/13 32 651 8715 701 1
28 2020/04/14 25 676 9441 726 1
29 2020/04/15 23 699 10190 749 1
30 2020/04/16 21 720 10960 770 1
31 2020/04/17 25 745 11755 795 1
32 2020/04/18 20 765 12570 815 1
33 2020/04/19 22 787 13407 837 1
34 2020/04/20 25 812 14269 862 1
35 2020/04/21 32 844 15163 894 1
36 2020/04/22 42 886 16099 936 1
37 2020/04/23 22 908 17057 958 1
38 2020/04/24 48 956 18063 1006 1
39 2020/04/25 23 979 19092 1029 1
40 2020/04/26 31 1010 20152 1060 1
41 2020/04/27 50 1060 21262 1110 1
42 2020/04/28 38 1098 22410 1148 1
43 2020/04/29 41 1139 23599 1189 1
44 2020/04/30 43 1182 24831 1232 1
45 2020/05/01 31 1213 26094 1263 1
46 2020/05/02 27 1240 27384 1290 1
47 2020/05/03 26 1266 28700 1316 1
48 2020/05/04 51 1317 30067 1367 1
49 2020/05/05 40 1357 31474 1407 0
50 2020/05/06 50 1407 32931 1457 0
51 2020/05/07 55 1462 34443 1512 0
52 2020/05/08 42 1504 35997 1554 0
53 2020/05/09 31 1535 37582 1585 0
54 2020/05/10 36 1571 39203 1621 0
55 2020/05/11 49 1620 40873 1670 0
56 2020/05/12 52 1672 42595 1722 0
57 2020/05/13 40 1712 44357 1762 0
58 2020/05/14 44 1756 46163 1806 0
59 2020/05/15 42 1798 48011 1848 0
60 2020/05/16 56 1854 49915 1904 0
61 2020/05/17 36 1890 51855 1940 0
62 2020/05/18 78 1968 53873 2018 0
63 2020/05/19 49 2017 55940 2067 0
64 2020/05/20 96 2113 58103 2163 0
65 2020/05/21 63 2176 60329 2226 0
66 2020/05/22 76 2252 62631 2302 0
67 2020/05/23 48 2300 64981 2350 0
68 2020/05/24 43 2343 67374 2393 0
69 2020/05/25 73 2416 69840 2466 0
70 2020/05/26 72 2488 72378 2538 0
71 2020/05/27 77 2565 74993 2615 0
72 2020/05/28 65 2630 77673 2680 1
73 2020/05/29 76 2706 80429 2756 0
74 2020/05/30 58 2764 83243 2814 0
75 2020/05/31 69 2833 86126 2883 0
76 2020/06/01 134 2967 89143 3017 0
77 2020/06/02 83 3050 92243 3100 0
78 2020/06/03 97 3147 95440 3197 0
79 2020/06/04 95 3242 98732 3292 0
80 2020/06/05 114 3356 102138 3406 0
81 2020/06/06 89 3445 105633 3495 0
82 2020/06/07 70 3515 109198 3565 0
83 2020/06/08 129 3644 112892 3694 0
84 2020/06/09 128 3772 116714 3822 0
85 2020/06/10 127 3899 120663 3949 0
86 2020/06/11 125 4024 124737 4074 0
87 2020/06/12 151 4175 128962 4225 0
88 2020/06/13 116 4291 133303 4341 0
89 2020/06/14 109 4400 137753 4450 0
90 2020/06/15 209 4609 142412 4659 0
91 2020/06/16 221 4830 147292 4880 0
92 2020/06/17 222 5052 152394 5102 0
93 2020/06/18 199 5251 157695 5301 0
94 2020/06/19 218 5469 163214 5519 0
95 2020/06/20 223 5692 168956 5742 0
96 2020/06/21 162 5854 174860 5904 0
97 2020/06/22 291 6145 181055 6195 0
98 2020/06/23 352 6497 187602 6547 0
99 2020/06/24 366 6863 194515 6913 0
100 2020/06/25 394 7257 201822 7307 0
101 2020/06/26 424 7681 209553 7731 0
102 2020/06/27 332 8013 217616 8063 0
103 2020/06/28 262 8275 225941 8325 0
104 2020/06/29 554 8829 234820 8879 0
105 2020/06/30 664 9493 244363 9543 0
106 2020/07/01 647 10140 254553 10190 0
107 2020/07/02 629 10769 265372 10819 0
108 2020/07/03 538 11307 276729 11357 0
109 2020/07/04 260 11567 288346 11617 0
110 2020/07/05 306 11873 300269 11923 0
111 2020/07/06 710 12583 312902 12633 0
112 2020/07/07 805 13388 326340 13438 0
113 2020/07/08 694 14082 340472 14132 0
114 2020/07/09 572 14654 355176 14704 0
115 2020/07/10 636 15290 370516 15340 0
116 2020/07/11 431 15721 386287 15771 0
117 2020/07/12 356 16077 402414 16127 0
118 2020/07/13 745 16822 419286 16872 0
119 2020/07/14 686 17508 436844 17558 0
120 2020/07/15 752 18260 455154 18310 0
121 2020/07/16 615 18875 474079 18925 0
122 2020/07/17 519 19394 493523 19444 0
123 2020/07/18 318 19712 513285 19762 0
124 2020/07/19 296 20008 533343 20058 0
125 2020/07/20 614 20622 554015 20672 0
126 2020/07/21 510 21132 575197 21182 0
127 2020/07/22 418 21550 596797 21600 0
128 2020/07/23 430 21980 618827 22030 0
129 2020/07/24 406 22386 641263 22436 0
130 2020/07/25 241 22627 663940 22677 0
131 2020/07/26 218 22845 686835 22895 0
132 2020/07/27 520 23365 710250 23415 0
133 2020/07/28 502 23867 734167 23917 0
134 2020/07/29 362 24229 758446 24279 0
135 2020/07/30 334 24563 783059 24613 0
136 2020/07/31 294 24857 807966 24907 0
137 2020/08/01 239 25096 833112 25146 0
138 2020/08/02 159 25255 858417 25305 0
139 2020/08/03 293 25548 884015 25598 0
140 2020/08/04 362 25910 909975 25960 0
141 2020/08/05 277 26187 936212 26237 0
142 2020/08/06 185 26372 962634 26422 0
143 2020/08/07 234 26606 989290 26656 0
144 2020/08/08 125 26731 1016071 26781 0
145 2020/08/09 114 26845 1042966 26895 0
146 2020/08/10 247 27092 1070108 27142 0
147 2020/08/11 221 27313 1097471 27363 0
148 2020/08/12 325 27638 1125159 27688 0
149 2020/08/13 190 27828 1153037 27878 0
150 2020/08/14 163 27991 1181078 28041 0
151 2020/08/15 101 28092 1209220 28142 0
152 2020/08/16 87 28179 1237449 28229 0
153 2020/08/17 193 28372 1265871 28422 0
154 2020/08/18 144 28516 1294437 28566 0
155 2020/08/19 148 28664 1323151 28714 0
156 2020/08/20 117 28781 1351982 28831 0
157 2020/08/21 166 28947 1380979 28997 0
158 2020/08/22 59 29006 1410035 29056 0
159 2020/08/23 52 29058 1439143 29108 0
160 2020/08/24 145 29203 1468396 29253 0
161 2020/08/25 93 29296 1497742 29346 0
162 2020/08/26 123 29419 1527211 29469 0
163 2020/08/27 132 29551 1556812 29601 0
164 2020/08/28 70 29621 1586483 29671 0
165 2020/08/29 45 29666 1616199 29716 0
166 2020/08/30 41 29707 1645956 29757 0
167 2020/08/31 90 29797 1675803 29847 0
168 2020/09/01 99 29896 1705749 29946 0
169 2020/09/02 88 29984 1735783 30034 0
170 2020/09/03 92 30076 1765909 30126 0
171 2020/09/04 92 30168 1796127 30218 0
172 2020/09/05 66 30234 1826411 30284 0
173 2020/09/06 57 30291 1856752 30341 0
174 2020/09/07 52 30343 1887145 30393 0
175 2020/09/08 116 30459 1917654 30509 0
176 2020/09/09 82 30541 1948245 30591 0
177 2020/09/10 97 30638 1978933 30688 0
178 2020/09/11 80 30718 2009701 30768 0
179 2020/09/12 64 30782 2040533 30832 0
180 2020/09/13 65 30847 2071430 30897 0
181 2020/09/14 89 30936 2102416 30986 0
182 2020/09/15 85 31021 2133487 31071 0
183 2020/09/16 109 31130 2164667 31180 0
184 2020/09/17 58 31188 2195905 31238 0
185 2020/09/18 60 31248 2227203 31298 0
186 2020/09/19 58 31306 2258559 31356 0
187 2020/09/20 54 31360 2289969 31410 0
188 2020/09/21 82 31442 2321461 31492 0
189 2020/09/22 70 31512 2353023 31562 0
190 2020/09/23 66 31578 2384651 31628 0
191 2020/09/24 44 31622 2416323 31672 0
192 2020/09/25 62 31684 2448057 31734 0
193 2020/09/26 51 31735 2479842 31785 0
194 2020/09/27 51 31786 2511678 31836 0
195 2020/09/28 118 31904 2543632 31954 0
196 2020/09/29 64 31968 2575650 32018 0
197 2020/09/30 52 32020 2607720 32070 0
198 2020/10/01 71 32091 2639861 32141 0
199 2020/10/02 62 32153 2672064 32203 0
200 2020/10/03 52 32205 2704319 32255 0
201 2020/10/04 49 32254 2736623 32304 0
202 2020/10/05 74 32328 2769001 32378 0
203 2020/10/06 77 32405 2801456 32455 0
204 2020/10/07 73 32478 2833984 32528 0
205 2020/10/08 69 32547 2866581 32597 0
206 2020/10/09 56 32603 2899234 32653 0
207 2020/10/10 40 32643 2931927 32693 0
208 2020/10/11 36 32679 2964656 32729 0
209 2020/10/12 87 32766 2997472 32816 0
210 2020/10/13 92 32858 3030380 32908 0
211 2020/10/14 76 32934 3063364 32984 0
212 2020/10/15 71 33005 3096419 33055 0
213 2020/10/16 81 33086 3129555 33136 0
214 2020/10/17 43 33129 3162734 33179 0
215 2020/10/18 50 33179 3195963 33229 0
216 2020/10/19 75 33254 3229267 33304 0
217 2020/10/20 78 33332 3262649 33382 0
218 2020/10/21 76 33408 3296107 33458 0
219 2020/10/22 70 33478 3329635 33528 0
220 2020/10/23 81 33559 3363244 33609 0
221 2020/10/24 70 33629 3396923 33679 0
222 2020/10/25 60 33689 3430662 33739 0
223 2020/10/26 104 33793 3464505 33843 0
224 2020/10/27 83 33876 3498431 33926 0
225 2020/10/28 112 33988 3532469 34038 0
226 2020/10/29 101 34089 3566608 34139 0
227 2020/10/30 102 34191 3600849 34241 0
228 2020/10/31 93 34284 3635183 34334 0
229 2020/11/01 98 34382 3669615 34432 0
230 2020/11/02 179 34561 3704226 34611 0
231 2020/11/03 156 34717 3738993 34767 0
232 2020/11/04 189 34906 3773949 34956 0
233 2020/11/05 154 35060 3809059 35110 0
234 2020/11/06 200 35260 3844369 35310 0
235 2020/11/07 163 35423 3879842 35473 0
236 2020/11/08 155 35578 3915470 35628 0
237 2020/11/09 214 35792 3951312 35842 0
238 2020/11/10 230 36022 3987384 36072 0
239 2020/11/11 275 36297 4023731 36347 0
240 2020/11/12 274 36571 4060352 36621 0
241 2020/11/13 261 36832 4097234 36882 0
242 2020/11/14 198 37030 4134314 37080 0
243 2020/11/15 206 37236 4171600 37286 0
244 2020/11/16 402 37638 4209288 37688 0
245 2020/11/17 384 38022 4247360 38072 0
246 2020/11/18 446 38468 4285878 38518 0
247 2020/11/19 379 38847 4324775 38897 0
248 2020/11/20 421 39268 4364093 39318 0
249 2020/11/21 290 39558 4403701 39608 0
250 2020/11/22 251 39809 4443560 39859 0
251 2020/11/23 573 40382 4483992 40432 0
252 2020/11/24 510 40892 4524934 40942 0
253 2020/11/25 472 41364 4566348 41414 0
254 2020/11/26 153 41517 4607915 41567 0
255 2020/11/27 440 41957 4649922 42007 0
256 2020/11/28 421 42378 4692350 42428 0
257 2020/11/29 359 42737 4735137 42787 0
258 2020/11/30 759 43496 4778683 43546 0
259 2020/12/01 752 44248 4822981 44298 0
260 2020/12/02 792 45040 4868071 45090 0
261 2020/12/03 888 45928 4914049 45978 0
262 2020/12/04 847 46775 4960874 46825 0
263 2020/12/05 544 47319 5008243 47369 1
264 2020/12/06 455 47774 5056067 47824 0
265 2020/12/07 992 48766 5104883 48816 0
266 2020/12/08 1021 49787 5154720 49837 0
267 2020/12/09 1290 51077 5205847 51127 0
268 2020/12/10 1135 52212 5258109 52262 0
269 2020/12/11 975 53187 5311346 53237 0
270 2020/12/12 669 53856 5365252 53906 0
271 2020/12/13 511 54367 5419669 54417 0
272 2020/12/14 1015 55382 5475101 55432 0
273 2020/12/15 1029 56411 5531562 56461 0
274 2020/12/16 1012 57423 5589035 57473 0
275 2020/12/17 869 58292 5647377 58342 0
276 2020/12/18 949 59241 5706668 59291 0
277 2020/12/19 654 59895 5766613 59945 0
278 2020/12/20 480 60375 5827038 60425 0
279 2020/12/21 1100 61475 5888563 61525 0
280 2020/12/22 892 62367 5950980 62417 0
281 2020/12/23 939 63306 6014336 63356 0
282 2020/12/24 513 63819 6078205 63869 0
283 2020/12/25 286 64105 6142360 64155 0
284 2020/12/26 725 64830 6207240 64880 0
285 2020/12/27 661 65491 6272781 65541 0
286 2020/12/28 1267 66758 6339589 66808 0
287 2020/12/29 1058 67816 6407455 67866 0
288 2020/12/30 1154 68970 6476475 69020 0
289 2020/12/31 722 69692 6546217 69742 0
290 2021/01/01 465 70157 6616424 70207 0
291 2021/01/02 825 70982 6687456 71032 0
292 2021/01/03 717 71699 6759205 71749 1
293 2021/01/04 1255 72954 6832209 73004 0
294 2021/01/05 1082 74036 6906295 74086 0
295 2021/01/06 1072 75108 6981453 75158 0
296 2021/01/07 944 76052 7057555 76102 0
297 2021/01/08 858 76910 7134515 76960 0
298 2021/01/09 561 77471 7212036 77521 0
299 2021/01/10 458 77929 7290015 77979 0
300 2021/01/11 822 78751 7368816 78801 0
301 2021/01/12 852 79603 7448469 79653 0
302 2021/01/13 700 80303 7528822 80353 0
303 2021/01/14 665 80968 7609840 81018 0
304 2021/01/15 665 81633 7691523 81683 0
305 2021/01/16 413 82046 7773619 82096 0
306 2021/01/17 363 82409 7856078 82459 0
307 2021/01/18 554 82963 7939091 83013 0
308 2021/01/19 638 83601 8022742 83651 0
309 2021/01/20 587 84188 8106980 84238 0
310 2021/01/21 452 84640 8191670 84690 0
311 2021/01/22 413 85053 8276773 85103 0
312 2021/01/23 302 85355 8362178 85405 0
313 2021/01/24 242 85597 8447825 85647 0
314 2021/01/25 441 86038 8533913 86088 0
315 2021/01/26 388 86426 8620389 86476 0
316 2021/01/27 430 86856 8707295 86906 0
317 2021/01/28 311 87167 8794512 87217 0
318 2021/01/29 328 87495 8882057 87545 0
319 2021/01/30 227 87722 8969829 87772 0
320 2021/01/31 203 87925 9057804 87975 0
321 2021/02/01 498 88423 9146277 88473 0
322 2021/02/02 397 88820 9235147 88870 0
323 2021/02/03 306 89126 9324323 89176 0
324 2021/02/04 243 89369 9413742 89419 0
325 2021/02/05 271 89640 9503432 89690 0
326 2021/02/06 165 89805 9593287 89855 0
327 2021/02/07 151 89956 9683293 90006 0
328 2021/02/08 244 90200 9773543 90250 0
329 2021/02/09 216 90416 9864009 90466 0
330 2021/02/10 250 90666 9954725 90716 0
331 2021/02/11 202 90868 10045643 90918 0
332 2021/02/12 188 91056 10136749 91106 0
333 2021/02/13 110 91166 10227965 91216 0
334 2021/02/14 89 91255 10319270 91305 0
335 2021/02/15 152 91407 10410727 91457 0
336 2021/02/16 141 91548 10502325 91598 0
337 2021/02/17 130 91678 10594053 91728 0
338 2021/02/18 119 91797 10685900 91847 1
339 2021/02/19 156 91953 10777903 92003 0
340 2021/02/20 69 92022 10869975 92072 0
341 2021/02/21 70 92092 10962117 92142 0
342 2021/02/22 125 92217 11054384 92267 0
343 2021/02/23 114 92331 11146765 92381 0
344 2021/02/24 136 92467 11239282 92517 0
345 2021/02/25 134 92601 11331933 92651 0
346 2021/02/26 114 92715 11424698 92765 0
347 2021/02/27 79 92794 11517542 92844 1
348 2021/02/28 60 92854 11610446 92904 0
349 2021/03/01 116 92970 11703466 93020 0
350 2021/03/02 89 93059 11796575 93109 0
351 2021/03/03 105 93164 11889789 93214 0
352 2021/03/04 73 93237 11983076 93287 0
353 2021/03/05 87 93324 12076450 93374 0
354 2021/03/06 38 93362 12169862 93412 0
355 2021/03/07 47 93409 12263321 93459 0
356 2021/03/08 85 93494 12356865 93544 0
357 2021/03/09 67 93561 12450476 93611 0
358 2021/03/10 77 93638 12544164 93688 0
359 2021/03/11 68 93706 12637920 93756 0
360 2021/03/12 53 93759 12731729 93809 0
361 2021/03/13 36 93795 12825574 93845 0
362 2021/03/14 38 93833 12919457 93883 0
363 2021/03/15 80 93913 13013420 93963 0
364 2021/03/16 60 93973 13107443 94023 0
365 2021/03/17 64 94037 13201530 94087 0
366 2021/03/18 55 94092 13295672 94142 0
367 2021/03/19 57 94149 13389871 94199 1
368 2021/03/20 33 94182 13484103 94232 0
369 2021/03/21 30 94212 13578365 94262 0
370 2021/03/22 63 94275 13672690 94325 0
371 2021/03/23 67 94342 13767082 94392 0
372 2021/03/24 105 94447 13861579 94497 0
373 2021/03/25 46 94493 13956122 94543 0
374 2021/03/26 32 94525 14050697 94575 0
375 2021/03/27 25 94550 14145297 94600 0
376 2021/03/28 19 94569 14239916 94619 0
377 2021/03/29 42 94611 14334577 94661 0
378 2021/03/30 44 94655 14429282 94705 0
379 2021/03/31 39 94694 14524026 94744 0
380 2021/04/01 39 94733 14618809 94783 0
381 2021/04/02 29 94762 14713621 94812 0
382 2021/04/03 17 94779 14808450 94829 0
383 2021/04/04 23 94802 14903302 94852 0
384 2021/04/05 40 94842 14998194 94892 0
385 2021/04/06 52 94894 15093138 94944 0
386 2021/04/07 42 94936 15188124 94986 0
387 2021/04/08 34 94970 15283144 95020 0
388 2021/04/09 39 95009 15378203 95059 0
389 2021/04/10 36 95045 15473298 95095 0
390 2021/04/11 13 95058 15568406 95108 1
391 2021/04/12 56 95114 15663570 95164 0
392 2021/04/13 32 95146 15758766 95196 0
393 2021/04/14 40 95186 15854002 95236 0
394 2021/04/15 24 95210 15949262 95260 0
395 2021/04/16 28 95238 16044550 95288 1
396 2021/04/17 30 95268 16139868 95318 0
397 2021/04/18 18 95286 16235204 95336 0
398 2021/04/19 31 95317 16330571 95367 0
399 2021/04/20 27 95344 16425965 95394 0
400 2021/04/21 31 95375 16521390 95425 0
401 2021/04/22 46 95421 16616861 95471 0
402 2021/04/23 40 95461 16712372 95511 1
403 2021/04/24 25 95486 16807908 95536 0
404 2021/04/25 18 95504 16903462 95554 0
405 2021/04/26 61 95565 16999077 95615 0
406 2021/04/27 25 95590 17094717 95640 0
407 2021/04/28 54 95644 17190411 95694 0
408 2021/04/29 30 95674 17286135 95724 0
409 2021/04/30 32 95706 17381891 95756 0
410 2021/05/01 16 95722 17477663 95772 0
411 2021/05/02 28 95750 17573463 95800 0
412 2021/05/03 58 95808 17669321 95858 0
413 2021/05/04 33 95841 17765212 95891 0
414 2021/05/05 30 95871 17861133 95921 0
415 2021/05/06 40 95911 17957094 95961 0
416 2021/05/07 25 95936 18053080 95986 0
417 2021/05/08 13 95949 18149079 95999 0
418 2021/05/09 22 95971 18245100 96021 0
419 2021/05/10 25 95996 18341146 96046 0
420 2021/05/11 42 96038 18437234 96088 0
421 2021/05/12 26 96064 18533348 96114 0
422 2021/05/13 35 96099 18629497 96149 0
423 2021/05/14 22 96121 18725668 96171 0
424 2021/05/15 28 96149 18821867 96199 0
425 2021/05/16 15 96164 18918081 96214 0
426 2021/05/17 33 96197 19014328 96247 0
427 2021/05/18 28 96225 19110603 96275 0
428 2021/05/19 33 96258 19206911 96308 0
429 2021/05/20 26 96284 19303245 96334 0
430 2021/05/21 19 96303 19399598 96353 0
431 2021/05/22 13 96316 19495964 96366 0
432 2021/05/23 10 96326 19592340 96376 0
433 2021/05/24 22 96348 19688738 96398 0
434 2021/05/25 28 96376 19785164 96426 0
435 2021/05/26 28 96404 19881618 96454 0
436 2021/05/27 29 96433 19978101 96483 0
437 2021/05/28 14 96447 20074598 96497 1
438 2021/05/29 11 96458 20171106 96508 1
439 2021/05/30 5 96463 20267619 96513 0
440 2021/05/31 16 96479 20364148 96529 0
441 2021/06/01 43 96522 20460720 96572 0
442 2021/06/02 27 96549 20557319 96599 0
443 2021/06/03 25 96574 20653943 96624 0
444 2021/06/04 27 96601 20750594 96651 0
445 2021/06/05 14 96615 20847259 96665 1
446 2021/06/06 12 96627 20943936 96677 0
447 2021/06/07 14 96641 21040627 96691 0
448 2021/06/08 9 96650 21137327 96700 0
449 2021/06/09 1 96651 21234028 96701 0
450 2021/06/10 0 96651 21330729 96701 2
