dates I C D F E
1 2020/03/18 1 8 0 0 1
2 2020/03/19 2 10 0 0 1
3 2020/03/20 3 13 0 0 1
4 2020/03/21 0 13 0 0 1
5 2020/03/22 0 13 0 0 1
6 2020/03/23 2 15 0 0 1
7 2020/03/24 0 15 0 0 1
8 2020/03/25 1 16 0 0 1
9 2020/03/26 1 17 0 0 1
10 2020/03/27 0 17 0 0 1
11 2020/03/28 1 18 0 0 1
12 2020/03/29 1 19 0 0 2
13 2020/03/30 3 22 0 0 1
14 2020/03/31 0 22 0 0 1
15 2020/04/01 2 24 0 0 1
16 2020/04/02 2 26 0 0 1
17 2020/04/03 0 26 0 0 1
18 2020/04/04 2 28 0 0 1
19 2020/04/05 0 28 0 0 1
20 2020/04/06 1 29 0 0 2
21 2020/04/07 0 29 0 0 1
22 2020/04/08 2 31 0 0 1
23 2020/04/09 0 31 0 0 1
24 2020/04/10 2 33 0 0 1
25 2020/04/11 3 36 1 1 1
26 2020/04/12 3 39 1 0 1
27 2020/04/13 2 41 1 0 1
28 2020/04/14 4 45 1 0 1
29 2020/04/15 1 46 1 0 1
30 2020/04/16 4 50 1 0 1
31 2020/04/17 4 54 1 0 1
32 2020/04/18 2 56 1 0 1
33 2020/04/19 1 57 1 0 1
34 2020/04/20 10 67 1 0 1
35 2020/04/21 11 78 1 0 1
36 2020/04/22 13 91 1 0 1
37 2020/04/23 21 112 1 0 1
38 2020/04/24 15 127 1 0 1
39 2020/04/25 29 156 1 0 1
40 2020/04/26 12 168 1 0 1
41 2020/04/27 25 193 1 0 1
42 2020/04/28 23 216 1 0 1
43 2020/04/29 13 229 1 0 1
44 2020/04/30 19 248 1 0 1
45 2020/05/01 12 260 1 0 1
46 2020/05/02 17 277 1 0 1
47 2020/05/03 3 280 1 0 1
48 2020/05/04 20 300 1 0 1
49 2020/05/05 17 317 1 0 0
50 2020/05/06 16 333 1 0 0
51 2020/05/07 18 351 1 0 0
52 2020/05/08 22 373 1 0 0
53 2020/05/09 9 382 1 0 0
54 2020/05/10 5 387 1 0 0
55 2020/05/11 13 400 1 0 0
56 2020/05/12 23 423 1 0 0
57 2020/05/13 21 444 1 0 0
58 2020/05/14 13 457 2 1 0
59 2020/05/15 16 473 2 0 0
60 2020/05/16 3 476 2 0 0
61 2020/05/17 9 485 2 0 0
62 2020/05/18 47 532 2 0 0
63 2020/05/19 31 563 2 0 0
64 2020/05/20 9 572 2 0 0
65 2020/05/21 143 715 2 0 0
66 2020/05/22 21 736 2 0 0
67 2020/05/23 3 739 2 0 0
68 2020/05/24 4 743 2 0 0
69 2020/05/25 11 754 2 0 0
70 2020/05/26 29 783 3 1 0
71 2020/05/27 68 851 3 0 0
72 2020/05/28 27 878 3 0 0
73 2020/05/29 337 1215 3 0 0
74 2020/05/30 11 1226 4 1 0
75 2020/05/31 14 1240 5 1 0
76 2020/06/01 37 1277 6 1 0
77 2020/06/02 268 1545 6 0 0
78 2020/06/03 28 1573 6 0 0
79 2020/06/04 65 1638 6 0 0
80 2020/06/05 70 1708 6 0 0
81 2020/06/06 15 1723 6 0 0
82 2020/06/07 19 1742 6 0 0
83 2020/06/08 48 1790 6 0 0
84 2020/06/09 76 1866 6 0 0
85 2020/06/10 32 1898 6 0 0
86 2020/06/11 47 1945 6 0 0
87 2020/06/12 34 1979 6 0 0
88 2020/06/13 13 1992 6 0 0
89 2020/06/14 20 2012 8 2 1
90 2020/06/15 51 2063 9 1 0
91 2020/06/16 77 2140 9 0 0
92 2020/06/17 46 2186 11 2 0
93 2020/06/18 30 2216 12 1 0
94 2020/06/19 59 2275 13 1 0
95 2020/06/20 21 2296 18 5 0
96 2020/06/21 24 2320 19 1 0
97 2020/06/22 63 2383 20 1 0
98 2020/06/23 48 2431 21 1 0
99 2020/06/24 65 2496 21 0 0
100 2020/06/25 62 2558 22 1 0
101 2020/06/26 52 2610 24 2 0
102 2020/06/27 32 2642 27 3 0
103 2020/06/28 26 2668 29 2 0
104 2020/06/29 59 2727 32 3 0
105 2020/06/30 64 2791 33 1 0
106 2020/07/01 49 2840 33 0 0
107 2020/07/02 68 2908 35 2 0
108 2020/07/03 50 2958 37 2 0
109 2020/07/04 36 2994 38 1 0
110 2020/07/05 43 3037 38 0 0
111 2020/07/06 83 3120 38 0 0
112 2020/07/07 49 3169 39 1 0
113 2020/07/08 61 3230 39 0 0
114 2020/07/09 60 3290 39 0 0
115 2020/07/10 63 3353 39 0 0
116 2020/07/11 35 3388 40 1 0
117 2020/07/12 27 3415 40 0 0
118 2020/07/13 62 3477 41 1 0
119 2020/07/14 51 3528 41 0 0
120 2020/07/15 67 3595 41 0 0
121 2020/07/16 61 3656 41 0 0
122 2020/07/17 166 3822 42 1 0
123 2020/07/18 38 3860 43 1 0
124 2020/07/19 38 3898 44 1 0
125 2020/07/20 84 3982 45 1 0
126 2020/07/21 48 4030 45 0 0
127 2020/07/22 63 4093 45 0 0
128 2020/07/23 52 4145 47 2 0
129 2020/07/24 108 4253 48 1 0
130 2020/07/25 28 4281 48 0 0
131 2020/07/26 17 4298 49 1 0
132 2020/07/27 59 4357 52 3 0
133 2020/07/28 249 4606 54 2 0
134 2020/07/29 46 4652 56 2 0
135 2020/07/30 48 4700 57 1 0
136 2020/07/31 104 4804 58 1 0
137 2020/08/01 28 4832 58 0 0
138 2020/08/02 26 4858 58 0 0
139 2020/08/03 62 4920 58 0 0
140 2020/08/04 112 5032 58 0 0
141 2020/08/05 61 5093 60 2 0
142 2020/08/06 45 5138 60 0 0
143 2020/08/07 60 5198 61 1 0
144 2020/08/08 17 5215 61 0 0
145 2020/08/09 14 5229 62 1 0
146 2020/08/10 43 5272 62 0 0
147 2020/08/11 106 5378 63 1 0
148 2020/08/12 185 5563 64 1 0
149 2020/08/13 39 5602 64 0 0
150 2020/08/14 34 5636 66 2 0
151 2020/08/15 14 5650 66 0 0
152 2020/08/16 17 5667 66 0 0
153 2020/08/17 31 5698 66 0 0
154 2020/08/18 37 5735 66 0 0
155 2020/08/19 27 5762 67 1 0
156 2020/08/20 172 5934 67 0 0
157 2020/08/21 40 5974 68 1 0
158 2020/08/22 22 5996 69 1 0
159 2020/08/23 9 6005 72 3 0
160 2020/08/24 42 6047 72 0 0
161 2020/08/25 88 6135 72 0 1
162 2020/08/26 157 6292 72 0 0
163 2020/08/27 20 6312 73 1 0
164 2020/08/28 22 6334 73 0 0
165 2020/08/29 7 6341 74 1 0
166 2020/08/30 15 6356 74 0 0
167 2020/08/31 46 6402 74 0 0
168 2020/09/01 268 6670 74 0 0
169 2020/09/02 31 6701 75 1 0
170 2020/09/03 85 6786 75 0 0
171 2020/09/04 80 6866 75 0 0
172 2020/09/05 13 6879 75 0 0
173 2020/09/06 9 6888 75 0 0
174 2020/09/07 20 6908 75 0 0
175 2020/09/08 124 7032 75 0 0
176 2020/09/09 38 7070 76 1 0
177 2020/09/10 18 7088 76 0 1
178 2020/09/11 30 7118 76 0 0
179 2020/09/12 17 7135 76 0 0
180 2020/09/13 10 7145 76 0 0
181 2020/09/14 19 7164 76 0 0
182 2020/09/15 82 7246 76 0 0
183 2020/09/16 158 7404 76 0 0
184 2020/09/17 25 7429 76 0 0
185 2020/09/18 71 7500 76 0 0
186 2020/09/19 10 7510 76 0 0
187 2020/09/20 6 7516 76 0 0
188 2020/09/21 47 7563 76 0 0
189 2020/09/22 112 7675 76 0 0
190 2020/09/23 57 7732 77 1 0
191 2020/09/24 22 7754 78 1 0
192 2020/09/25 16 7770 78 0 0
193 2020/09/26 5 7775 79 1 0
194 2020/09/27 12 7787 79 0 0
195 2020/09/28 20 7807 79 0 0
196 2020/09/29 141 7948 79 0 0
197 2020/09/30 56 8004 81 2 0
198 2020/10/01 29 8033 81 0 0
199 2020/10/02 11 8044 81 0 0
200 2020/10/03 9 8053 81 0 0
201 2020/10/04 4 8057 81 0 0
202 2020/10/05 15 8072 81 0 0
203 2020/10/06 97 8169 81 0 0
204 2020/10/07 16 8185 81 0 1
205 2020/10/08 15 8200 81 0 0
206 2020/10/09 6 8206 81 0 0
207 2020/10/10 7 8213 81 0 0
208 2020/10/11 4 8217 81 0 0
209 2020/10/12 17 8234 81 0 0
210 2020/10/13 6 8240 82 1 0
211 2020/10/14 9 8249 82 0 0
212 2020/10/15 17 8266 82 0 0
213 2020/10/16 15 8281 82 0 0
214 2020/10/17 9 8290 82 0 0
215 2020/10/18 6 8296 82 0 0
216 2020/10/19 15 8311 82 0 0
217 2020/10/20 18 8329 82 0 0
218 2020/10/21 18 8347 82 0 0
219 2020/10/22 27 8374 82 0 0
220 2020/10/23 251 8625 82 0 0
221 2020/10/24 9 8634 82 0 0
222 2020/10/25 10 8644 82 0 0
223 2020/10/26 33 8677 82 0 0
224 2020/10/27 22 8699 82 0 0
225 2020/10/28 31 8730 82 0 1
226 2020/10/29 22 8752 82 0 0
227 2020/10/30 154 8906 83 1 0
228 2020/10/31 10 8916 83 0 0
229 2020/11/01 21 8937 83 0 0
230 2020/11/02 38 8975 83 0 0
231 2020/11/03 30 9005 84 1 0
232 2020/11/04 163 9168 84 0 0
233 2020/11/05 34 9202 86 2 0
234 2020/11/06 155 9357 86 0 0
235 2020/11/07 23 9380 86 0 0
236 2020/11/08 33 9413 86 0 0
237 2020/11/09 133 9546 86 0 0
238 2020/11/10 70 9616 86 0 0
239 2020/11/11 47 9663 86 0 0
240 2020/11/12 106 9769 86 0 0
241 2020/11/13 65 9834 86 0 0
242 2020/11/14 59 9893 86 0 0
243 2020/11/15 35 9928 86 0 0
244 2020/11/16 193 10121 86 0 0
245 2020/11/17 266 10387 86 0 0
246 2020/11/18 73 10460 86 0 0
247 2020/11/19 148 10608 86 0 0
248 2020/11/20 147 10755 86 0 0
249 2020/11/21 47 10802 86 0 0
250 2020/11/22 48 10850 87 1 0
251 2020/11/23 101 10951 87 0 0
252 2020/11/24 419 11370 87 0 0
253 2020/11/25 267 11637 87 0 0
254 2020/11/26 35 11672 89 2 0
255 2020/11/27 55 11727 89 0 0
256 2020/11/28 86 11813 89 0 0
257 2020/11/29 64 11877 90 1 0
258 2020/11/30 148 12025 91 1 0
259 2020/12/01 146 12171 93 2 0
260 2020/12/02 313 12484 94 1 0
261 2020/12/03 353 12837 95 1 0
262 2020/12/04 99 12936 98 3 0
263 2020/12/05 93 13029 98 0 0
264 2020/12/06 79 13108 100 2 0
265 2020/12/07 269 13377 101 1 0
266 2020/12/08 140 13517 105 4 0
267 2020/12/09 152 13669 105 0 0
268 2020/12/10 145 13814 105 0 0
269 2020/12/11 151 13965 105 0 0
270 2020/12/12 142 14107 106 1 0
271 2020/12/13 87 14194 107 1 0
272 2020/12/14 277 14471 107 0 0
273 2020/12/15 183 14654 107 0 0
274 2020/12/16 164 14818 109 2 0
275 2020/12/17 179 14997 109 0 1
276 2020/12/18 99 15096 111 2 0
277 2020/12/19 125 15221 113 2 0
278 2020/12/20 79 15300 115 2 0
279 2020/12/21 218 15518 118 3 0
280 2020/12/22 250 15768 121 3 0
281 2020/12/23 139 15907 121 0 0
282 2020/12/24 78 15985 124 3 0
283 2020/12/25 40 16025 125 1 0
284 2020/12/26 110 16135 127 2 0
285 2020/12/27 118 16253 129 2 0
286 2020/12/28 235 16488 129 0 0
287 2020/12/29 216 16704 131 2 0
288 2020/12/30 168 16872 132 1 0
289 2020/12/31 119 16991 132 0 0
290 2021/01/01 75 17066 132 0 0
291 2021/01/02 183 17249 136 4 0
292 2021/01/03 92 17341 138 2 0
293 2021/01/04 267 17608 139 1 0
294 2021/01/05 271 17879 144 5 0
295 2021/01/06 198 18077 146 2 0
296 2021/01/07 194 18271 147 1 0
297 2021/01/08 128 18399 149 2 0
298 2021/01/09 128 18527 152 3 0
299 2021/01/10 96 18623 156 4 0
300 2021/01/11 219 18842 158 2 0
301 2021/01/12 264 19106 159 1 0
302 2021/01/13 206 19312 161 2 0
303 2021/01/14 165 19477 162 1 0
304 2021/01/15 129 19606 162 0 0
305 2021/01/16 107 19713 164 2 0
306 2021/01/17 56 19769 164 0 0
307 2021/01/18 136 19905 168 4 0
308 2021/01/19 168 20073 171 3 0
309 2021/01/20 139 20212 172 1 0
310 2021/01/21 89 20301 175 3 0
311 2021/01/22 70 20371 178 3 0
312 2021/01/23 76 20447 180 2 0
313 2021/01/24 44 20491 181 1 0
314 2021/01/25 126 20617 184 3 0
315 2021/01/26 120 20737 185 1 0
316 2021/01/27 58 20795 188 3 0
317 2021/01/28 106 20901 190 2 0
318 2021/01/29 59 20960 193 3 0
319 2021/01/30 39 20999 197 4 0
320 2021/01/31 70 21069 199 2 0
321 2021/02/01 82 21151 199 0 0
322 2021/02/02 89 21240 200 1 0
323 2021/02/03 77 21317 202 2 0
324 2021/02/04 59 21376 202 0 0
325 2021/02/05 50 21426 205 3 0
326 2021/02/06 37 21463 207 2 0
327 2021/02/07 30 21493 209 2 0
328 2021/02/08 60 21553 211 2 0
329 2021/02/09 62 21615 213 2 0
330 2021/02/10 41 21656 213 0 0
331 2021/02/11 42 21698 214 1 0
332 2021/02/12 30 21728 216 2 0
333 2021/02/13 31 21759 216 0 0
334 2021/02/14 15 21774 218 2 0
335 2021/02/15 25 21799 219 1 0
336 2021/02/16 45 21844 220 1 0
337 2021/02/17 46 21890 222 2 0
338 2021/02/18 37 21927 223 1 0
339 2021/02/19 21 21948 225 2 0
340 2021/02/20 14 21962 226 1 0
341 2021/02/21 18 21980 226 0 0
342 2021/02/22 34 22014 226 0 0
343 2021/02/23 21 22035 228 2 0
344 2021/02/24 15 22050 231 3 0
345 2021/02/25 23 22073 232 1 0
346 2021/02/26 9 22082 232 0 0
347 2021/02/27 16 22098 233 1 0
348 2021/02/28 10 22108 233 0 0
349 2021/03/01 21 22129 233 0 0
350 2021/03/02 17 22146 233 0 0
351 2021/03/03 52 22198 234 1 0
352 2021/03/04 16 22214 234 0 0
353 2021/03/05 25 22239 234 0 0
354 2021/03/06 17 22256 236 2 0
355 2021/03/07 17 22273 236 0 0
356 2021/03/08 20 22293 236 0 0
357 2021/03/09 20 22313 236 0 0
358 2021/03/10 25 22338 236 0 0
359 2021/03/11 19 22357 236 0 0
360 2021/03/12 15 22372 236 0 0
361 2021/03/13 19 22391 237 1 0
362 2021/03/14 16 22407 237 0 0
363 2021/03/15 18 22425 238 1 0
364 2021/03/16 17 22442 238 0 0
365 2021/03/17 34 22476 238 0 0
366 2021/03/18 16 22492 239 1 0
367 2021/03/19 6 22498 239 0 0
368 2021/03/20 9 22507 240 1 0
369 2021/03/21 7 22514 240 0 0
370 2021/03/22 17 22531 241 1 0
371 2021/03/23 13 22544 242 1 0
372 2021/03/24 11 22555 242 0 0
373 2021/03/25 14 22569 242 0 0
374 2021/03/26 10 22579 242 0 0
375 2021/03/27 8 22587 242 0 1
376 2021/03/28 3 22590 242 0 0
377 2021/03/29 4 22594 243 1 0
378 2021/03/30 12 22606 243 0 0
379 2021/03/31 4 22610 243 0 0
380 2021/04/01 3 22613 243 0 0
381 2021/04/02 7 22620 243 0 0
382 2021/04/03 0 22620 243 0 0
383 2021/04/04 2 22622 243 0 0
384 2021/04/05 2 22624 243 0 0
385 2021/04/06 4 22628 243 0 0
386 2021/04/07 6 22634 243 0 0
387 2021/04/08 2 22636 243 0 0
388 2021/04/09 6 22642 243 0 1
389 2021/04/10 9 22651 243 0 1
390 2021/04/11 4 22655 243 0 0
391 2021/04/12 9 22664 243 0 0
392 2021/04/13 8 22672 243 0 0
393 2021/04/14 16 22688 243 0 0
394 2021/04/15 8 22696 243 0 1
395 2021/04/16 14 22710 243 0 0
396 2021/04/17 3 22713 243 0 0
397 2021/04/18 5 22718 243 0 0
398 2021/04/19 9 22727 243 0 0
399 2021/04/20 16 22743 243 0 0
400 2021/04/21 6 22749 243 0 0
401 2021/04/22 7 22756 243 0 0
402 2021/04/23 10 22766 243 0 0
403 2021/04/24 3 22769 243 0 0
404 2021/04/25 3 22772 243 0 0
405 2021/04/26 14 22786 243 0 0
406 2021/04/27 3 22789 243 0 0
407 2021/04/28 14 22803 243 0 0
408 2021/04/29 11 22814 243 0 0
409 2021/04/30 10 22824 243 0 0
410 2021/05/01 3 22827 243 0 0
411 2021/05/02 2 22829 243 0 0
412 2021/05/03 18 22847 243 0 0
413 2021/05/04 9 22856 243 0 0
414 2021/05/05 15 22871 243 0 0
415 2021/05/06 6 22877 243 0 0
416 2021/05/07 7 22884 243 0 0
417 2021/05/08 1 22885 243 0 0
418 2021/05/09 3 22888 243 0 0
419 2021/05/10 9 22897 243 0 0
420 2021/05/11 11 22908 243 0 0
421 2021/05/12 8 22916 243 0 0
422 2021/05/13 2 22918 243 0 0
423 2021/05/14 1 22919 243 0 0
424 2021/05/15 1 22920 244 1 0
425 2021/05/16 1 22921 244 0 0
426 2021/05/17 4 22925 244 0 0
427 2021/05/18 3 22928 244 0 1
428 2021/05/19 6 22934 244 0 1
429 2021/05/20 6 22940 244 0 0
430 2021/05/21 2 22942 244 0 0
431 2021/05/22 0 22942 244 0 0
432 2021/05/23 0 22942 244 0 0
433 2021/05/24 13 22955 244 0 0
434 2021/05/25 4 22959 244 0 1
435 2021/05/26 6 22965 244 0 0
436 2021/05/27 4 22969 245 1 0
437 2021/05/28 3 22972 245 0 1
438 2021/05/29 2 22974 245 0 0
439 2021/05/30 1 22975 245 0 0
440 2021/05/31 1 22976 245 0 0
441 2021/06/01 4 22980 245 0 0
442 2021/06/02 4 22984 245 0 0
443 2021/06/03 2 22986 245 0 0
444 2021/06/04 4 22990 245 0 0
445 2021/06/05 0 22990 245 0 0
446 2021/06/06 3 22993 245 0 0
447 2021/06/07 6 22999 245 0 0
448 2021/06/08 4 23003 245 0 0
449 2021/06/09 1 23004 245 0 0
450 2021/06/10 2 23006 245 0 0
451 2021/06/11 1 23007 245 0 0
452 2021/06/12 4 23011 245 0 1
453 2021/06/13 2 23013 245 0 0
454 2021/06/14 5 23018 245 0 0
455 2021/06/15 2 23020 245 0 1
456 2021/06/16 6 23026 245 0 0
457 2021/06/17 1 23027 245 0 0
458 2021/06/18 4 23031 245 0 0
459 2021/06/19 5 23036 245 0 0
460 2021/06/20 3 23039 245 0 0
461 2021/06/21 5 23044 245 0 0
462 2021/06/22 7 23051 245 0 0
463 2021/06/23 8 23059 245 0 0
464 2021/06/24 7 23066 245 0 0
465 2021/06/25 4 23070 245 0 0
466 2021/06/26 6 23076 245 0 0
467 2021/06/27 4 23080 245 0 0
468 2021/06/28 10 23090 245 0 0
469 2021/06/29 6 23096 245 0 2
470 2021/06/30 9 23105 245 0 0
471 2021/07/01 5 23110 245 0 0
472 2021/07/02 14 23124 245 0 1
473 2021/07/03 10 23134 245 0 1
474 2021/07/04 0 23134 245 0 1
475 2021/07/05 7 23141 245 0 0
476 2021/07/06 8 23149 246 1 0
477 2021/07/07 8 23157 246 0 0
478 2021/07/08 13 23170 246 0 0
479 2021/07/09 9 23179 246 0 1
480 2021/07/10 10 23189 246 0 1
481 2021/07/11 7 23196 246 0 0
482 2021/07/12 31 23227 246 0 0
483 2021/07/13 20 23247 246 0 0
484 2021/07/14 18 23265 246 0 0
485 2021/07/15 12 23277 246 0 0
486 2021/07/16 37 23314 246 0 1
487 2021/07/17 23 23337 246 0 1
488 2021/07/18 21 23358 246 0 0
489 2021/07/19 21 23379 246 0 0
490 2021/07/20 33 23412 246 0 0
491 2021/07/21 41 23453 247 1 0
492 2021/07/22 28 23481 248 1 0
493 2021/07/23 40 23521 248 0 1
494 2021/07/24 31 23552 248 0 1
495 2021/07/25 31 23583 249 1 0
496 2021/07/26 53 23636 249 0 0
497 2021/07/27 49 23685 249 0 0
498 2021/07/28 55 23740 250 1 0
499 2021/07/29 65 23805 250 0 0
500 2021/07/30 43 23848 250 0 1
501 2021/07/31 41 23889 250 0 1
502 2021/08/01 51 23940 251 1 0
503 2021/08/02 88 24028 251 0 0
504 2021/08/03 69 24097 252 1 0
505 2021/08/04 88 24185 252 0 0
506 2021/08/05 69 24254 252 0 1
507 2021/08/06 87 24341 252 0 0
508 2021/08/07 57 24398 253 1 0
509 2021/08/08 61 24459 253 0 0
510 2021/08/09 113 24572 253 0 0
511 2021/08/10 106 24678 254 1 0
512 2021/08/11 129 24807 254 0 1
513 2021/08/12 112 24919 256 2 0
514 2021/08/13 98 25017 256 0 0
515 2021/08/14 83 25100 256 0 0
516 2021/08/15 94 25194 256 0 0
517 2021/08/16 147 25341 256 0 0
518 2021/08/17 100 25441 257 1 0
519 2021/08/18 107 25548 258 1 0
520 2021/08/19 106 25654 258 0 0
521 2021/08/20 130 25784 260 2 0
522 2021/08/21 63 25847 261 1 0
523 2021/08/22 74 25921 261 0 0
524 2021/08/23 150 26071 262 1 0
525 2021/08/24 126 26197 264 2 0
526 2021/08/25 119 26316 264 0 0
527 2021/08/26 103 26419 264 0 0
528 2021/08/27 122 26541 264 0 1
529 2021/08/28 69 26610 264 0 0
530 2021/08/29 66 26676 264 0 0
531 2021/08/30 154 26830 266 2 0
532 2021/08/31 125 26955 268 2 0
533 2021/09/01 135 27090 269 1 0
534 2021/09/02 114 27204 270 1 0
535 2021/09/03 88 27292 270 0 0
536 2021/09/04 76 27368 270 0 0
537 2021/09/05 70 27438 273 3 0
538 2021/09/06 63 27501 277 4 0
539 2021/09/07 129 27630 277 0 0
540 2021/09/08 107 27737 278 1 0
541 2021/09/09 99 27836 278 0 0
542 2021/09/10 77 27913 278 0 0
543 2021/09/11 46 27959 279 1 0
544 2021/09/12 32 27991 279 0 1
545 2021/09/13 87 28078 279 0 0
546 2021/09/14 19 28097 279 0 0
547 2021/09/15 15 28112 280 1 0
548 2021/09/16 0 28112 280 0 2
