dates I C D F E
1 2020/03/18 0 0 0 0 1
2 2020/03/19 0 0 0 0 1
3 2020/03/20 0 0 0 0 1
4 2020/03/21 0 0 0 0 1
5 2020/03/22 0 0 0 0 1
6 2020/03/23 0 0 0 0 1
7 2020/03/24 0 0 0 0 1
8 2020/03/25 0 0 0 0 1
9 2020/03/26 0 0 0 0 1
10 2020/03/27 0 0 0 0 1
11 2020/03/28 0 0 0 0 1
12 2020/03/29 0 0 0 0 1
13 2020/03/30 1 1 1 1 1
14 2020/03/31 0 1 2 1 1
15 2020/04/01 2 3 5 3 1
16 2020/04/02 0 3 8 3 1
17 2020/04/03 0 3 11 3 1
18 2020/04/04 1 4 15 4 1
19 2020/04/05 0 4 19 4 1
20 2020/04/06 0 4 23 4 1
21 2020/04/07 0 4 27 4 1
22 2020/04/08 1 5 32 5 1
23 2020/04/09 0 5 37 5 1
24 2020/04/10 1 6 43 6 1
25 2020/04/11 0 6 49 6 1
26 2020/04/12 0 6 55 6 1
27 2020/04/13 0 6 61 6 1
28 2020/04/14 0 6 67 6 1
29 2020/04/15 0 6 73 6 1
30 2020/04/16 0 6 79 6 1
31 2020/04/17 0 6 85 6 1
32 2020/04/18 0 6 91 6 1
33 2020/04/19 0 6 97 6 1
34 2020/04/20 0 6 103 6 1
35 2020/04/21 0 6 109 6 1
36 2020/04/22 0 6 115 6 1
37 2020/04/23 0 6 121 6 1
38 2020/04/24 0 6 127 6 1
39 2020/04/25 0 6 133 6 1
40 2020/04/26 2 8 141 8 1
41 2020/04/27 0 8 149 8 1
42 2020/04/28 1 9 158 9 1
43 2020/04/29 0 9 167 9 1
44 2020/04/30 0 9 176 9 1
45 2020/05/01 0 9 185 9 1
46 2020/05/02 0 9 194 9 1
47 2020/05/03 0 9 203 9 1
48 2020/05/04 0 9 212 9 1
49 2020/05/05 1 10 222 10 0
50 2020/05/06 1 11 233 11 0
51 2020/05/07 0 11 244 11 0
52 2020/05/08 1 12 256 12 0
53 2020/05/09 0 12 268 12 0
54 2020/05/10 0 12 280 12 0
55 2020/05/11 0 12 292 12 0
56 2020/05/12 1 13 305 13 0
57 2020/05/13 0 13 318 13 0
58 2020/05/14 0 13 331 13 0
59 2020/05/15 0 13 344 13 0
60 2020/05/16 0 13 357 13 0
61 2020/05/17 0 13 370 13 0
62 2020/05/18 0 13 383 13 0
63 2020/05/19 1 14 397 14 0
64 2020/05/20 3 17 414 17 1
65 2020/05/21 0 17 431 17 0
66 2020/05/22 4 21 452 21 0
67 2020/05/23 1 22 474 22 0
68 2020/05/24 1 23 497 23 0
69 2020/05/25 1 24 521 24 0
70 2020/05/26 2 26 547 26 1
71 2020/05/27 2 28 575 28 0
72 2020/05/28 0 28 603 28 0
73 2020/05/29 1 29 632 29 0
74 2020/05/30 1 30 662 30 0
75 2020/05/31 1 31 693 31 0
76 2020/06/01 0 31 724 31 0
77 2020/06/02 0 31 755 31 0
78 2020/06/03 0 31 786 31 0
79 2020/06/04 2 33 819 33 0
80 2020/06/05 1 34 853 34 0
81 2020/06/06 1 35 888 35 0
82 2020/06/07 0 35 923 35 0
83 2020/06/08 3 38 961 38 0
84 2020/06/09 0 38 999 38 0
85 2020/06/10 0 38 1037 38 0
86 2020/06/11 0 38 1075 38 0
87 2020/06/12 0 38 1113 38 0
88 2020/06/13 1 39 1152 39 0
89 2020/06/14 1 40 1192 40 0
90 2020/06/15 3 43 1235 43 0
91 2020/06/16 0 43 1278 43 0
92 2020/06/17 0 43 1321 43 0
93 2020/06/18 1 44 1365 44 0
94 2020/06/19 1 45 1410 45 0
95 2020/06/20 3 48 1458 48 0
96 2020/06/21 0 48 1506 48 1
97 2020/06/22 5 53 1559 53 0
98 2020/06/23 6 59 1618 59 0
99 2020/06/24 6 65 1683 65 0
100 2020/06/25 13 78 1761 78 0
101 2020/06/26 1 79 1840 79 0
102 2020/06/27 1 80 1920 80 0
103 2020/06/28 3 83 2003 83 0
104 2020/06/29 4 87 2090 87 0
105 2020/06/30 7 94 2184 94 0
106 2020/07/01 8 102 2286 102 0
107 2020/07/02 1 103 2389 103 0
108 2020/07/03 3 106 2495 106 0
109 2020/07/04 7 113 2608 113 0
110 2020/07/05 8 121 2729 121 0
111 2020/07/06 0 121 2850 121 0
112 2020/07/07 6 127 2977 127 0
113 2020/07/08 10 137 3114 137 0
114 2020/07/09 7 144 3258 144 0
115 2020/07/10 3 147 3405 147 0
116 2020/07/11 7 154 3559 154 0
117 2020/07/12 1 155 3714 155 0
118 2020/07/13 9 164 3878 164 0
119 2020/07/14 5 169 4047 169 0
120 2020/07/15 6 175 4222 175 0
121 2020/07/16 2 177 4399 177 0
122 2020/07/17 5 182 4581 182 0
123 2020/07/18 2 184 4765 184 0
124 2020/07/19 3 187 4952 187 0
125 2020/07/20 5 192 5144 192 0
126 2020/07/21 3 195 5339 195 0
127 2020/07/22 0 195 5534 195 0
128 2020/07/23 3 198 5732 198 0
129 2020/07/24 9 207 5939 207 0
130 2020/07/25 2 209 6148 209 0
131 2020/07/26 2 211 6359 211 0
132 2020/07/27 8 219 6578 219 0
133 2020/07/28 4 223 6801 223 0
134 2020/07/29 4 227 7028 227 0
135 2020/07/30 2 229 7257 229 0
136 2020/07/31 6 235 7492 235 0
137 2020/08/01 1 236 7728 236 0
138 2020/08/02 2 238 7966 238 0
139 2020/08/03 5 243 8209 243 0
140 2020/08/04 7 250 8459 250 0
141 2020/08/05 0 250 8709 250 0
142 2020/08/06 7 257 8966 257 0
143 2020/08/07 3 260 9226 260 0
144 2020/08/08 2 262 9488 262 0
145 2020/08/09 2 264 9752 264 0
146 2020/08/10 7 271 10023 271 0
147 2020/08/11 7 278 10301 278 0
148 2020/08/12 3 281 10582 281 0
149 2020/08/13 2 283 10865 283 0
150 2020/08/14 5 288 11153 288 0
151 2020/08/15 9 297 11450 297 0
152 2020/08/16 2 299 11749 299 0
153 2020/08/17 4 303 12052 303 0
154 2020/08/18 5 308 12360 308 0
155 2020/08/19 3 311 12671 311 0
156 2020/08/20 3 314 12985 314 0
157 2020/08/21 5 319 13304 319 0
158 2020/08/22 2 321 13625 321 0
159 2020/08/23 2 323 13948 323 0
160 2020/08/24 4 327 14275 327 0
161 2020/08/25 14 341 14616 341 0
162 2020/08/26 5 346 14962 346 0
163 2020/08/27 4 350 15312 350 0
164 2020/08/28 2 352 15664 352 0
165 2020/08/29 5 357 16021 357 0
166 2020/08/30 1 358 16379 358 0
167 2020/08/31 5 363 16742 363 0
168 2020/09/01 16 379 17121 379 0
169 2020/09/02 3 382 17503 382 0
170 2020/09/03 4 386 17889 386 0
171 2020/09/04 8 394 18283 394 0
172 2020/09/05 0 394 18677 394 0
173 2020/09/06 3 397 19074 397 0
174 2020/09/07 3 400 19474 400 0
175 2020/09/08 23 423 19897 423 0
176 2020/09/09 10 433 20330 433 0
177 2020/09/10 8 441 20771 441 0
178 2020/09/11 7 448 21219 448 0
179 2020/09/12 7 455 21674 455 0
180 2020/09/13 6 461 22135 461 0
181 2020/09/14 19 480 22615 480 0
182 2020/09/15 20 500 23115 500 0
183 2020/09/16 14 514 23629 514 0
184 2020/09/17 11 525 24154 525 0
185 2020/09/18 10 535 24689 535 0
186 2020/09/19 6 541 25230 541 0
187 2020/09/20 0 541 25771 541 0
188 2020/09/21 12 553 26324 553 0
189 2020/09/22 5 558 26882 558 0
190 2020/09/23 8 566 27448 566 0
191 2020/09/24 5 571 28019 571 0
192 2020/09/25 9 580 28599 580 0
193 2020/09/26 1 581 29180 581 0
194 2020/09/27 3 584 29764 584 0
195 2020/09/28 4 588 30352 588 0
196 2020/09/29 4 592 30944 592 0
197 2020/09/30 2 594 31538 594 1
198 2020/10/01 6 600 32138 600 0
199 2020/10/02 6 606 32744 606 1
200 2020/10/03 6 612 33356 612 0
201 2020/10/04 10 622 33978 622 0
202 2020/10/05 14 636 34614 636 0
203 2020/10/06 4 640 35254 640 0
204 2020/10/07 6 646 35900 646 0
205 2020/10/08 1 647 36547 647 0
206 2020/10/09 5 652 37199 652 0
207 2020/10/10 10 662 37861 662 0
208 2020/10/11 1 663 38524 663 0
209 2020/10/12 13 676 39200 676 0
210 2020/10/13 6 682 39882 682 0
211 2020/10/14 3 685 40567 685 0
212 2020/10/15 1 686 41253 686 0
213 2020/10/16 2 688 41941 688 0
214 2020/10/17 2 690 42631 690 0
215 2020/10/18 3 693 43324 693 0
216 2020/10/19 7 700 44024 700 0
217 2020/10/20 3 703 44727 703 0
218 2020/10/21 2 705 45432 705 0
219 2020/10/22 1 706 46138 706 0
220 2020/10/23 4 710 46848 710 0
221 2020/10/24 2 712 47560 712 0
222 2020/10/25 5 717 48277 717 1
223 2020/10/26 17 734 49011 734 0
224 2020/10/27 2 736 49747 736 0
225 2020/10/28 3 739 50486 739 0
226 2020/10/29 3 742 51228 742 0
227 2020/10/30 3 745 51973 745 0
228 2020/10/31 0 745 52718 745 0
229 2020/11/01 4 749 53467 749 0
230 2020/11/02 5 754 54221 754 0
231 2020/11/03 6 760 54981 760 1
232 2020/11/04 10 770 55751 770 0
233 2020/11/05 7 777 56528 777 0
234 2020/11/06 4 781 57309 781 0
235 2020/11/07 1 782 58091 782 0
236 2020/11/08 4 786 58877 786 0
237 2020/11/09 8 794 59671 794 0
238 2020/11/10 9 803 60474 803 0
239 2020/11/11 10 813 61287 813 0
240 2020/11/12 10 823 62110 823 0
241 2020/11/13 8 831 62941 831 0
242 2020/11/14 6 837 63778 837 0
243 2020/11/15 9 846 64624 846 0
244 2020/11/16 9 855 65479 855 0
245 2020/11/17 12 867 66346 867 0
246 2020/11/18 20 887 67233 887 0
247 2020/11/19 13 900 68133 900 0
248 2020/11/20 14 914 69047 914 0
249 2020/11/21 9 923 69970 923 0
250 2020/11/22 13 936 70906 936 0
251 2020/11/23 22 958 71864 958 0
252 2020/11/24 24 982 72846 982 0
253 2020/11/25 15 997 73843 997 0
254 2020/11/26 17 1014 74857 1014 0
255 2020/11/27 13 1027 75884 1027 0
256 2020/11/28 36 1063 76947 1063 0
257 2020/11/29 15 1078 78025 1078 0
258 2020/11/30 24 1102 79127 1102 0
259 2020/12/01 31 1133 80260 1133 0
260 2020/12/02 18 1151 81411 1151 0
261 2020/12/03 29 1180 82591 1180 0
262 2020/12/04 13 1193 83784 1193 0
263 2020/12/05 28 1221 85005 1221 0
264 2020/12/06 24 1245 86250 1245 0
265 2020/12/07 36 1281 87531 1281 0
266 2020/12/08 30 1311 88842 1311 0
267 2020/12/09 43 1354 90196 1354 0
268 2020/12/10 28 1382 91578 1382 0
269 2020/12/11 41 1423 93001 1423 0
270 2020/12/12 12 1435 94436 1435 0
271 2020/12/13 17 1452 95888 1452 0
272 2020/12/14 40 1492 97380 1492 0
273 2020/12/15 48 1540 98920 1540 0
274 2020/12/16 24 1564 100484 1564 1
275 2020/12/17 40 1604 102088 1604 0
276 2020/12/18 27 1631 103719 1631 0
277 2020/12/19 10 1641 105360 1641 0
278 2020/12/20 32 1673 107033 1673 0
279 2020/12/21 50 1723 108756 1723 0
280 2020/12/22 58 1781 110537 1781 0
281 2020/12/23 25 1806 112343 1806 0
282 2020/12/24 15 1821 114164 1821 0
283 2020/12/25 11 1832 115996 1832 0
284 2020/12/26 20 1852 117848 1852 0
285 2020/12/27 40 1892 119740 1892 0
286 2020/12/28 58 1950 121690 1950 0
287 2020/12/29 41 1991 123681 1991 0
288 2020/12/30 32 2023 125704 2023 1
289 2020/12/31 22 2045 127749 2045 0
290 2021/01/01 14 2059 129808 2059 0
291 2021/01/02 31 2090 131898 2090 0
292 2021/01/03 37 2127 134025 2127 0
293 2021/01/04 54 2181 136206 2181 0
294 2021/01/05 42 2223 138429 2223 0
295 2021/01/06 48 2271 140700 2271 0
296 2021/01/07 37 2308 143008 2308 0
297 2021/01/08 55 2363 145371 2363 0
298 2021/01/09 27 2390 147761 2390 0
299 2021/01/10 33 2423 150184 2423 0
300 2021/01/11 52 2475 152659 2475 0
301 2021/01/12 50 2525 155184 2525 0
302 2021/01/13 48 2573 157757 2573 0
303 2021/01/14 45 2618 160375 2618 0
304 2021/01/15 43 2661 163036 2661 0
305 2021/01/16 28 2689 165725 2689 0
306 2021/01/17 9 2698 168423 2698 0
307 2021/01/18 18 2716 171139 2716 0
308 2021/01/19 17 2733 173872 2733 0
309 2021/01/20 14 2747 176619 2747 0
310 2021/01/21 23 2770 179389 2770 0
311 2021/01/22 16 2786 182175 2786 0
312 2021/01/23 12 2798 184973 2798 1
313 2021/01/24 8 2806 187779 2806 0
314 2021/01/25 18 2824 190603 2824 0
315 2021/01/26 19 2843 193446 2843 0
316 2021/01/27 9 2852 196298 2852 0
317 2021/01/28 20 2872 199170 2872 0
318 2021/01/29 15 2887 202057 2887 0
319 2021/01/30 9 2896 204953 2896 0
320 2021/01/31 6 2902 207855 2902 0
321 2021/02/01 21 2923 210778 2923 0
322 2021/02/02 16 2939 213717 2939 0
323 2021/02/03 20 2959 216676 2959 0
324 2021/02/04 16 2975 219651 2975 0
325 2021/02/05 12 2987 222638 2987 1
326 2021/02/06 12 2999 225637 2999 0
327 2021/02/07 5 3004 228641 3004 0
328 2021/02/08 16 3020 231661 3020 0
329 2021/02/09 19 3039 234700 3039 0
330 2021/02/10 13 3052 237752 3052 0
331 2021/02/11 13 3065 240817 3065 0
332 2021/02/12 9 3074 243891 3074 0
333 2021/02/13 5 3079 246970 3079 0
334 2021/02/14 6 3085 250055 3085 0
335 2021/02/15 9 3094 253149 3094 0
336 2021/02/16 14 3108 256257 3108 0
337 2021/02/17 9 3117 259374 3117 0
338 2021/02/18 11 3128 262502 3128 0
339 2021/02/19 8 3136 265638 3136 0
340 2021/02/20 6 3142 268780 3142 0
341 2021/02/21 7 3149 271929 3149 0
342 2021/02/22 8 3157 275086 3157 0
343 2021/02/23 6 3163 278249 3163 0
344 2021/02/24 8 3171 281420 3171 0
345 2021/02/25 7 3178 284598 3178 0
346 2021/02/26 9 3187 287785 3187 0
347 2021/02/27 5 3192 290977 3192 0
348 2021/02/28 3 3195 294172 3195 0
349 2021/03/01 5 3200 297372 3200 0
350 2021/03/02 5 3205 300577 3205 0
351 2021/03/03 6 3211 303788 3211 0
352 2021/03/04 7 3218 307006 3218 0
353 2021/03/05 8 3226 310232 3226 0
354 2021/03/06 2 3228 313460 3228 0
355 2021/03/07 2 3230 316690 3230 0
356 2021/03/08 6 3236 319926 3236 0
357 2021/03/09 12 3248 323174 3248 0
358 2021/03/10 6 3254 326428 3254 0
359 2021/03/11 10 3264 329692 3264 0
360 2021/03/12 4 3268 332960 3268 0
361 2021/03/13 6 3274 336234 3274 0
362 2021/03/14 7 3281 339515 3281 0
363 2021/03/15 5 3286 342801 3286 0
364 2021/03/16 12 3298 346099 3298 0
365 2021/03/17 8 3306 349405 3306 0
366 2021/03/18 7 3313 352718 3313 0
367 2021/03/19 3 3316 356034 3316 0
368 2021/03/20 6 3322 359356 3322 0
369 2021/03/21 4 3326 362682 3326 0
370 2021/03/22 4 3330 366012 3330 0
371 2021/03/23 1 3331 369343 3331 0
372 2021/03/24 2 3333 372676 3333 0
373 2021/03/25 4 3337 376013 3337 0
374 2021/03/26 5 3342 379355 3342 0
375 2021/03/27 1 3343 382698 3343 0
376 2021/03/28 2 3345 386043 3345 0
377 2021/03/29 5 3350 389393 3350 0
378 2021/03/30 3 3353 392746 3353 0
379 2021/03/31 6 3359 396105 3359 0
380 2021/04/01 4 3363 399468 3363 0
381 2021/04/02 5 3368 402836 3368 0
382 2021/04/03 2 3370 406206 3370 0
383 2021/04/04 1 3371 409577 3371 0
384 2021/04/05 6 3377 412954 3377 0
385 2021/04/06 8 3385 416339 3385 1
386 2021/04/07 3 3388 419727 3388 0
387 2021/04/08 2 3390 423117 3390 0
388 2021/04/09 7 3397 426514 3397 0
389 2021/04/10 4 3401 429915 3401 0
390 2021/04/11 5 3406 433321 3406 0
391 2021/04/12 4 3410 436731 3410 0
392 2021/04/13 4 3414 440145 3414 0
393 2021/04/14 3 3417 443562 3417 0
394 2021/04/15 5 3422 446984 3422 0
395 2021/04/16 1 3423 450407 3423 0
396 2021/04/17 6 3429 453836 3429 0
397 2021/04/18 1 3430 457266 3430 0
398 2021/04/19 1 3431 460697 3431 0
399 2021/04/20 1 3432 464129 3432 0
400 2021/04/21 2 3434 467563 3434 0
401 2021/04/22 3 3437 471000 3437 0
402 2021/04/23 2 3439 474439 3439 0
403 2021/04/24 2 3441 477880 3441 0
404 2021/04/25 1 3442 481322 3442 0
405 2021/04/26 2 3444 484766 3444 0
406 2021/04/27 5 3449 488215 3449 0
407 2021/04/28 1 3450 491665 3450 0
408 2021/04/29 3 3453 495118 3453 0
409 2021/04/30 8 3461 498579 3461 0
410 2021/05/01 4 3465 502044 3465 0
411 2021/05/02 2 3467 505511 3467 0
412 2021/05/03 2 3469 508980 3469 0
413 2021/05/04 2 3471 512451 3471 0
414 2021/05/05 1 3472 515923 3472 0
415 2021/05/06 3 3475 519398 3475 0
416 2021/05/07 1 3476 522874 3476 0
417 2021/05/08 2 3478 526352 3478 0
418 2021/05/09 1 3479 529831 3479 0
419 2021/05/10 4 3483 533314 3483 0
420 2021/05/11 8 3491 536805 3491 0
421 2021/05/12 0 3491 540296 3491 0
422 2021/05/13 2 3493 543789 3493 0
423 2021/05/14 1 3494 547283 3494 0
424 2021/05/15 4 3498 550781 3498 0
425 2021/05/16 1 3499 554280 3499 0
426 2021/05/17 3 3502 557782 3502 0
427 2021/05/18 5 3507 561289 3507 0
428 2021/05/19 2 3509 564798 3509 0
429 2021/05/20 0 3509 568307 3509 0
430 2021/05/21 3 3512 571819 3512 0
431 2021/05/22 2 3514 575333 3514 0
432 2021/05/23 3 3517 578850 3517 0
433 2021/05/24 3 3520 582370 3520 0
434 2021/05/25 2 3522 585892 3522 0
435 2021/05/26 1 3523 589415 3523 0
436 2021/05/27 1 3524 592939 3524 0
437 2021/05/28 5 3529 596468 3529 0
438 2021/05/29 1 3530 599998 3530 0
439 2021/05/30 0 3530 603528 3530 0
440 2021/05/31 0 3530 607058 3530 0
441 2021/06/01 5 3535 610593 3535 0
442 2021/06/02 1 3536 614129 3536 1
443 2021/06/03 5 3541 617670 3541 0
444 2021/06/04 2 3543 621213 3543 0
445 2021/06/05 2 3545 624758 3545 0
446 2021/06/06 3 3548 628306 3548 0
447 2021/06/07 1 3549 631855 3549 0
448 2021/06/08 1 3550 635405 3550 0
449 2021/06/09 1 3551 638956 3551 0
450 2021/06/10 3 3554 642510 3554 0
451 2021/06/11 5 3559 646069 3559 0
452 2021/06/12 1 3560 649629 3560 0
453 2021/06/13 1 3561 653190 3561 0
454 2021/06/14 0 3561 656751 3561 0
455 2021/06/15 1 3562 660313 3562 0
456 2021/06/16 1 3563 663876 3563 0
457 2021/06/17 0 3563 667439 3563 0
458 2021/06/18 0 3563 671002 3563 0
459 2021/06/19 0 3563 674565 3563 0
460 2021/06/20 0 3563 678128 3563 0
461 2021/06/21 2 3565 681693 3565 0
462 2021/06/22 3 3568 685261 3568 0
463 2021/06/23 3 3571 688832 3571 0
464 2021/06/24 0 3571 692403 3571 2
