dates I C D F E
1 2020/03/18 0 0 0 0 1
2 2020/03/19 0 0 0 0 1
3 2020/03/20 0 0 0 0 1
4 2020/03/21 0 0 0 0 1
5 2020/03/22 0 0 0 0 1
6 2020/03/23 0 0 0 0 1
7 2020/03/24 0 0 0 0 1
8 2020/03/25 0 0 0 0 1
9 2020/03/26 0 0 0 0 1
10 2020/03/27 0 0 0 0 1
11 2020/03/28 0 0 0 0 1
12 2020/03/29 0 0 0 0 1
13 2020/03/30 0 0 0 0 1
14 2020/03/31 0 0 0 0 1
15 2020/04/01 0 0 0 0 1
16 2020/04/02 0 0 0 0 1
17 2020/04/03 0 0 0 0 1
18 2020/04/04 0 0 0 0 1
19 2020/04/05 0 0 0 0 1
20 2020/04/06 0 0 0 0 1
21 2020/04/07 0 0 0 0 1
22 2020/04/08 0 0 0 0 1
23 2020/04/09 0 0 0 0 1
24 2020/04/10 0 0 0 0 1
25 2020/04/11 0 0 0 0 1
26 2020/04/12 0 0 0 0 1
27 2020/04/13 0 0 0 0 1
28 2020/04/14 0 0 0 0 1
29 2020/04/15 0 0 0 0 1
30 2020/04/16 0 0 0 0 1
31 2020/04/17 0 0 0 0 1
32 2020/04/18 0 0 0 0 1
33 2020/04/19 0 0 0 0 1
34 2020/04/20 0 0 0 0 1
35 2020/04/21 0 0 0 0 1
36 2020/04/22 0 0 0 0 1
37 2020/04/23 0 0 0 0 1
38 2020/04/24 0 0 0 0 1
39 2020/04/25 0 0 0 0 1
40 2020/04/26 0 0 0 0 1
41 2020/04/27 0 0 0 0 1
42 2020/04/28 0 0 0 0 1
43 2020/04/29 0 0 0 0 1
44 2020/04/30 0 0 0 0 1
45 2020/05/01 0 0 0 0 1
46 2020/05/02 0 0 0 0 1
47 2020/05/03 0 0 0 0 1
48 2020/05/04 0 0 0 0 1
49 2020/05/05 0 0 0 0 0
50 2020/05/06 0 0 0 0 0
51 2020/05/07 0 0 0 0 0
52 2020/05/08 0 0 0 0 0
53 2020/05/09 0 0 0 0 0
54 2020/05/10 0 0 0 0 0
55 2020/05/11 0 0 0 0 0
56 2020/05/12 0 0 0 0 0
57 2020/05/13 0 0 0 0 0
58 2020/05/14 0 0 0 0 0
59 2020/05/15 0 0 0 0 0
60 2020/05/16 0 0 0 0 0
61 2020/05/17 1 1 1 1 0
62 2020/05/18 0 1 2 1 0
63 2020/05/19 0 1 3 1 0
64 2020/05/20 0 1 4 1 0
65 2020/05/21 1 2 6 2 0
66 2020/05/22 0 2 8 2 0
67 2020/05/23 2 4 12 4 0
68 2020/05/24 0 4 16 4 0
69 2020/05/25 1 5 21 5 0
70 2020/05/26 0 5 26 5 0
71 2020/05/27 1 6 32 6 0
72 2020/05/28 0 6 38 6 0
73 2020/05/29 0 6 44 6 0
74 2020/05/30 0 6 50 6 0
75 2020/05/31 0 6 56 6 0
76 2020/06/01 0 6 62 6 0
77 2020/06/02 0 6 68 6 0
78 2020/06/03 1 7 75 7 0
79 2020/06/04 0 7 82 7 0
80 2020/06/05 2 9 91 9 0
81 2020/06/06 1 10 101 10 0
82 2020/06/07 0 10 111 10 0
83 2020/06/08 1 11 122 11 0
84 2020/06/09 0 11 133 11 0
85 2020/06/10 0 11 144 11 0
86 2020/06/11 0 11 155 11 0
87 2020/06/12 0 11 166 11 0
88 2020/06/13 0 11 177 11 0
89 2020/06/14 0 11 188 11 0
90 2020/06/15 0 11 199 11 0
91 2020/06/16 0 11 210 11 0
92 2020/06/17 3 14 224 14 0
93 2020/06/18 3 17 241 17 0
94 2020/06/19 1 18 259 18 0
95 2020/06/20 1 19 278 19 0
96 2020/06/21 1 20 298 20 0
97 2020/06/22 93 113 411 113 0
98 2020/06/23 110 223 634 223 0
99 2020/06/24 4 227 861 227 0
100 2020/06/25 1 228 1089 228 0
101 2020/06/26 6 234 1323 234 0
102 2020/06/27 1 235 1558 235 0
103 2020/06/28 0 235 1793 235 0
104 2020/06/29 0 235 2028 235 0
105 2020/06/30 8 243 2271 243 0
106 2020/07/01 7 250 2521 250 0
107 2020/07/02 1 251 2772 251 0
108 2020/07/03 2 253 3025 253 0
109 2020/07/04 0 253 3278 253 0
110 2020/07/05 0 253 3531 253 0
111 2020/07/06 6 259 3790 259 0
112 2020/07/07 2 261 4051 261 0
113 2020/07/08 71 332 4383 332 0
114 2020/07/09 96 428 4811 428 0
115 2020/07/10 56 484 5295 484 0
116 2020/07/11 1 485 5780 485 0
117 2020/07/12 1 486 6266 486 0
118 2020/07/13 7 493 6759 493 0
119 2020/07/14 5 498 7257 498 0
120 2020/07/15 17 515 7772 515 0
121 2020/07/16 4 519 8291 519 0
122 2020/07/17 1 520 8811 520 0
123 2020/07/18 19 539 9350 539 0
124 2020/07/19 1 540 9890 540 0
125 2020/07/20 19 559 10449 559 0
126 2020/07/21 2 561 11010 561 0
127 2020/07/22 2 563 11573 563 0
128 2020/07/23 3 566 12139 566 0
129 2020/07/24 3 569 12708 569 0
130 2020/07/25 0 569 13277 569 0
131 2020/07/26 0 569 13846 569 0
132 2020/07/27 41 610 14456 610 0
133 2020/07/28 0 610 15066 610 0
134 2020/07/29 6 616 15682 616 0
135 2020/07/30 15 631 16313 631 0
136 2020/07/31 3 634 16947 634 0
137 2020/08/01 5 639 17586 639 0
138 2020/08/02 1 640 18226 640 0
139 2020/08/03 0 640 18866 640 0
140 2020/08/04 0 640 19506 640 0
141 2020/08/05 3 643 20149 643 0
142 2020/08/06 47 690 20839 690 0
143 2020/08/07 2 692 21531 692 0
144 2020/08/08 1 693 22224 693 0
145 2020/08/09 0 693 22917 693 0
146 2020/08/10 6 699 23616 699 1
147 2020/08/11 0 699 24315 699 0
148 2020/08/12 6 705 25020 705 0
149 2020/08/13 1 706 25726 706 0
150 2020/08/14 0 706 26432 706 0
151 2020/08/15 0 706 27138 706 0
152 2020/08/16 0 706 27844 706 0
153 2020/08/17 0 706 28550 706 0
154 2020/08/18 0 706 29256 706 0
155 2020/08/19 0 706 29962 706 0
156 2020/08/20 8 714 30676 714 0
157 2020/08/21 1 715 31391 715 0
158 2020/08/22 0 715 32106 715 0
159 2020/08/23 0 715 32821 715 0
160 2020/08/24 1 716 33537 716 0
161 2020/08/25 0 716 34253 716 1
162 2020/08/26 1 717 34970 717 0
163 2020/08/27 0 717 35687 717 0
164 2020/08/28 0 717 36404 717 0
165 2020/08/29 0 717 37121 717 0
166 2020/08/30 0 717 37838 717 0
167 2020/08/31 2 719 38557 719 0
168 2020/09/01 3 722 39279 722 0
169 2020/09/02 3 725 40004 725 0
170 2020/09/03 2 727 40731 727 0
171 2020/09/04 0 727 41458 727 0
172 2020/09/05 0 727 42185 727 0
173 2020/09/06 0 727 42912 727 0
174 2020/09/07 0 727 43639 727 0
175 2020/09/08 1 728 44367 728 0
176 2020/09/09 0 728 45095 728 0
177 2020/09/10 1 729 45824 729 0
178 2020/09/11 1 730 46554 730 0
179 2020/09/12 0 730 47284 730 0
180 2020/09/13 0 730 48014 730 0
181 2020/09/14 3 733 48747 733 0
182 2020/09/15 0 733 49480 733 0
183 2020/09/16 4 737 50217 737 0
184 2020/09/17 1 738 50955 738 0
185 2020/09/18 2 740 51695 740 0
186 2020/09/19 1 741 52436 741 0
187 2020/09/20 0 741 53177 741 0
188 2020/09/21 0 741 53918 741 0
189 2020/09/22 2 743 54661 743 0
190 2020/09/23 1 744 55405 744 0
191 2020/09/24 0 744 56149 744 0
192 2020/09/25 1 745 56894 745 0
193 2020/09/26 0 745 57639 745 0
194 2020/09/27 0 745 58384 745 0
195 2020/09/28 0 745 59129 745 0
196 2020/09/29 1 746 59875 746 0
197 2020/09/30 0 746 60621 746 0
198 2020/10/01 3 749 61370 749 0
199 2020/10/02 3 752 62122 752 0
200 2020/10/03 0 752 62874 752 0
201 2020/10/04 0 752 63626 752 0
202 2020/10/05 0 752 64378 752 0
203 2020/10/06 1 753 65131 753 0
204 2020/10/07 0 753 65884 753 0
205 2020/10/08 0 753 66637 753 0
206 2020/10/09 5 758 67395 758 0
207 2020/10/10 0 758 68153 758 0
208 2020/10/11 0 758 68911 758 0
209 2020/10/12 1 759 69670 759 0
210 2020/10/13 0 759 70429 759 0
211 2020/10/14 2 761 71190 761 0
212 2020/10/15 2 763 71953 763 0
213 2020/10/16 1 764 72717 764 0
214 2020/10/17 0 764 73481 764 0
215 2020/10/18 0 764 74245 764 0
216 2020/10/19 0 764 75009 764 0
217 2020/10/20 1 765 75774 765 0
218 2020/10/21 1 766 76540 766 0
219 2020/10/22 1 767 77307 767 0
220 2020/10/23 3 770 78077 770 0
221 2020/10/24 1 771 78848 771 0
222 2020/10/25 1 772 79620 772 0
223 2020/10/26 3 775 80395 775 0
224 2020/10/27 3 778 81173 778 0
225 2020/10/28 2 780 81953 780 0
226 2020/10/29 4 784 82737 784 0
227 2020/10/30 1 785 83522 785 0
228 2020/10/31 6 791 84313 791 0
229 2020/11/01 5 796 85109 796 0
230 2020/11/02 0 796 85905 796 0
231 2020/11/03 8 804 86709 804 0
232 2020/11/04 9 813 87522 813 1
233 2020/11/05 5 818 88340 818 0
234 2020/11/06 31 849 89189 849 0
235 2020/11/07 8 857 90046 857 0
236 2020/11/08 16 873 90919 873 0
237 2020/11/09 148 1021 91940 1021 0
238 2020/11/10 95 1116 93056 1116 0
239 2020/11/11 15 1131 94187 1131 0
240 2020/11/12 25 1156 95343 1156 0
241 2020/11/13 69 1225 96568 1225 0
242 2020/11/14 9 1234 97802 1234 0
243 2020/11/15 14 1248 99050 1248 0
244 2020/11/16 48 1296 100346 1296 0
245 2020/11/17 182 1478 101824 1478 0
246 2020/11/18 79 1557 103381 1557 0
247 2020/11/19 100 1657 105038 1657 0
248 2020/11/20 116 1773 106811 1773 0
249 2020/11/21 85 1858 108669 1858 1
250 2020/11/22 68 1926 110595 1926 0
251 2020/11/23 165 2091 112686 2091 0
252 2020/11/24 80 2171 114857 2171 0
253 2020/11/25 22 2193 117050 2193 0
254 2020/11/26 42 2235 119285 2235 0
255 2020/11/27 15 2250 121535 2250 0
256 2020/11/28 12 2262 123797 2262 0
257 2020/11/29 66 2328 126125 2328 0
258 2020/11/30 102 2430 128555 2430 0
259 2020/12/01 93 2523 131078 2523 0
260 2020/12/02 166 2689 133767 2689 0
261 2020/12/03 59 2748 136515 2748 0
262 2020/12/04 41 2789 139304 2789 0
263 2020/12/05 7 2796 142100 2796 0
264 2020/12/06 192 2988 145088 2988 0
265 2020/12/07 104 3092 148180 3092 1
266 2020/12/08 98 3190 151370 3190 1
267 2020/12/09 156 3346 154716 3346 0
268 2020/12/10 69 3415 158131 3415 0
269 2020/12/11 22 3437 161568 3437 0
270 2020/12/12 11 3448 165016 3448 0
271 2020/12/13 22 3470 168486 3470 0
272 2020/12/14 107 3577 172063 3577 0
273 2020/12/15 99 3676 175739 3676 0
274 2020/12/16 172 3848 179587 3848 0
275 2020/12/17 33 3881 183468 3881 0
276 2020/12/18 36 3917 187385 3917 0
277 2020/12/19 8 3925 191310 3925 0
278 2020/12/20 28 3953 195263 3953 0
279 2020/12/21 55 4008 199271 4008 0
280 2020/12/22 160 4168 203439 4168 0
281 2020/12/23 142 4310 207749 4310 0
282 2020/12/24 10 4320 212069 4320 0
283 2020/12/25 13 4333 216402 4333 0
284 2020/12/26 15 4348 220750 4348 0
285 2020/12/27 21 4369 225119 4369 0
286 2020/12/28 77 4446 229565 4446 0
287 2020/12/29 107 4553 234118 4553 0
288 2020/12/30 15 4568 238686 4568 0
289 2020/12/31 9 4577 243263 4577 0
290 2021/01/01 6 4583 247846 4583 0
291 2021/01/02 7 4590 252436 4590 0
292 2021/01/03 11 4601 257037 4601 0
293 2021/01/04 34 4635 261672 4635 0
294 2021/01/05 23 4658 266330 4658 0
295 2021/01/06 14 4672 271002 4672 0
296 2021/01/07 12 4684 275686 4684 0
297 2021/01/08 5 4689 280375 4689 0
298 2021/01/09 8 4697 285072 4697 0
299 2021/01/10 12 4709 289781 4709 0
300 2021/01/11 22 4731 294512 4731 0
301 2021/01/12 23 4754 299266 4754 0
302 2021/01/13 22 4776 304042 4776 0
303 2021/01/14 6 4782 308824 4782 0
304 2021/01/15 10 4792 313616 4792 0
305 2021/01/16 11 4803 318419 4803 0
306 2021/01/17 10 4813 323232 4813 0
307 2021/01/18 8 4821 328053 4821 0
308 2021/01/19 36 4857 332910 4857 0
309 2021/01/20 7 4864 337774 4864 0
310 2021/01/21 8 4872 342646 4872 0
311 2021/01/22 6 4878 347524 4878 0
312 2021/01/23 8 4886 352410 4886 0
313 2021/01/24 1 4887 357297 4887 0
314 2021/01/25 11 4898 362195 4898 0
315 2021/01/26 25 4923 367118 4923 0
316 2021/01/27 6 4929 372047 4929 0
317 2021/01/28 5 4934 376981 4934 0
318 2021/01/29 6 4940 381921 4940 0
319 2021/01/30 3 4943 386864 4943 0
320 2021/01/31 3 4946 391810 4946 0
321 2021/02/01 16 4962 396772 4962 0
322 2021/02/02 20 4982 401754 4982 0
323 2021/02/03 7 4989 406743 4989 0
324 2021/02/04 12 5001 411744 5001 0
325 2021/02/05 3 5004 416748 5004 0
326 2021/02/06 4 5008 421756 5008 0
327 2021/02/07 4 5012 426768 5012 0
328 2021/02/08 11 5023 431791 5023 0
329 2021/02/09 13 5036 436827 5036 0
330 2021/02/10 7 5043 441870 5043 0
331 2021/02/11 4 5047 446917 5047 0
332 2021/02/12 11 5058 451975 5058 0
333 2021/02/13 2 5060 457035 5060 0
334 2021/02/14 3 5063 462098 5063 0
335 2021/02/15 4 5067 467165 5067 0
336 2021/02/16 2 5069 472234 5069 0
337 2021/02/17 12 5081 477315 5081 0
338 2021/02/18 5 5086 482401 5086 0
339 2021/02/19 9 5095 487496 5095 0
340 2021/02/20 1 5096 492592 5096 0
341 2021/02/21 2 5098 497690 5098 0
342 2021/02/22 8 5106 502796 5106 0
343 2021/02/23 0 5106 507902 5106 0
344 2021/02/24 3 5109 513011 5109 0
345 2021/02/25 3 5112 518123 5112 0
346 2021/02/26 1 5113 523236 5113 0
347 2021/02/27 0 5113 528349 5113 0
348 2021/02/28 0 5113 533462 5113 0
349 2021/03/01 1 5114 538576 5114 0
350 2021/03/02 2 5116 543692 5116 0
351 2021/03/03 5 5121 548813 5121 0
352 2021/03/04 0 5121 553934 5121 0
353 2021/03/05 0 5121 559055 5121 0
354 2021/03/06 0 5121 564176 5121 0
355 2021/03/07 0 5121 569297 5121 0
356 2021/03/08 1 5122 574419 5122 0
357 2021/03/09 0 5122 579541 5122 0
358 2021/03/10 0 5122 584663 5122 0
359 2021/03/11 0 5122 589785 5122 0
360 2021/03/12 1 5123 594908 5123 0
361 2021/03/13 0 5123 600031 5123 0
362 2021/03/14 0 5123 605154 5123 0
363 2021/03/15 2 5125 610279 5125 0
364 2021/03/16 0 5125 615404 5125 0
365 2021/03/17 1 5126 620530 5126 1
366 2021/03/18 1 5127 625657 5127 0
367 2021/03/19 1 5128 630785 5128 0
368 2021/03/20 0 5128 635913 5128 0
369 2021/03/21 0 5128 641041 5128 0
370 2021/03/22 0 5128 646169 5128 0
371 2021/03/23 2 5130 651299 5130 0
372 2021/03/24 0 5130 656429 5130 0
373 2021/03/25 2 5132 661561 5132 1
374 2021/03/26 0 5132 666693 5132 0
375 2021/03/27 1 5133 671826 5133 1
376 2021/03/28 0 5133 676959 5133 0
377 2021/03/29 0 5133 682092 5133 0
378 2021/03/30 0 5133 687225 5133 0
379 2021/03/31 0 5133 692358 5133 0
380 2021/04/01 3 5136 697494 5136 0
381 2021/04/02 1 5137 702631 5137 0
382 2021/04/03 0 5137 707768 5137 0
383 2021/04/04 1 5138 712906 5138 0
384 2021/04/05 1 5139 718045 5139 0
385 2021/04/06 0 5139 723184 5139 1
386 2021/04/07 2 5141 728325 5141 0
387 2021/04/08 0 5141 733466 5141 1
388 2021/04/09 1 5142 738608 5142 0
389 2021/04/10 0 5142 743750 5142 0
390 2021/04/11 0 5142 748892 5142 0
391 2021/04/12 4 5146 754038 5146 0
392 2021/04/13 1 5147 759185 5147 0
393 2021/04/14 1 5148 764333 5148 0
394 2021/04/15 1 5149 769482 5149 0
395 2021/04/16 1 5150 774632 5150 0
396 2021/04/17 1 5151 779783 5151 1
397 2021/04/18 0 5151 784934 5151 0
398 2021/04/19 3 5154 790088 5154 0
399 2021/04/20 1 5155 795243 5155 1
400 2021/04/21 0 5155 800398 5155 0
401 2021/04/22 1 5156 805554 5156 1
402 2021/04/23 0 5156 810710 5156 1
403 2021/04/24 0 5156 815866 5156 1
404 2021/04/25 1 5157 821023 5157 0
405 2021/04/26 2 5159 826182 5159 0
406 2021/04/27 0 5159 831341 5159 1
407 2021/04/28 0 5159 836500 5159 0
408 2021/04/29 0 5159 841659 5159 0
409 2021/04/30 0 5159 846818 5159 0
410 2021/05/01 1 5160 851978 5160 0
411 2021/05/02 2 5162 857140 5162 0
412 2021/05/03 1 5163 862303 5163 0
413 2021/05/04 1 5164 867467 5164 0
414 2021/05/05 1 5165 872632 5165 0
415 2021/05/06 0 5165 877797 5165 0
416 2021/05/07 1 5166 882963 5166 0
417 2021/05/08 1 5167 888130 5167 0
418 2021/05/09 1 5168 893298 5168 0
419 2021/05/10 2 5170 898468 5170 0
420 2021/05/11 3 5173 903641 5173 0
421 2021/05/12 2 5175 908816 5175 0
422 2021/05/13 2 5177 913993 5177 0
423 2021/05/14 0 5177 919170 5177 0
424 2021/05/15 0 5177 924347 5177 0
425 2021/05/16 4 5181 929528 5181 0
426 2021/05/17 1 5182 934710 5182 0
427 2021/05/18 3 5185 939895 5185 0
428 2021/05/19 0 5185 945080 5185 0
429 2021/05/20 1 5186 950266 5186 0
430 2021/05/21 2 5188 955454 5188 0
431 2021/05/22 1 5189 960643 5189 0
432 2021/05/23 0 5189 965832 5189 0
433 2021/05/24 4 5193 971025 5193 0
434 2021/05/25 4 5197 976222 5197 0
435 2021/05/26 4 5201 981423 5201 0
436 2021/05/27 1 5202 986625 5202 0
437 2021/05/28 1 5203 991828 5203 1
438 2021/05/29 0 5203 997031 5203 0
439 2021/05/30 0 5203 1002234 5203 0
440 2021/05/31 2 5205 1007439 5205 0
441 2021/06/01 2 5207 1012646 5207 0
442 2021/06/02 7 5214 1017860 5214 0
443 2021/06/03 1 5215 1023075 5215 0
444 2021/06/04 9 5224 1028299 5224 0
445 2021/06/05 0 5224 1033523 5224 0
446 2021/06/06 1 5225 1038748 5225 0
447 2021/06/07 2 5227 1043975 5227 0
448 2021/06/08 5 5232 1049207 5232 0
449 2021/06/09 0 5232 1054439 5232 0
450 2021/06/10 1 5233 1059672 5233 0
451 2021/06/11 3 5236 1064908 5236 0
452 2021/06/12 1 5237 1070145 5237 0
453 2021/06/13 0 5237 1075382 5237 0
454 2021/06/14 6 5243 1080625 5243 0
455 2021/06/15 4 5247 1085872 5247 0
456 2021/06/16 1 5248 1091120 5248 0
457 2021/06/17 2 5250 1096370 5250 0
458 2021/06/18 4 5254 1101624 5254 0
459 2021/06/19 1 5255 1106879 5255 0
460 2021/06/20 0 5255 1112134 5255 0
461 2021/06/21 2 5257 1117391 5257 0
462 2021/06/22 2 5259 1122650 5259 0
463 2021/06/23 5 5264 1127914 5264 0
464 2021/06/24 1 5265 1133179 5265 0
465 2021/06/25 1 5266 1138445 5266 0
466 2021/06/26 2 5268 1143713 5268 0
467 2021/06/27 3 5271 1148984 5271 0
468 2021/06/28 2 5273 1154257 5273 0
469 2021/06/29 2 5275 1159532 5275 0
470 2021/06/30 2 5277 1164809 5277 0
471 2021/07/01 0 5277 1170086 5277 2
