dates I C D F E
1 2020/03/18 201 201 2047 2047 1
2 2020/03/19 239 440 4333 2286 1
3 2020/03/20 287 727 6906 2573 1
4 2020/03/21 225 952 9704 2798 1
5 2020/03/22 272 1224 12774 3070 1
6 2020/03/23 322 1546 16166 3392 1
7 2020/03/24 304 1850 19862 3696 1
8 2020/03/25 450 2300 24008 4146 1
9 2020/03/26 397 2697 28551 4543 1
10 2020/03/27 401 3098 33495 4944 1
11 2020/03/28 413 3511 38852 5357 1
12 2020/03/29 385 3896 44594 5742 3
13 2020/03/30 644 4540 50980 6386 1
14 2020/03/31 652 5192 58018 7038 1
15 2020/04/01 664 5856 65720 7702 1
16 2020/04/02 653 6509 74075 8355 1
17 2020/04/03 831 7340 83261 9186 1
18 2020/04/04 615 7955 93062 9801 1
19 2020/04/05 615 8570 103478 10416 1
20 2020/04/06 570 9140 114464 10986 1
21 2020/04/07 733 9873 126183 11719 1
22 2020/04/08 650 10523 138552 12369 1
23 2020/04/09 600 11123 151521 12969 1
24 2020/04/10 628 11751 165118 13597 1
25 2020/04/11 513 12264 179228 14110 1
26 2020/04/12 470 12734 193808 14580 1
27 2020/04/13 710 13444 209098 15290 1
28 2020/04/14 714 14158 225102 16004 1
29 2020/04/15 894 15052 242000 16898 1
30 2020/04/16 819 15871 259717 17717 1
31 2020/04/17 885 16756 278319 18602 1
32 2020/04/18 643 17399 297564 19245 1
33 2020/04/19 524 17923 317333 19769 1
34 2020/04/20 996 18919 338098 20765 1
35 2020/04/21 914 19833 359777 21679 1
36 2020/04/22 859 20692 382315 22538 1
37 2020/04/23 1029 21721 405882 23567 1
38 2020/04/24 1059 22780 430508 24626 1
39 2020/04/25 932 23712 456066 25558 1
40 2020/04/26 635 24347 482259 26193 1
41 2020/04/27 1147 25494 509599 27340 1
42 2020/04/28 1013 26507 537952 28353 1
43 2020/04/29 1061 27568 567366 29414 1
44 2020/04/30 975 28543 597755 30389 1
45 2020/05/01 1007 29550 629151 31396 1
46 2020/05/02 754 30304 661301 32150 1
47 2020/05/03 530 30834 693981 32680 1
48 2020/05/04 982 31816 727643 33662 1
49 2020/05/05 1300 33116 762605 34962 0
50 2020/05/06 1061 34177 798628 36023 0
51 2020/05/07 1009 35186 835660 37032 0
52 2020/05/08 1121 36307 873813 38153 0
53 2020/05/09 730 37037 912696 38883 0
54 2020/05/10 625 37662 952204 39508 0
55 2020/05/11 1252 38914 992964 40760 0
56 2020/05/12 1170 40084 1034894 41930 0
57 2020/05/13 996 41080 1077820 42926 0
58 2020/05/14 1313 42393 1122059 44239 0
59 2020/05/15 1180 43573 1167478 45419 0
60 2020/05/16 788 44361 1213685 46207 0
61 2020/05/17 577 44938 1260469 46784 0
62 2020/05/18 1234 46172 1308487 48018 0
63 2020/05/19 1035 47207 1357540 49053 0
64 2020/05/20 1208 48415 1407801 50261 0
65 2020/05/21 997 49412 1459059 51258 0
66 2020/05/22 1040 50452 1511357 52298 0
67 2020/05/23 791 51243 1564446 53089 0
68 2020/05/24 542 51785 1618077 53631 0
69 2020/05/25 1006 52791 1672714 54637 0
70 2020/05/26 1805 54596 1729156 56442 0
71 2020/05/27 1456 56052 1787054 57898 0
72 2020/05/28 1373 57425 1846325 59271 0
73 2020/05/29 1567 58992 1907163 60838 0
74 2020/05/30 961 59953 1968962 61799 0
75 2020/05/31 537 60490 2031298 62336 0
76 2020/06/01 1288 61778 2094922 63624 0
77 2020/06/02 1466 63244 2160012 65090 0
78 2020/06/03 1405 64649 2226507 66495 0
79 2020/06/04 1613 66262 2294615 68108 0
80 2020/06/05 1475 67737 2364198 69583 0
81 2020/06/06 1159 68896 2434940 70742 0
82 2020/06/07 748 69644 2506430 71490 0
83 2020/06/08 1709 71353 2579629 73199 0
84 2020/06/09 1459 72812 2654287 74658 0
85 2020/06/10 1659 74471 2730604 76317 0
86 2020/06/11 1521 75992 2808442 77838 0
87 2020/06/12 1668 77660 2887948 79506 0
88 2020/06/13 1409 79069 2968863 80915 0
89 2020/06/14 1040 80109 3050818 81955 0
90 2020/06/15 2324 82433 3135097 84279 0
91 2020/06/16 2175 84608 3221551 86454 0
92 2020/06/17 2324 86932 3310329 88778 0
93 2020/06/18 2308 89240 3401415 91086 0
94 2020/06/19 2261 91501 3494762 93347 0
95 2020/06/20 1979 93480 3590088 95326 0
96 2020/06/21 1573 95053 3686987 96899 0
97 2020/06/22 2875 97928 3786761 99774 0
98 2020/06/23 2889 100817 3889424 102663 0
99 2020/06/24 2936 103753 3995023 105599 0
100 2020/06/25 2756 106509 4103378 108355 0
101 2020/06/26 2764 109273 4214497 111119 0
102 2020/06/27 2165 111438 4327781 113284 0
103 2020/06/28 1740 113178 4442805 115024 0
104 2020/06/29 3206 116384 4561035 118230 0
105 2020/06/30 3048 119432 4682313 121278 0
106 2020/07/01 3587 123019 4807178 124865 0
107 2020/07/02 3205 126224 4935248 128070 0
108 2020/07/03 2018 128242 5065336 130088 0
109 2020/07/04 1517 129759 5196941 131605 0
110 2020/07/05 1817 131576 5330363 133422 0
111 2020/07/06 3221 134797 5467006 136643 0
112 2020/07/07 3616 138413 5607265 140259 0
113 2020/07/08 3567 141980 5751091 143826 0
114 2020/07/09 3217 145197 5898134 147043 0
115 2020/07/10 3268 148465 6048445 150311 0
116 2020/07/11 2418 150883 6201174 152729 0
117 2020/07/12 1718 152601 6355621 154447 0
118 2020/07/13 3424 156025 6513492 157871 0
119 2020/07/14 3238 159263 6674601 161109 0
120 2020/07/15 3135 162398 6838845 164244 0
121 2020/07/16 3467 165865 7006556 167711 0
122 2020/07/17 3273 169138 7177540 170984 0
123 2020/07/18 2367 171505 7350891 173351 0
124 2020/07/19 1446 172951 7525688 174797 0
125 2020/07/20 3438 176389 7703923 178235 0
126 2020/07/21 2967 179356 7885125 181202 0
127 2020/07/22 3007 182363 8069334 184209 0
128 2020/07/23 2664 185027 8256207 186873 0
129 2020/07/24 2544 187571 8445624 189417 0
130 2020/07/25 2019 189590 8637060 191436 0
131 2020/07/26 1129 190719 8829625 192565 0
132 2020/07/27 2578 193297 9024768 195143 0
133 2020/07/28 2439 195736 9222350 197582 0
134 2020/07/29 2232 197968 9422164 199814 0
135 2020/07/30 2028 199996 9624006 201842 0
136 2020/07/31 2036 202032 9827884 203878 0
137 2020/08/01 1606 203638 10033368 205484 0
138 2020/08/02 887 204525 10239739 206371 0
139 2020/08/03 2100 206625 10448210 208471 0
140 2020/08/04 2049 208674 10658730 210520 0
141 2020/08/05 1964 210638 10871214 212484 0
142 2020/08/06 1917 212555 11085615 214401 0
143 2020/08/07 2077 214632 11302093 216478 0
144 2020/08/08 1457 216089 11520028 217935 0
145 2020/08/09 887 216976 11738850 218822 0
146 2020/08/10 2055 219031 11959727 220877 0
147 2020/08/11 1578 220609 12182182 222455 0
148 2020/08/12 1501 222110 12406138 223956 0
149 2020/08/13 1459 223569 12631553 225415 0
150 2020/08/14 1411 224980 12858379 226826 0
151 2020/08/15 1164 226144 13086369 227990 0
152 2020/08/16 753 226897 13315112 228743 0
153 2020/08/17 1567 228464 13545422 230310 0
154 2020/08/18 1514 229978 13777246 231824 0
155 2020/08/19 1281 231259 14010351 233105 0
156 2020/08/20 1281 232540 14244737 234386 0
157 2020/08/21 1238 233778 14480361 235624 0
158 2020/08/22 877 234655 14716862 236501 0
159 2020/08/23 656 235311 14954019 237157 0
160 2020/08/24 1596 236907 15192772 238753 0
161 2020/08/25 1365 238272 15432890 240118 0
162 2020/08/26 1320 239592 15674328 241438 0
163 2020/08/27 1035 240627 15916801 242473 0
164 2020/08/28 1011 241638 16160285 243484 0
165 2020/08/29 809 242447 16404578 244293 0
166 2020/08/30 658 243105 16649529 244951 0
167 2020/08/31 1151 244256 16895631 246102 0
168 2020/09/01 1118 245374 17142851 247220 0
169 2020/09/02 1104 246478 17391175 248324 0
170 2020/09/03 945 247423 17640444 249269 0
171 2020/09/04 877 248300 17890590 250146 0
172 2020/09/05 571 248871 18141307 250717 0
173 2020/09/06 534 249405 18392558 251251 0
174 2020/09/07 628 250033 18644437 251879 0
175 2020/09/08 1045 251078 18897361 252924 0
176 2020/09/09 935 252013 19151220 253859 0
177 2020/09/10 883 252896 19405962 254742 0
178 2020/09/11 984 253880 19661688 255726 0
179 2020/09/12 684 254564 19918098 256410 0
180 2020/09/13 558 255122 20175066 256968 0
181 2020/09/14 1147 256269 20433181 258115 0
182 2020/09/15 1036 257305 20692332 259151 0
183 2020/09/16 1116 258421 20952599 260267 0
184 2020/09/17 996 259417 21213862 261263 0
185 2020/09/18 941 260358 21476066 262204 0
186 2020/09/19 774 261132 21739044 262978 0
187 2020/09/20 623 261755 22002645 263601 0
188 2020/09/21 1232 262987 22267478 264833 0
189 2020/09/22 1086 264073 22533397 265919 0
190 2020/09/23 1078 265151 22800394 266997 0
191 2020/09/24 1047 266198 23068438 268044 0
192 2020/09/25 1045 267243 23337527 269089 0
193 2020/09/26 788 268031 23607404 269877 0
194 2020/09/27 634 268665 23877915 270511 0
195 2020/09/28 1174 269839 24149600 271685 0
196 2020/09/29 1114 270953 24422399 272799 0
197 2020/09/30 1219 272172 24696417 274018 0
198 2020/10/01 1237 273409 24971672 275255 0
199 2020/10/02 1039 274448 25247966 276294 2
200 2020/10/03 901 275349 25525161 277195 0
201 2020/10/04 705 276054 25803061 277900 0
202 2020/10/05 1381 277435 26082342 279281 0
203 2020/10/06 1079 278514 26362702 280360 0
204 2020/10/07 1232 279746 26644294 281592 0
205 2020/10/08 1172 280918 26927058 282764 0
206 2020/10/09 1197 282115 27211019 283961 0
207 2020/10/10 1132 283247 27496112 285093 0
208 2020/10/11 719 283966 27781924 285812 0
209 2020/10/12 1436 285402 28069172 287248 0
210 2020/10/13 1213 286615 28357633 288461 0
211 2020/10/14 1273 287888 28647367 289734 0
212 2020/10/15 1311 289199 28938412 291045 0
213 2020/10/16 1276 290475 29230733 292321 0
214 2020/10/17 1058 291533 29524112 293379 0
215 2020/10/18 752 292285 29818243 294131 0
216 2020/10/19 1702 293987 30114076 295833 0
217 2020/10/20 1482 295469 30411391 297315 0
218 2020/10/21 1487 296956 30710193 298802 0
219 2020/10/22 1336 298292 31010331 300138 0
220 2020/10/23 1373 299665 31311842 301511 0
221 2020/10/24 1079 300744 31614432 302590 0
222 2020/10/25 817 301561 31917839 303407 0
223 2020/10/26 1572 303133 32222818 304979 0
224 2020/10/27 1426 304559 32529223 306405 0
225 2020/10/28 1379 305938 32837007 307784 0
226 2020/10/29 1459 307397 33146250 309243 0
227 2020/10/30 1617 309014 33457110 310860 0
228 2020/10/31 1433 310447 33769403 312293 0
229 2020/11/01 1368 311815 34083064 313661 0
230 2020/11/02 2560 314375 34399285 316221 0
231 2020/11/03 2343 316718 34717849 318564 0
232 2020/11/04 2449 319167 35038862 321013 0
233 2020/11/05 2299 321466 35362174 323312 0
234 2020/11/06 2353 323819 35687839 325665 0
235 2020/11/07 1964 325783 36015468 327629 0
236 2020/11/08 1502 327285 36344599 329131 0
237 2020/11/09 3120 330405 36676850 332251 0
238 2020/11/10 3089 333494 37012190 335340 0
239 2020/11/11 3244 336738 37350774 338584 0
240 2020/11/12 3354 340092 37692712 341938 0
241 2020/11/13 3739 343831 38038389 345677 0
242 2020/11/14 3121 346952 38387187 348798 0
243 2020/11/15 2700 349652 38738685 351498 0
244 2020/11/16 5028 354680 39095211 356526 0
245 2020/11/17 4729 359409 39456466 361255 0
246 2020/11/18 4935 364344 39822656 366190 0
247 2020/11/19 4714 369058 40193560 370904 0
248 2020/11/20 5069 374127 40569533 375973 0
249 2020/11/21 3876 378003 40949382 379849 0
250 2020/11/22 3166 381169 41332397 383015 0
251 2020/11/23 6271 387440 41721683 389286 0
252 2020/11/24 6086 393526 42117055 395372 0
253 2020/11/25 6294 399820 42518721 401666 0
254 2020/11/26 3018 402838 42923405 404684 0
255 2020/11/27 5132 407970 43333221 409816 0
256 2020/11/28 6499 414469 43749536 416315 0
257 2020/11/29 4910 419379 44170761 421225 0
258 2020/11/30 10369 429748 44602355 431594 0
259 2020/12/01 10650 440398 45044599 442244 0
260 2020/12/02 10333 450731 45497176 452577 0
261 2020/12/03 9999 460730 45959752 462576 0
262 2020/12/04 10077 470807 46432405 472653 0
263 2020/12/05 8584 479391 46913642 481237 0
264 2020/12/06 5768 485159 47400647 487005 0
265 2020/12/07 13525 498684 47901177 500530 0
266 2020/12/08 13617 512301 48415324 514147 0
267 2020/12/09 12644 524945 48942115 526791 0
268 2020/12/10 13412 538357 49482318 540203 0
269 2020/12/11 13910 552267 50036431 554113 0
270 2020/12/12 11753 564020 50602297 565866 0
271 2020/12/13 6738 570758 51174901 572604 0
272 2020/12/14 17499 588257 51765004 590103 0
273 2020/12/15 17557 605814 52372664 607660 0
274 2020/12/16 16305 622119 52996629 623965 0
275 2020/12/17 16454 638573 53637048 640419 0
276 2020/12/18 15564 654137 54293031 655983 0
277 2020/12/19 12067 666204 54961081 668050 0
278 2020/12/20 7032 673236 55636163 675082 0
279 2020/12/21 17999 691235 56329244 693081 0
280 2020/12/22 18999 710234 57041324 712080 0
281 2020/12/23 17199 727433 57770603 729279 0
282 2020/12/24 9005 736438 58508887 738284 0
283 2020/12/25 4144 740582 59251315 742428 0
284 2020/12/26 13611 754193 60007354 756039 0
285 2020/12/27 8502 762695 60771895 764541 0
286 2020/12/28 21391 784086 61557827 785932 0
287 2020/12/29 22283 806369 62366042 808215 0
288 2020/12/30 20123 826492 63194380 828338 0
289 2020/12/31 10838 837330 64033556 839176 0
290 2021/01/01 5264 842594 64877996 844440 0
291 2021/01/02 14017 856611 65736453 858457 0
292 2021/01/03 8296 864907 66603206 866753 0
293 2021/01/04 21907 886814 67491866 888660 0
294 2021/01/05 20012 906826 68400538 908672 0
295 2021/01/06 18669 925495 69327879 927341 0
296 2021/01/07 15886 941381 70271106 943227 0
297 2021/01/08 14861 956242 71229194 958088 0
298 2021/01/09 10767 967009 72198049 968855 0
299 2021/01/10 5526 972535 73172430 974381 0
300 2021/01/11 14541 987076 74161352 988922 0
301 2021/01/12 13154 1000230 75163428 1002076 0
302 2021/01/13 11619 1011849 76177123 1013695 0
303 2021/01/14 10635 1022484 77201453 1024330 0
304 2021/01/15 10034 1032518 78235817 1034364 0
305 2021/01/16 7026 1039544 79277207 1041390 0
306 2021/01/17 4066 1043610 80322663 1045456 0
307 2021/01/18 6599 1050209 81374718 1052055 0
308 2021/01/19 9481 1059690 82436254 1061536 0
309 2021/01/20 8644 1068334 83506434 1070180 0
310 2021/01/21 7468 1075802 84584082 1077648 0
311 2021/01/22 6629 1082431 85668359 1084277 0
312 2021/01/23 4428 1086859 86757064 1088705 0
313 2021/01/24 3194 1090053 87848963 1091899 0
314 2021/01/25 6351 1096404 88947213 1098250 0
315 2021/01/26 5920 1102324 90051383 1104170 0
316 2021/01/27 5248 1107572 91160801 1109418 0
317 2021/01/28 4762 1112334 92274981 1114180 0
318 2021/01/29 3885 1116219 93393046 1118065 0
319 2021/01/30 3465 1119684 94514576 1121530 0
320 2021/01/31 2362 1122046 95638468 1123892 0
321 2021/02/01 4598 1126644 96766958 1128490 0
322 2021/02/02 3807 1130451 97899255 1132297 0
323 2021/02/03 3364 1133815 99034916 1135661 0
324 2021/02/04 3062 1136877 100173639 1138723 0
325 2021/02/05 2786 1139663 101315148 1141509 0
326 2021/02/06 2091 1141754 102458748 1143600 0
327 2021/02/07 1349 1143103 103603697 1144949 0
328 2021/02/08 2749 1145852 104751395 1147698 0
329 2021/02/09 2087 1147939 105901180 1149785 0
330 2021/02/10 1961 1149900 107052926 1151746 0
331 2021/02/11 1736 1151636 108206408 1153482 0
332 2021/02/12 1627 1153263 109361517 1155109 0
333 2021/02/13 1204 1154467 110517830 1156313 0
334 2021/02/14 858 1155325 111675001 1157171 0
335 2021/02/15 1339 1156664 112833511 1158510 0
336 2021/02/16 1391 1158055 113993412 1159901 0
337 2021/02/17 1254 1159309 115154567 1161155 0
338 2021/02/18 1062 1160371 116316784 1162217 0
339 2021/02/19 954 1161325 117479955 1163171 0
340 2021/02/20 751 1162076 118643877 1163922 0
341 2021/02/21 560 1162636 119808359 1164482 0
342 2021/02/22 1031 1163667 120973872 1165513 0
343 2021/02/23 865 1164532 122140250 1166378 0
344 2021/02/24 860 1165392 123307488 1167238 0
345 2021/02/25 756 1166148 124475482 1167994 0
346 2021/02/26 737 1166885 125644213 1168731 0
347 2021/02/27 568 1167453 126813512 1169299 0
348 2021/02/28 491 1167944 127983302 1169790 0
349 2021/03/01 775 1168719 129153867 1170565 0
350 2021/03/02 643 1169362 130325075 1171208 0
351 2021/03/03 632 1169994 131496915 1171840 0
352 2021/03/04 632 1170626 132669387 1172472 0
353 2021/03/05 602 1171228 133842461 1173074 0
354 2021/03/06 479 1171707 135016014 1173553 0
355 2021/03/07 432 1172139 136189999 1173985 0
356 2021/03/08 715 1172854 137364699 1174700 0
357 2021/03/09 608 1173462 138540007 1175308 0
358 2021/03/10 588 1174050 139715903 1175896 0
359 2021/03/11 540 1174590 140892339 1176436 0
360 2021/03/12 525 1175115 142069300 1176961 0
361 2021/03/13 390 1175505 143246651 1177351 0
362 2021/03/14 315 1175820 144424317 1177666 0
363 2021/03/15 559 1176379 145602542 1178225 0
364 2021/03/16 552 1176931 146781319 1178777 0
365 2021/03/17 511 1177442 147960607 1179288 0
366 2021/03/18 442 1177884 149140337 1179730 0
367 2021/03/19 423 1178307 150320490 1180153 0
368 2021/03/20 330 1178637 151500973 1180483 0
369 2021/03/21 292 1178929 152681748 1180775 0
370 2021/03/22 521 1179450 153863044 1181296 0
371 2021/03/23 503 1179953 155044843 1181799 0
372 2021/03/24 509 1180462 156227151 1182308 0
373 2021/03/25 467 1180929 157409926 1182775 0
374 2021/03/26 423 1181352 158593124 1183198 0
375 2021/03/27 334 1181686 159776656 1183532 0
376 2021/03/28 307 1181993 160960495 1183839 1
377 2021/03/29 548 1182541 162144882 1184387 0
378 2021/03/30 488 1183029 163329757 1184875 0
379 2021/03/31 488 1183517 164515120 1185363 0
380 2021/04/01 457 1183974 165700940 1185820 0
381 2021/04/02 486 1184460 166887246 1186306 0
382 2021/04/03 308 1184768 168073860 1186614 0
383 2021/04/04 297 1185065 169260771 1186911 0
384 2021/04/05 538 1185603 170448220 1187449 0
385 2021/04/06 527 1186130 171636196 1187976 0
386 2021/04/07 508 1186638 172824680 1188484 0
387 2021/04/08 437 1187075 174013601 1188921 0
388 2021/04/09 497 1187572 175203019 1189418 0
389 2021/04/10 362 1187934 176392799 1189780 0
390 2021/04/11 268 1188202 177582847 1190048 0
391 2021/04/12 505 1188707 178773400 1190553 0
392 2021/04/13 487 1189194 179964440 1191040 0
393 2021/04/14 448 1189642 181155928 1191488 0
394 2021/04/15 393 1190035 182347809 1191881 0
395 2021/04/16 391 1190426 183540081 1192272 0
396 2021/04/17 296 1190722 184732649 1192568 0
397 2021/04/18 253 1190975 185925470 1192821 1
398 2021/04/19 450 1191425 187118741 1193271 0
399 2021/04/20 374 1191799 188312386 1193645 0
400 2021/04/21 333 1192132 189506364 1193978 0
401 2021/04/22 334 1192466 190700676 1194312 0
402 2021/04/23 313 1192779 191895301 1194625 0
403 2021/04/24 260 1193039 193090186 1194885 0
404 2021/04/25 221 1193260 194285292 1195106 1
405 2021/04/26 330 1193590 195480728 1195436 0
406 2021/04/27 319 1193909 196676483 1195755 0
407 2021/04/28 316 1194225 197872554 1196071 0
408 2021/04/29 292 1194517 199068917 1196363 0
409 2021/04/30 275 1194792 200265555 1196638 0
410 2021/05/01 207 1194999 201462400 1196845 0
411 2021/05/02 165 1195164 202659410 1197010 1
412 2021/05/03 342 1195506 203856762 1197352 1
413 2021/05/04 262 1195768 205054376 1197614 0
414 2021/05/05 284 1196052 206252274 1197898 0
415 2021/05/06 259 1196311 207450431 1198157 0
416 2021/05/07 239 1196550 208648827 1198396 0
417 2021/05/08 169 1196719 209847392 1198565 0
418 2021/05/09 147 1196866 211046104 1198712 0
419 2021/05/10 255 1197121 212245071 1198967 0
420 2021/05/11 254 1197375 213444292 1199221 0
421 2021/05/12 231 1197606 214643744 1199452 0
422 2021/05/13 178 1197784 215843374 1199630 0
423 2021/05/14 188 1197972 217043192 1199818 0
424 2021/05/15 132 1198104 218243142 1199950 0
425 2021/05/16 121 1198225 219443213 1200071 0
426 2021/05/17 218 1198443 220643502 1200289 0
427 2021/05/18 169 1198612 221843960 1200458 0
428 2021/05/19 174 1198786 223044592 1200632 0
429 2021/05/20 189 1198975 224245413 1200821 0
430 2021/05/21 153 1199128 225446387 1200974 0
431 2021/05/22 109 1199237 226647470 1201083 0
432 2021/05/23 107 1199344 227848660 1201190 0
433 2021/05/24 181 1199525 229050031 1201371 0
434 2021/05/25 171 1199696 230251573 1201542 0
435 2021/05/26 174 1199870 231453289 1201716 0
436 2021/05/27 161 1200031 232655166 1201877 0
437 2021/05/28 158 1200189 233857201 1202035 0
438 2021/05/29 106 1200295 235059342 1202141 0
439 2021/05/30 124 1200419 236261607 1202265 0
440 2021/05/31 102 1200521 237463974 1202367 0
441 2021/06/01 237 1200758 238666578 1202604 0
442 2021/06/02 229 1200987 239869411 1202833 0
443 2021/06/03 200 1201187 241072444 1203033 0
444 2021/06/04 172 1201359 242275649 1203205 0
445 2021/06/05 118 1201477 243478972 1203323 0
446 2021/06/06 125 1201602 244682420 1203448 1
447 2021/06/07 196 1201798 245886064 1203644 0
448 2021/06/08 219 1202017 247089927 1203863 0
449 2021/06/09 193 1202210 248293983 1204056 0
450 2021/06/10 181 1202391 249498220 1204237 0
451 2021/06/11 159 1202550 250702616 1204396 1
452 2021/06/12 143 1202693 251907155 1204539 0
453 2021/06/13 134 1202827 253111828 1204673 1
454 2021/06/14 259 1203086 254316760 1204932 0
455 2021/06/15 222 1203308 255521914 1205154 0
456 2021/06/16 225 1203533 256727293 1205379 0
457 2021/06/17 221 1203754 257932893 1205600 0
458 2021/06/18 209 1203963 259138702 1205809 0
459 2021/06/19 154 1204117 260344665 1205963 0
460 2021/06/20 192 1204309 261550820 1206155 0
461 2021/06/21 291 1204600 262757266 1206446 0
462 2021/06/22 286 1204886 263963998 1206732 0
463 2021/06/23 312 1205198 265171042 1207044 0
464 2021/06/24 336 1205534 266378422 1207380 0
465 2021/06/25 320 1205854 267586122 1207700 0
466 2021/06/26 270 1206124 268794092 1207970 0
467 2021/06/27 292 1206416 270002354 1208262 0
468 2021/06/28 522 1206938 271211138 1208784 0
469 2021/06/29 501 1207439 272420423 1209285 0
470 2021/06/30 577 1208016 273630285 1209862 0
471 2021/07/01 657 1208673 274840804 1210519 0
472 2021/07/02 587 1209260 276051910 1211106 1
473 2021/07/03 461 1209721 277263477 1211567 1
474 2021/07/04 420 1210141 278475464 1211987 1
475 2021/07/05 828 1210969 279688279 1212815 0
476 2021/07/06 1160 1212129 280902254 1213975 0
477 2021/07/07 1190 1213319 282117419 1215165 0
478 2021/07/08 1150 1214469 283333734 1216315 0
479 2021/07/09 1181 1215650 284551230 1217496 1
480 2021/07/10 958 1216608 285769684 1218454 1
481 2021/07/11 973 1217581 286989111 1219427 0
482 2021/07/12 1654 1219235 288210192 1221081 0
483 2021/07/13 1659 1220894 289432932 1222740 0
484 2021/07/14 1712 1222606 290657384 1224452 0
485 2021/07/15 1898 1224504 291883734 1226350 0
486 2021/07/16 1850 1226354 293111934 1228200 1
487 2021/07/17 1384 1227738 294341518 1229584 1
488 2021/07/18 1257 1228995 295572359 1230841 0
489 2021/07/19 2342 1231337 296805542 1233183 0
490 2021/07/20 2226 1233563 298040951 1235409 0
491 2021/07/21 2293 1235856 299278653 1237702 0
492 2021/07/22 1969 1237825 300518324 1239671 0
493 2021/07/23 1969 1239794 301759964 1241640 1
494 2021/07/24 1519 1241313 303003123 1243159 1
495 2021/07/25 1115 1242428 304247397 1244274 0
496 2021/07/26 2618 1245046 305494289 1246892 0
497 2021/07/27 1361 1246407 306742542 1248253 0
498 2021/07/28 73 1246480 307990868 1248326 0
499 2021/07/29 0 1246480 309239194 1248326 2
