dates I C D F E
1 2020/03/18 7 7 25 25 1
2 2020/03/19 1 8 51 26 1
3 2020/03/20 1 9 78 27 1
4 2020/03/21 1 10 106 28 1
5 2020/03/22 0 10 134 28 1
6 2020/03/23 2 12 164 30 1
7 2020/03/24 0 12 194 30 1
8 2020/03/25 1 13 225 31 1
9 2020/03/26 1 14 257 32 1
10 2020/03/27 2 16 291 34 1
11 2020/03/28 2 18 327 36 1
12 2020/03/29 0 18 363 36 3
13 2020/03/30 5 23 404 41 1
14 2020/03/31 1 24 446 42 1
15 2020/04/01 1 25 489 43 1
16 2020/04/02 2 27 534 45 1
17 2020/04/03 2 29 581 47 1
18 2020/04/04 1 30 629 48 2
19 2020/04/05 2 32 679 50 1
20 2020/04/06 1 33 730 51 1
21 2020/04/07 2 35 783 53 2
22 2020/04/08 1 36 837 54 1
23 2020/04/09 1 37 892 55 1
24 2020/04/10 0 37 947 55 1
25 2020/04/11 1 38 1003 56 1
26 2020/04/12 1 39 1060 57 1
27 2020/04/13 1 40 1118 58 1
28 2020/04/14 2 42 1178 60 1
29 2020/04/15 1 43 1239 61 1
30 2020/04/16 0 43 1300 61 1
31 2020/04/17 2 45 1363 63 1
32 2020/04/18 0 45 1426 63 1
33 2020/04/19 1 46 1490 64 1
34 2020/04/20 2 48 1556 66 1
35 2020/04/21 1 49 1623 67 1
36 2020/04/22 0 49 1690 67 1
37 2020/04/23 0 49 1757 67 1
38 2020/04/24 1 50 1825 68 1
39 2020/04/25 0 50 1893 68 1
40 2020/04/26 3 53 1964 71 1
41 2020/04/27 1 54 2036 72 1
42 2020/04/28 2 56 2110 74 1
43 2020/04/29 0 56 2184 74 1
44 2020/04/30 1 57 2259 75 1
45 2020/05/01 11 68 2345 86 1
46 2020/05/02 4 72 2435 90 1
47 2020/05/03 0 72 2525 90 1
48 2020/05/04 7 79 2622 97 1
49 2020/05/05 1 80 2720 98 0
50 2020/05/06 3 83 2821 101 0
51 2020/05/07 2 85 2924 103 1
52 2020/05/08 4 89 3031 107 0
53 2020/05/09 3 92 3141 110 0
54 2020/05/10 1 93 3252 111 0
55 2020/05/11 2 95 3365 113 0
56 2020/05/12 7 102 3485 120 0
57 2020/05/13 4 106 3609 124 0
58 2020/05/14 9 115 3742 133 0
59 2020/05/15 9 124 3884 142 0
60 2020/05/16 1 125 4027 143 1
61 2020/05/17 2 127 4172 145 1
62 2020/05/18 2 129 4319 147 0
63 2020/05/19 5 134 4471 152 0
64 2020/05/20 3 137 4626 155 0
65 2020/05/21 2 139 4783 157 0
66 2020/05/22 3 142 4943 160 0
67 2020/05/23 4 146 5107 164 0
68 2020/05/24 4 150 5275 168 0
69 2020/05/25 5 155 5448 173 0
70 2020/05/26 11 166 5632 184 0
71 2020/05/27 15 181 5831 199 0
72 2020/05/28 9 190 6039 208 0
73 2020/05/29 18 208 6265 226 0
74 2020/05/30 15 223 6506 241 0
75 2020/05/31 5 228 6752 246 0
76 2020/06/01 18 246 7016 264 0
77 2020/06/02 11 257 7291 275 0
78 2020/06/03 21 278 7587 296 0
79 2020/06/04 8 286 7891 304 0
80 2020/06/05 8 294 8203 312 0
81 2020/06/06 22 316 8537 334 0
82 2020/06/07 9 325 8880 343 0
83 2020/06/08 17 342 9240 360 0
84 2020/06/09 30 372 9630 390 0
85 2020/06/10 15 387 10035 405 0
86 2020/06/11 14 401 10454 419 0
87 2020/06/12 18 419 10891 437 0
88 2020/06/13 25 444 11353 462 0
89 2020/06/14 4 448 11819 466 0
90 2020/06/15 18 466 12303 484 0
91 2020/06/16 22 488 12809 506 0
92 2020/06/17 26 514 13341 532 0
93 2020/06/18 22 536 13895 554 0
94 2020/06/19 35 571 14484 589 0
95 2020/06/20 20 591 15093 609 0
96 2020/06/21 33 624 15735 642 1
97 2020/06/22 34 658 16411 676 0
98 2020/06/23 25 683 17112 701 0
99 2020/06/24 39 722 17852 740 0
100 2020/06/25 21 743 18613 761 0
101 2020/06/26 44 787 19418 805 0
102 2020/06/27 32 819 20255 837 0
103 2020/06/28 43 862 21135 880 1
104 2020/06/29 47 909 22062 927 1
105 2020/06/30 57 966 23046 984 0
106 2020/07/01 57 1023 24087 1041 0
107 2020/07/02 41 1064 25169 1082 0
108 2020/07/03 69 1133 26320 1151 0
109 2020/07/04 45 1178 27516 1196 0
110 2020/07/05 46 1224 28758 1242 1
111 2020/07/06 79 1303 30079 1321 0
112 2020/07/07 70 1373 31470 1391 0
113 2020/07/08 44 1417 32905 1435 0
114 2020/07/09 70 1487 34410 1505 0
115 2020/07/10 77 1564 35992 1582 0
116 2020/07/11 46 1610 37620 1628 0
117 2020/07/12 41 1651 39289 1669 0
118 2020/07/13 55 1706 41013 1724 0
119 2020/07/14 69 1775 42806 1793 0
120 2020/07/15 74 1849 44673 1867 0
121 2020/07/16 69 1918 46609 1936 0
122 2020/07/17 64 1982 48609 2000 0
123 2020/07/18 45 2027 50654 2045 0
124 2020/07/19 46 2073 52745 2091 0
125 2020/07/20 77 2150 54913 2168 0
126 2020/07/21 75 2225 57156 2243 0
127 2020/07/22 65 2290 59464 2308 0
128 2020/07/23 75 2365 61847 2383 0
129 2020/07/24 67 2432 64297 2450 0
130 2020/07/25 33 2465 66780 2483 0
131 2020/07/26 32 2497 69295 2515 0
132 2020/07/27 87 2584 71897 2602 0
133 2020/07/28 65 2649 74564 2667 0
134 2020/07/29 66 2715 77297 2733 0
135 2020/07/30 54 2769 80084 2787 0
136 2020/07/31 70 2839 82941 2857 0
137 2020/08/01 47 2886 85845 2904 1
138 2020/08/02 38 2924 88787 2942 0
139 2020/08/03 66 2990 91795 3008 0
140 2020/08/04 49 3039 94852 3057 0
141 2020/08/05 43 3082 97952 3100 0
142 2020/08/06 42 3124 101094 3142 0
143 2020/08/07 48 3172 104284 3190 0
144 2020/08/08 32 3204 107506 3222 0
145 2020/08/09 31 3235 110759 3253 0
146 2020/08/10 59 3294 114071 3312 0
147 2020/08/11 33 3327 117416 3345 0
148 2020/08/12 54 3381 120815 3399 0
149 2020/08/13 34 3415 124248 3433 1
150 2020/08/14 43 3458 127724 3476 0
151 2020/08/15 30 3488 131230 3506 0
152 2020/08/16 50 3538 134786 3556 0
153 2020/08/17 45 3583 138387 3601 0
154 2020/08/18 43 3626 142031 3644 0
155 2020/08/19 28 3654 145703 3672 0
156 2020/08/20 34 3688 149409 3706 0
157 2020/08/21 26 3714 153141 3732 0
158 2020/08/22 30 3744 156903 3762 0
159 2020/08/23 19 3763 160684 3781 0
160 2020/08/24 32 3795 164497 3813 0
161 2020/08/25 27 3822 168337 3840 0
162 2020/08/26 15 3837 172192 3855 0
163 2020/08/27 29 3866 176076 3884 0
164 2020/08/28 26 3892 179986 3910 0
165 2020/08/29 19 3911 183915 3929 0
166 2020/08/30 9 3920 187853 3938 0
167 2020/08/31 29 3949 191820 3967 0
168 2020/09/01 23 3972 195810 3990 0
169 2020/09/02 29 4001 199829 4019 0
170 2020/09/03 20 4021 203868 4039 0
171 2020/09/04 19 4040 207926 4058 1
172 2020/09/05 13 4053 211997 4071 0
173 2020/09/06 41 4094 216109 4112 0
174 2020/09/07 44 4138 220265 4156 0
175 2020/09/08 31 4169 224452 4187 0
176 2020/09/09 24 4193 228663 4211 0
177 2020/09/10 24 4217 232898 4235 0
178 2020/09/11 18 4235 237151 4253 0
179 2020/09/12 19 4254 241423 4272 0
180 2020/09/13 10 4264 245705 4282 0
181 2020/09/14 57 4321 250044 4339 0
182 2020/09/15 15 4336 254398 4354 0
183 2020/09/16 19 4355 258771 4373 0
184 2020/09/17 23 4378 263167 4396 0
185 2020/09/18 34 4412 267597 4430 0
186 2020/09/19 12 4424 272039 4442 0
187 2020/09/20 23 4447 276504 4465 0
188 2020/09/21 19 4466 280988 4484 0
189 2020/09/22 11 4477 285483 4495 0
190 2020/09/23 16 4493 289994 4511 0
191 2020/09/24 15 4508 294520 4526 0
192 2020/09/25 19 4527 299065 4545 0
193 2020/09/26 19 4546 303629 4564 1
194 2020/09/27 16 4562 308209 4580 0
195 2020/09/28 29 4591 312818 4609 0
196 2020/09/29 21 4612 317448 4630 0
197 2020/09/30 24 4636 322102 4654 0
198 2020/10/01 9 4645 326765 4663 0
199 2020/10/02 23 4668 331451 4686 0
200 2020/10/03 9 4677 336146 4695 0
201 2020/10/04 17 4694 340858 4712 0
202 2020/10/05 16 4710 345586 4728 0
203 2020/10/06 8 4718 350322 4736 0
204 2020/10/07 12 4730 355070 4748 0
205 2020/10/08 20 4750 359838 4768 0
206 2020/10/09 19 4769 364625 4787 0
207 2020/10/10 10 4779 369422 4797 0
208 2020/10/11 13 4792 374232 4810 0
209 2020/10/12 27 4819 379069 4837 0
210 2020/10/13 19 4838 383925 4856 0
211 2020/10/14 18 4856 388799 4874 0
212 2020/10/15 15 4871 393688 4889 0
213 2020/10/16 12 4883 398589 4901 0
214 2020/10/17 12 4895 403502 4913 0
215 2020/10/18 6 4901 408421 4919 1
216 2020/10/19 25 4926 413365 4944 0
217 2020/10/20 15 4941 418324 4959 0
218 2020/10/21 17 4958 423300 4976 0
219 2020/10/22 25 4983 428301 5001 0
220 2020/10/23 21 5004 433323 5022 0
221 2020/10/24 5 5009 438350 5027 0
222 2020/10/25 13 5022 443390 5040 0
223 2020/10/26 30 5052 448460 5070 0
224 2020/10/27 20 5072 453550 5090 0
225 2020/10/28 30 5102 458670 5120 0
226 2020/10/29 16 5118 463806 5136 0
227 2020/10/30 29 5147 468971 5165 0
228 2020/10/31 12 5159 474148 5177 0
229 2020/11/01 17 5176 479342 5194 0
230 2020/11/02 47 5223 484583 5241 0
231 2020/11/03 30 5253 489854 5271 0
232 2020/11/04 36 5289 495161 5307 0
233 2020/11/05 20 5309 500488 5327 0
234 2020/11/06 37 5346 505852 5364 0
235 2020/11/07 16 5362 511232 5380 0
236 2020/11/08 22 5384 516634 5402 0
237 2020/11/09 68 5452 522104 5470 0
238 2020/11/10 46 5498 527620 5516 0
239 2020/11/11 42 5540 533178 5558 0
240 2020/11/12 34 5574 538770 5592 0
241 2020/11/13 34 5608 544396 5626 0
242 2020/11/14 40 5648 550062 5666 0
243 2020/11/15 30 5678 555758 5696 0
244 2020/11/16 97 5775 561551 5793 0
245 2020/11/17 86 5861 567430 5879 0
246 2020/11/18 89 5950 573398 5968 0
247 2020/11/19 87 6037 579453 6055 0
248 2020/11/20 72 6109 585580 6127 0
249 2020/11/21 91 6200 591798 6218 0
250 2020/11/22 37 6237 598053 6255 0
251 2020/11/23 80 6317 604388 6335 0
252 2020/11/24 125 6442 610848 6460 0
253 2020/11/25 83 6525 617391 6543 0
254 2020/11/26 22 6547 623956 6565 0
255 2020/11/27 74 6621 630595 6639 0
256 2020/11/28 72 6693 637306 6711 0
257 2020/11/29 102 6795 644119 6813 0
258 2020/11/30 143 6938 651075 6956 0
259 2020/12/01 168 7106 658199 7124 0
260 2020/12/02 116 7222 665439 7240 0
261 2020/12/03 123 7345 672802 7363 0
262 2020/12/04 121 7466 680286 7484 0
263 2020/12/05 89 7555 687859 7573 0
264 2020/12/06 88 7643 695520 7661 0
265 2020/12/07 170 7813 703351 7831 0
266 2020/12/08 264 8077 711446 8095 0
267 2020/12/09 133 8210 719674 8228 0
268 2020/12/10 111 8321 728013 8339 0
269 2020/12/11 106 8427 736458 8445 0
270 2020/12/12 90 8517 744993 8535 0
271 2020/12/13 123 8640 753651 8658 0
272 2020/12/14 184 8824 762493 8842 0
273 2020/12/15 272 9096 771607 9114 0
274 2020/12/16 156 9252 780877 9270 0
275 2020/12/17 126 9378 790273 9396 0
276 2020/12/18 116 9494 799785 9512 0
277 2020/12/19 102 9596 809399 9614 0
278 2020/12/20 91 9687 819104 9705 0
279 2020/12/21 210 9897 829019 9915 0
280 2020/12/22 192 10089 839126 10107 0
281 2020/12/23 118 10207 849351 10225 0
282 2020/12/24 156 10363 859732 10381 0
283 2020/12/25 38 10401 870151 10419 0
284 2020/12/26 170 10571 880740 10589 0
285 2020/12/27 74 10645 891403 10663 0
286 2020/12/28 258 10903 902324 10921 0
287 2020/12/29 172 11075 913417 11093 0
288 2020/12/30 314 11389 924824 11407 1
289 2020/12/31 110 11499 936341 11517 1
290 2021/01/01 67 11566 947925 11584 0
291 2021/01/02 162 11728 959671 11746 0
292 2021/01/03 109 11837 971526 11855 0
293 2021/01/04 225 12062 983606 12080 0
294 2021/01/05 221 12283 995907 12301 0
295 2021/01/06 176 12459 1008384 12477 0
296 2021/01/07 134 12593 1020995 12611 0
297 2021/01/08 156 12749 1033762 12767 0
298 2021/01/09 151 12900 1046680 12918 0
299 2021/01/10 84 12984 1059682 13002 0
300 2021/01/11 187 13171 1072871 13189 0
301 2021/01/12 133 13304 1086193 13322 0
302 2021/01/13 142 13446 1099657 13464 0
303 2021/01/14 124 13570 1113245 13588 0
304 2021/01/15 116 13686 1126949 13704 0
305 2021/01/16 89 13775 1140742 13793 0
306 2021/01/17 64 13839 1154599 13857 0
307 2021/01/18 92 13931 1168548 13949 0
308 2021/01/19 114 14045 1182611 14063 0
309 2021/01/20 117 14162 1196791 14180 0
310 2021/01/21 65 14227 1211036 14245 0
311 2021/01/22 65 14292 1225346 14310 0
312 2021/01/23 61 14353 1239717 14371 0
313 2021/01/24 36 14389 1254124 14407 0
314 2021/01/25 92 14481 1268623 14499 0
315 2021/01/26 54 14535 1283176 14553 0
316 2021/01/27 57 14592 1297786 14610 0
317 2021/01/28 40 14632 1312436 14650 0
318 2021/01/29 56 14688 1327142 14706 0
319 2021/01/30 51 14739 1341899 14757 0
320 2021/01/31 42 14781 1356698 14799 0
321 2021/02/01 54 14835 1371551 14853 0
322 2021/02/02 35 14870 1386439 14888 0
323 2021/02/03 50 14920 1401377 14938 0
324 2021/02/04 38 14958 1416353 14976 0
325 2021/02/05 29 14987 1431358 15005 0
326 2021/02/06 34 15021 1446397 15039 1
327 2021/02/07 21 15042 1461457 15060 0
328 2021/02/08 34 15076 1476551 15094 0
329 2021/02/09 36 15112 1491681 15130 0
330 2021/02/10 20 15132 1506831 15150 0
331 2021/02/11 38 15170 1522019 15188 0
332 2021/02/12 21 15191 1537228 15209 0
333 2021/02/13 27 15218 1552464 15236 0
334 2021/02/14 9 15227 1567709 15245 0
335 2021/02/15 31 15258 1582985 15276 0
336 2021/02/16 31 15289 1598292 15307 0
337 2021/02/17 39 15328 1613638 15346 0
338 2021/02/18 26 15354 1629010 15372 0
339 2021/02/19 21 15375 1644403 15393 0
340 2021/02/20 17 15392 1659813 15410 0
341 2021/02/21 20 15412 1675243 15430 0
342 2021/02/22 31 15443 1690704 15461 0
343 2021/02/23 25 15468 1706190 15486 0
344 2021/02/24 14 15482 1721690 15500 0
345 2021/02/25 27 15509 1737217 15527 0
346 2021/02/26 35 15544 1752779 15562 0
347 2021/02/27 16 15560 1768357 15578 0
348 2021/02/28 17 15577 1783952 15595 0
349 2021/03/01 43 15620 1799590 15638 1
350 2021/03/02 29 15649 1815257 15667 0
351 2021/03/03 19 15668 1830943 15686 0
352 2021/03/04 19 15687 1846648 15705 0
353 2021/03/05 35 15722 1862388 15740 0
354 2021/03/06 10 15732 1878138 15750 0
355 2021/03/07 9 15741 1893897 15759 0
356 2021/03/08 20 15761 1909676 15779 0
357 2021/03/09 10 15771 1925465 15789 0
358 2021/03/10 11 15782 1941265 15800 0
359 2021/03/11 21 15803 1957086 15821 0
360 2021/03/12 11 15814 1972918 15832 0
361 2021/03/13 12 15826 1988762 15844 0
362 2021/03/14 12 15838 2004618 15856 0
363 2021/03/15 22 15860 2020496 15878 0
364 2021/03/16 11 15871 2036385 15889 0
365 2021/03/17 14 15885 2052288 15903 0
366 2021/03/18 7 15892 2068198 15910 1
367 2021/03/19 10 15902 2084118 15920 1
368 2021/03/20 7 15909 2100045 15927 0
369 2021/03/21 8 15917 2115980 15935 0
370 2021/03/22 19 15936 2131934 15954 0
371 2021/03/23 15 15951 2147903 15969 0
372 2021/03/24 16 15967 2163888 15985 0
373 2021/03/25 9 15976 2179882 15994 0
374 2021/03/26 19 15995 2195895 16013 0
375 2021/03/27 10 16005 2211918 16023 0
376 2021/03/28 7 16012 2227948 16030 0
377 2021/03/29 15 16027 2243993 16045 0
378 2021/03/30 20 16047 2260058 16065 0
379 2021/03/31 10 16057 2276133 16075 0
380 2021/04/01 14 16071 2292222 16089 0
381 2021/04/02 16 16087 2308327 16105 0
382 2021/04/03 9 16096 2324441 16114 0
383 2021/04/04 9 16105 2340564 16123 0
384 2021/04/05 26 16131 2356713 16149 0
385 2021/04/06 14 16145 2372876 16163 0
386 2021/04/07 19 16164 2389058 16182 0
387 2021/04/08 19 16183 2405259 16201 0
388 2021/04/09 12 16195 2421472 16213 0
389 2021/04/10 3 16198 2437688 16216 0
390 2021/04/11 8 16206 2453912 16224 0
391 2021/04/12 18 16224 2470154 16242 0
392 2021/04/13 11 16235 2486407 16253 0
393 2021/04/14 10 16245 2502670 16263 0
394 2021/04/15 9 16254 2518942 16272 0
395 2021/04/16 15 16269 2535229 16287 0
396 2021/04/17 5 16274 2551521 16292 0
397 2021/04/18 4 16278 2567817 16296 0
398 2021/04/19 11 16289 2584124 16307 0
399 2021/04/20 11 16300 2600442 16318 0
400 2021/04/21 6 16306 2616766 16324 0
401 2021/04/22 5 16311 2633095 16329 0
402 2021/04/23 19 16330 2649443 16348 0
403 2021/04/24 9 16339 2665800 16357 0
404 2021/04/25 3 16342 2682160 16360 0
405 2021/04/26 12 16354 2698532 16372 0
406 2021/04/27 12 16366 2714916 16384 0
407 2021/04/28 7 16373 2731307 16391 0
408 2021/04/29 4 16377 2747702 16395 0
409 2021/04/30 5 16382 2764102 16400 0
410 2021/05/01 6 16388 2780508 16406 0
411 2021/05/02 4 16392 2796918 16410 0
412 2021/05/03 6 16398 2813334 16416 0
413 2021/05/04 4 16402 2829754 16420 0
414 2021/05/05 1 16403 2846175 16421 0
415 2021/05/06 2 16405 2862598 16423 0
416 2021/05/07 8 16413 2879029 16431 0
417 2021/05/08 5 16418 2895465 16436 0
418 2021/05/09 4 16422 2911905 16440 0
419 2021/05/10 9 16431 2928354 16449 0
420 2021/05/11 10 16441 2944813 16459 0
421 2021/05/12 3 16444 2961275 16462 0
422 2021/05/13 4 16448 2977741 16466 0
423 2021/05/14 6 16454 2994213 16472 0
424 2021/05/15 3 16457 3010688 16475 0
425 2021/05/16 3 16460 3027166 16478 0
426 2021/05/17 4 16464 3043648 16482 0
427 2021/05/18 3 16467 3060133 16485 0
428 2021/05/19 7 16474 3076625 16492 0
429 2021/05/20 3 16477 3093120 16495 0
430 2021/05/21 6 16483 3109621 16501 0
431 2021/05/22 1 16484 3126123 16502 0
432 2021/05/23 3 16487 3142628 16505 0
433 2021/05/24 5 16492 3159138 16510 0
434 2021/05/25 3 16495 3175651 16513 0
435 2021/05/26 5 16500 3192169 16518 0
436 2021/05/27 1 16501 3208688 16519 0
437 2021/05/28 9 16510 3225216 16528 0
438 2021/05/29 2 16512 3241746 16530 0
439 2021/05/30 2 16514 3258278 16532 0
440 2021/05/31 4 16518 3274814 16536 0
441 2021/06/01 1 16519 3291351 16537 0
442 2021/06/02 9 16528 3307897 16546 0
443 2021/06/03 8 16536 3324451 16554 0
444 2021/06/04 7 16543 3341012 16561 0
445 2021/06/05 2 16545 3357575 16563 0
446 2021/06/06 4 16549 3374142 16567 0
447 2021/06/07 6 16555 3390715 16573 0
448 2021/06/08 6 16561 3407294 16579 0
449 2021/06/09 6 16567 3423879 16585 0
450 2021/06/10 5 16572 3440469 16590 0
451 2021/06/11 6 16578 3457065 16596 0
452 2021/06/12 3 16581 3473664 16599 0
453 2021/06/13 4 16585 3490267 16603 0
454 2021/06/14 14 16599 3506884 16617 0
455 2021/06/15 5 16604 3523506 16622 0
456 2021/06/16 7 16611 3540135 16629 0
457 2021/06/17 4 16615 3556768 16633 0
458 2021/06/18 5 16620 3573406 16638 0
459 2021/06/19 6 16626 3590050 16644 1
460 2021/06/20 2 16628 3606696 16646 0
461 2021/06/21 8 16636 3623350 16654 0
462 2021/06/22 8 16644 3640012 16662 0
463 2021/06/23 5 16649 3656679 16667 0
464 2021/06/24 5 16654 3673351 16672 0
465 2021/06/25 10 16664 3690033 16682 0
466 2021/06/26 3 16667 3706718 16685 0
467 2021/06/27 7 16674 3723410 16692 0
468 2021/06/28 6 16680 3740108 16698 0
469 2021/06/29 10 16690 3756816 16708 1
470 2021/06/30 5 16695 3773529 16713 0
471 2021/07/01 4 16699 3790246 16717 0
472 2021/07/02 10 16709 3806973 16727 1
473 2021/07/03 7 16716 3823707 16734 1
474 2021/07/04 6 16722 3840447 16740 1
475 2021/07/05 8 16730 3857195 16748 0
476 2021/07/06 8 16738 3873951 16756 0
477 2021/07/07 4 16742 3890711 16760 0
478 2021/07/08 3 16745 3907474 16763 0
479 2021/07/09 11 16756 3924248 16774 1
480 2021/07/10 6 16762 3941028 16780 1
481 2021/07/11 1 16763 3957809 16781 1
482 2021/07/12 16 16779 3974606 16797 0
483 2021/07/13 3 16782 3991406 16800 0
484 2021/07/14 2 16784 4008208 16802 0
485 2021/07/15 0 16784 4025010 16802 2
