dates I C D F E
1 2020/03/18 0 1626132 28688 0 1
2 2020/03/19 0 1626132 28688 0 1
3 2020/03/20 0 1626132 28688 0 1
4 2020/03/21 0 1626132 28688 0 1
5 2020/03/22 0 1626132 28688 0 1
6 2020/03/23 0 1626132 28688 0 1
7 2020/03/24 0 1626132 28688 0 1
8 2020/03/25 0 1626132 28688 0 1
9 2020/03/26 0 1626132 28688 0 1
10 2020/03/27 0 1626132 28688 0 1
11 2020/03/28 0 1626132 28688 0 1
12 2020/03/29 0 1626132 28688 0 1
13 2020/03/30 0 1626132 28688 0 1
14 2020/03/31 0 1626132 28688 0 1
15 2020/04/01 0 1626132 28688 0 1
16 2020/04/02 0 1626132 28688 0 1
17 2020/04/03 0 1626132 28688 0 1
18 2020/04/04 0 1626132 28688 0 1
19 2020/04/05 0 1626132 28688 0 1
20 2020/04/06 0 1626132 28688 0 1
21 2020/04/07 0 1626132 28688 0 1
22 2020/04/08 0 1626132 28688 0 1
23 2020/04/09 0 1626132 28688 0 1
24 2020/04/10 0 1626132 28688 0 1
25 2020/04/11 0 1626132 28688 0 1
26 2020/04/12 0 1626132 28688 0 1
27 2020/04/13 0 1626132 28688 0 1
28 2020/04/14 0 1626132 28688 0 1
29 2020/04/15 0 1626132 28688 0 1
30 2020/04/16 1 1626133 28688 0 1
31 2020/04/17 0 1626133 28688 0 2
32 2020/04/18 1 1626134 28688 0 1
33 2020/04/19 0 1626134 28688 0 1
34 2020/04/20 3 1626137 28689 1 1
35 2020/04/21 0 1626137 28689 0 1
36 2020/04/22 1 1626138 28689 0 1
37 2020/04/23 1 1626139 28689 0 1
38 2020/04/24 1 1626140 28689 0 1
39 2020/04/25 6 1626146 28689 0 1
40 2020/04/26 0 1626146 28689 0 1
41 2020/04/27 0 1626146 28689 0 1
42 2020/04/28 1 1626147 28689 0 1
43 2020/04/29 0 1626147 28689 0 1
44 2020/04/30 0 1626147 28689 0 1
45 2020/05/01 0 1626147 28689 0 1
46 2020/05/02 0 1626147 28689 0 1
47 2020/05/03 0 1626147 28689 0 1
48 2020/05/04 0 1626147 28689 0 1
49 2020/05/05 0 1626147 28689 0 0
50 2020/05/06 0 1626147 28689 0 0
51 2020/05/07 0 1626147 28689 0 0
52 2020/05/08 0 1626147 28689 0 0
53 2020/05/09 0 1626147 28689 0 0
54 2020/05/10 0 1626147 28689 0 0
55 2020/05/11 0 1626147 28689 0 0
56 2020/05/12 0 1626147 28689 0 0
57 2020/05/13 0 1626147 28689 0 0
58 2020/05/14 0 1626147 28689 0 0
59 2020/05/15 0 1626147 28689 0 0
60 2020/05/16 0 1626147 28689 0 0
61 2020/05/17 0 1626147 28689 0 0
62 2020/05/18 1 1626148 28689 0 0
63 2020/05/19 0 1626148 28689 0 0
64 2020/05/20 0 1626148 28689 0 0
65 2020/05/21 0 1626148 28689 0 0
66 2020/05/22 0 1626148 28689 0 0
67 2020/05/23 0 1626148 28689 0 0
68 2020/05/24 0 1626148 28689 0 0
69 2020/05/25 0 1626148 28689 0 0
70 2020/05/26 0 1626148 28689 0 0
71 2020/05/27 0 1626148 28689 0 0
72 2020/05/28 0 1626148 28689 0 0
73 2020/05/29 0 1626148 28689 0 0
74 2020/05/30 0 1626148 28689 0 0
75 2020/05/31 0 1626148 28689 0 0
76 2020/06/01 0 1626148 28689 0 0
77 2020/06/02 0 1626148 28689 0 0
78 2020/06/03 0 1626148 28689 0 0
79 2020/06/04 0 1626148 28689 0 0
80 2020/06/05 0 1626148 28689 0 0
81 2020/06/06 0 1626148 28689 0 0
82 2020/06/07 0 1626148 28689 0 0
83 2020/06/08 0 1626148 28689 0 0
84 2020/06/09 1 1626149 28689 0 0
85 2020/06/10 0 1626149 28689 0 0
86 2020/06/11 1 1626150 28689 0 0
87 2020/06/12 0 1626150 28689 0 0
88 2020/06/13 0 1626150 28689 0 0
89 2020/06/14 0 1626150 28689 0 0
90 2020/06/15 0 1626150 28689 0 0
91 2020/06/16 0 1626150 28689 0 0
92 2020/06/17 0 1626150 28689 0 0
93 2020/06/18 1 1626151 28689 0 0
94 2020/06/19 2 1626153 28689 0 0
95 2020/06/20 1 1626154 28689 0 0
96 2020/06/21 0 1626154 28689 0 0
97 2020/06/22 3 1626157 28689 0 0
98 2020/06/23 1 1626158 28689 0 0
99 2020/06/24 2 1626160 28690 1 0
100 2020/06/25 1 1626161 28690 0 0
101 2020/06/26 1 1626162 28690 0 0
102 2020/06/27 1 1626163 28690 0 0
103 2020/06/28 1 1626164 28690 0 0
104 2020/06/29 0 1626164 28690 0 0
105 2020/06/30 2 1626166 28690 0 0
106 2020/07/01 1 1626167 28690 0 0
107 2020/07/02 0 1626167 28690 0 1
108 2020/07/03 1 1626168 28690 0 0
109 2020/07/04 0 1626168 28690 0 0
110 2020/07/05 0 1626168 28690 0 0
111 2020/07/06 0 1626168 28690 0 0
112 2020/07/07 2 1626170 28690 0 0
113 2020/07/08 0 1626170 28690 0 0
114 2020/07/09 0 1626170 28690 0 0
115 2020/07/10 0 1626170 28690 0 1
116 2020/07/11 1 1626171 28690 0 0
117 2020/07/12 0 1626171 28690 0 0
118 2020/07/13 1 1626172 28690 0 0
119 2020/07/14 1 1626173 28690 0 0
120 2020/07/15 4 1626177 28690 0 0
121 2020/07/16 0 1626177 28690 0 0
122 2020/07/17 2 1626179 28690 0 0
123 2020/07/18 2 1626181 28690 0 0
124 2020/07/19 0 1626181 28690 0 0
125 2020/07/20 4 1626185 28690 0 0
126 2020/07/21 1 1626186 28690 0 0
127 2020/07/22 1 1626187 28690 0 0
128 2020/07/23 0 1626187 28690 0 0
129 2020/07/24 0 1626187 28690 0 0
130 2020/07/25 0 1626187 28690 0 0
131 2020/07/26 1 1626188 28690 0 0
132 2020/07/27 2 1626190 28690 0 0
133 2020/07/28 0 1626190 28690 0 0
134 2020/07/29 2 1626192 28690 0 0
135 2020/07/30 1 1626193 28690 0 0
136 2020/07/31 0 1626193 28690 0 0
137 2020/08/01 0 1626193 28690 0 0
138 2020/08/02 0 1626193 28690 0 0
139 2020/08/03 2 1626195 28690 0 0
140 2020/08/04 1 1626196 28690 0 1
141 2020/08/05 0 1626196 28690 0 0
142 2020/08/06 0 1626196 28690 0 0
143 2020/08/07 1 1626197 28690 0 0
144 2020/08/08 0 1626197 28690 0 0
145 2020/08/09 1 1626198 28690 0 0
146 2020/08/10 2 1626200 28690 0 0
147 2020/08/11 0 1626200 28690 0 0
148 2020/08/12 1 1626201 28690 0 0
149 2020/08/13 0 1626201 28690 0 0
150 2020/08/14 1 1626202 28690 0 0
151 2020/08/15 1 1626203 28690 0 0
152 2020/08/16 0 1626203 28690 0 0
153 2020/08/17 0 1626203 28690 0 0
154 2020/08/18 0 1626203 28690 0 0
155 2020/08/19 0 1626203 28690 0 0
156 2020/08/20 0 1626203 28690 0 0
157 2020/08/21 0 1626203 28690 0 1
158 2020/08/22 0 1626203 28690 0 0
159 2020/08/23 0 1626203 28690 0 0
160 2020/08/24 0 1626203 28690 0 0
161 2020/08/25 2 1626205 28690 0 0
162 2020/08/26 0 1626205 28690 0 0
163 2020/08/27 0 1626205 28690 0 1
164 2020/08/28 0 1626205 28690 0 0
165 2020/08/29 0 1626205 28690 0 0
166 2020/08/30 0 1626205 28690 0 0
167 2020/08/31 0 1626205 28690 0 0
168 2020/09/01 0 1626205 28690 0 0
169 2020/09/02 1 1626206 28690 0 1
170 2020/09/03 0 1626206 28690 0 0
171 2020/09/04 0 1626206 28690 0 0
172 2020/09/05 0 1626206 28690 0 0
173 2020/09/06 0 1626206 28690 0 0
174 2020/09/07 0 1626206 28690 0 0
175 2020/09/08 0 1626206 28690 0 0
176 2020/09/09 0 1626206 28690 0 0
177 2020/09/10 1 1626207 28690 0 0
178 2020/09/11 0 1626207 28690 0 0
179 2020/09/12 0 1626207 28690 0 0
180 2020/09/13 0 1626207 28690 0 0
181 2020/09/14 0 1626207 28690 0 0
182 2020/09/15 0 1626207 28690 0 0
183 2020/09/16 0 1626207 28690 0 0
184 2020/09/17 0 1626207 28690 0 0
185 2020/09/18 0 1626207 28690 0 0
186 2020/09/19 0 1626207 28690 0 0
187 2020/09/20 0 1626207 28690 0 0
188 2020/09/21 0 1626207 28690 0 0
189 2020/09/22 1 1626208 28690 0 0
190 2020/09/23 0 1626208 28690 0 0
191 2020/09/24 0 1626208 28690 0 0
192 2020/09/25 0 1626208 28690 0 0
193 2020/09/26 0 1626208 28690 0 0
194 2020/09/27 1 1626209 28690 0 0
195 2020/09/28 0 1626209 28690 0 0
196 2020/09/29 0 1626209 28690 0 0
197 2020/09/30 0 1626209 28690 0 0
198 2020/10/01 0 1626209 28690 0 0
199 2020/10/02 0 1626209 28690 0 1
200 2020/10/03 0 1626209 28690 0 0
201 2020/10/04 0 1626209 28690 0 0
202 2020/10/05 0 1626209 28690 0 0
203 2020/10/06 0 1626209 28690 0 0
204 2020/10/07 0 1626209 28690 0 0
205 2020/10/08 0 1626209 28690 0 0
206 2020/10/09 0 1626209 28690 0 0
207 2020/10/10 0 1626209 28690 0 0
208 2020/10/11 0 1626209 28690 0 0
209 2020/10/12 0 1626209 28690 0 0
210 2020/10/13 0 1626209 28690 0 0
211 2020/10/14 0 1626209 28690 0 0
212 2020/10/15 1 1626210 28690 0 0
213 2020/10/16 0 1626210 28690 0 0
214 2020/10/17 0 1626210 28690 0 0
215 2020/10/18 1 1626211 28690 0 0
216 2020/10/19 0 1626211 28690 0 0
217 2020/10/20 0 1626211 28690 0 0
218 2020/10/21 1 1626212 28690 0 0
219 2020/10/22 0 1626212 28690 0 0
220 2020/10/23 0 1626212 28690 0 0
221 2020/10/24 0 1626212 28690 0 0
222 2020/10/25 0 1626212 28690 0 0
223 2020/10/26 0 1626212 28690 0 0
224 2020/10/27 0 1626212 28690 0 0
225 2020/10/28 1 1626213 28690 0 0
226 2020/10/29 0 1626213 28690 0 0
227 2020/10/30 2 1626215 28690 0 0
228 2020/10/31 0 1626215 28690 0 0
229 2020/11/01 0 1626215 28690 0 0
230 2020/11/02 4 1626219 28690 0 0
231 2020/11/03 0 1626219 28690 0 0
232 2020/11/04 1 1626220 28690 0 0
233 2020/11/05 0 1626220 28690 0 0
234 2020/11/06 1 1626221 28690 0 0
235 2020/11/07 1 1626222 28690 0 0
236 2020/11/08 0 1626222 28690 0 0
237 2020/11/09 0 1626222 28690 0 0
238 2020/11/10 0 1626222 28690 0 0
239 2020/11/11 2 1626224 28690 0 0
240 2020/11/12 0 1626224 28690 0 0
241 2020/11/13 2 1626226 28690 0 0
242 2020/11/14 2 1626228 28690 0 0
243 2020/11/15 1 1626229 28690 0 0
244 2020/11/16 3 1626232 28690 0 0
245 2020/11/17 3 1626235 28691 1 0
246 2020/11/18 3 1626238 28691 0 0
247 2020/11/19 3 1626241 28691 0 0
248 2020/11/20 7 1626248 28691 0 0
249 2020/11/21 8 1626256 28691 0 0
250 2020/11/22 0 1626256 28691 0 0
251 2020/11/23 1 1626257 28691 0 0
252 2020/11/24 1 1626258 28691 0 0
253 2020/11/25 9 1626267 28691 0 0
254 2020/11/26 1 1626268 28691 0 0
255 2020/11/27 5 1626273 28691 0 0
256 2020/11/28 2 1626275 28691 0 0
257 2020/11/29 3 1626278 28691 0 0
258 2020/11/30 4 1626282 28691 0 0
259 2020/12/01 7 1626289 28691 0 0
260 2020/12/02 5 1626294 28691 0 0
261 2020/12/03 3 1626297 28691 0 0
262 2020/12/04 4 1626301 28691 0 0
263 2020/12/05 0 1626301 28691 0 0
264 2020/12/06 5 1626306 28691 0 0
265 2020/12/07 1 1626307 28691 0 0
266 2020/12/08 3 1626310 28691 0 0
267 2020/12/09 4 1626314 28691 0 0
268 2020/12/10 2 1626316 28691 0 0
269 2020/12/11 1 1626317 28691 0 0
270 2020/12/12 1 1626318 28691 0 0
271 2020/12/13 1 1626319 28691 0 0
272 2020/12/14 4 1626323 28691 0 0
273 2020/12/15 1 1626324 28691 0 0
274 2020/12/16 4 1626328 28691 0 0
275 2020/12/17 3 1626331 28691 0 1
276 2020/12/18 4 1626335 28691 0 0
277 2020/12/19 3 1626338 28691 0 0
278 2020/12/20 2 1626340 28691 0 0
279 2020/12/21 1 1626341 28691 0 0
280 2020/12/22 5 1626346 28691 0 0
281 2020/12/23 3 1626349 28691 0 0
282 2020/12/24 2 1626351 28691 0 0
283 2020/12/25 4 1626355 28691 0 0
284 2020/12/26 6 1626361 28691 0 0
285 2020/12/27 1 1626362 28691 0 0
286 2020/12/28 7 1626369 28692 1 0
287 2020/12/29 24 1626393 28692 0 0
288 2020/12/30 8 1626401 28692 0 0
289 2020/12/31 4 1626405 28692 0 0
290 2021/01/01 2 1626407 28692 0 0
291 2021/01/02 8 1626415 28692 0 0
292 2021/01/03 7 1626422 28692 0 0
293 2021/01/04 7 1626429 28692 0 0
294 2021/01/05 6 1626435 28692 0 0
295 2021/01/06 6 1626441 28692 0 0
296 2021/01/07 3 1626444 28692 0 0
297 2021/01/08 2 1626446 28692 0 0
298 2021/01/09 1 1626447 28692 0 0
299 2021/01/10 3 1626450 28692 0 0
300 2021/01/11 0 1626450 28692 0 0
301 2021/01/12 7 1626457 28692 0 0
302 2021/01/13 2 1626459 28692 0 0
303 2021/01/14 2 1626461 28692 0 1
304 2021/01/15 2 1626463 28692 0 0
305 2021/01/16 2 1626465 28692 0 0
306 2021/01/17 1 1626466 28692 0 0
307 2021/01/18 0 1626466 28692 0 0
308 2021/01/19 3 1626469 28692 0 0
309 2021/01/20 0 1626469 28692 0 0
310 2021/01/21 2 1626471 28692 0 0
311 2021/01/22 4 1626475 28692 0 0
312 2021/01/23 0 1626475 28692 0 0
313 2021/01/24 0 1626475 28692 0 1
314 2021/01/25 4 1626479 28692 0 0
315 2021/01/26 4 1626483 28692 0 0
316 2021/01/27 2 1626485 28692 0 0
317 2021/01/28 0 1626485 28692 0 0
318 2021/01/29 0 1626485 28692 0 0
319 2021/01/30 1 1626486 28692 0 0
320 2021/01/31 2 1626488 28692 0 0
321 2021/02/01 2 1626490 28692 0 0
322 2021/02/02 2 1626492 28692 0 0
323 2021/02/03 3 1626495 28692 0 0
324 2021/02/04 1 1626496 28692 0 0
325 2021/02/05 0 1626496 28692 0 0
326 2021/02/06 0 1626496 28692 0 0
327 2021/02/07 1 1626497 28692 0 0
328 2021/02/08 1 1626498 28692 0 0
329 2021/02/09 0 1626498 28692 0 0
330 2021/02/10 2 1626500 28692 0 0
331 2021/02/11 2 1626502 28692 0 0
332 2021/02/12 0 1626502 28692 0 0
333 2021/02/13 1 1626503 28693 1 0
334 2021/02/14 0 1626503 28693 0 0
335 2021/02/15 0 1626503 28693 0 0
336 2021/02/16 2 1626505 28693 0 0
337 2021/02/17 0 1626505 28693 0 0
338 2021/02/18 0 1626505 28693 0 0
339 2021/02/19 1 1626506 28693 0 0
340 2021/02/20 0 1626506 28693 0 0
341 2021/02/21 0 1626506 28693 0 0
342 2021/02/22 0 1626506 28693 0 0
343 2021/02/23 1 1626507 28693 0 0
344 2021/02/24 0 1626507 28693 0 0
345 2021/02/25 0 1626507 28693 0 0
346 2021/02/26 0 1626507 28693 0 0
347 2021/02/27 0 1626507 28693 0 1
348 2021/02/28 0 1626507 28693 0 0
349 2021/03/01 0 1626507 28693 0 0
350 2021/03/02 0 1626507 28693 0 0
351 2021/03/03 0 1626507 28693 0 0
352 2021/03/04 1 1626508 28693 0 0
353 2021/03/05 0 1626508 28693 0 1
354 2021/03/06 0 1626508 28693 0 0
355 2021/03/07 0 1626508 28693 0 0
356 2021/03/08 0 1626508 28693 0 0
357 2021/03/09 0 1626508 28693 0 0
358 2021/03/10 0 1626508 28693 0 0
359 2021/03/11 0 1626508 28693 0 0
360 2021/03/12 0 1626508 28693 0 2
