dates I C D F E
1 2020/03/18 0 1 0 0 1
2 2020/03/19 0 1 0 0 1
3 2020/03/20 1 2 0 0 1
4 2020/03/21 0 2 0 0 1
5 2020/03/22 0 2 0 0 1
6 2020/03/23 0 2 0 0 1
7 2020/03/24 0 2 0 0 1
8 2020/03/25 0 2 0 0 1
9 2020/03/26 1 3 0 0 1
10 2020/03/27 1 4 0 0 1
11 2020/03/28 0 4 0 0 1
12 2020/03/29 0 4 0 0 2
13 2020/03/30 0 4 0 0 1
14 2020/03/31 0 4 0 0 1
15 2020/04/01 0 4 0 0 1
16 2020/04/02 0 4 0 0 1
17 2020/04/03 0 4 0 0 1
18 2020/04/04 0 4 0 0 1
19 2020/04/05 0 4 0 0 1
20 2020/04/06 0 4 0 0 1
21 2020/04/07 0 4 0 0 1
22 2020/04/08 0 4 0 0 1
23 2020/04/09 0 4 0 0 1
24 2020/04/10 0 4 0 0 1
25 2020/04/11 0 4 0 0 1
26 2020/04/12 0 4 0 0 1
27 2020/04/13 0 4 0 0 1
28 2020/04/14 0 4 0 0 1
29 2020/04/15 0 4 0 0 1
30 2020/04/16 1 5 0 0 1
31 2020/04/17 0 5 0 0 1
32 2020/04/18 0 5 0 0 1
33 2020/04/19 0 5 0 0 1
34 2020/04/20 0 5 0 0 1
35 2020/04/21 0 5 0 0 1
36 2020/04/22 0 5 0 0 1
37 2020/04/23 3 8 0 0 1
38 2020/04/24 2 10 0 0 1
39 2020/04/25 0 10 0 0 1
40 2020/04/26 1 11 0 0 1
41 2020/04/27 0 11 0 0 1
42 2020/04/28 0 11 0 0 1
43 2020/04/29 0 11 0 0 1
44 2020/04/30 0 11 0 0 1
45 2020/05/01 0 11 0 0 1
46 2020/05/02 0 11 0 0 2
47 2020/05/03 0 11 0 0 1
48 2020/05/04 0 11 0 0 1
49 2020/05/05 0 11 0 0 0
50 2020/05/06 0 11 0 0 0
51 2020/05/07 0 11 0 0 0
52 2020/05/08 0 11 0 0 0
53 2020/05/09 0 11 0 0 0
54 2020/05/10 0 11 0 0 0
55 2020/05/11 1 12 0 0 0
56 2020/05/12 0 12 0 0 0
57 2020/05/13 0 12 0 0 0
58 2020/05/14 0 12 0 0 0
59 2020/05/15 1 13 0 0 0
60 2020/05/16 0 13 0 0 0
61 2020/05/17 0 13 0 0 0
62 2020/05/18 1 14 0 0 0
63 2020/05/19 5 19 0 0 0
64 2020/05/20 0 19 0 0 0
65 2020/05/21 0 19 0 0 0
66 2020/05/22 0 19 0 0 0
67 2020/05/23 1 20 0 0 0
68 2020/05/24 0 20 0 0 0
69 2020/05/25 1 21 0 0 0
70 2020/05/26 3 24 0 0 0
71 2020/05/27 2 26 0 0 0
72 2020/05/28 1 27 0 0 0
73 2020/05/29 2 29 0 0 0
74 2020/05/30 2 31 0 0 1
75 2020/05/31 0 31 0 0 0
76 2020/06/01 0 31 0 0 0
77 2020/06/02 0 31 0 0 0
78 2020/06/03 0 31 0 0 0
79 2020/06/04 1 32 0 0 0
80 2020/06/05 0 32 0 0 0
81 2020/06/06 0 32 0 0 0
82 2020/06/07 0 32 0 0 0
83 2020/06/08 0 32 0 0 0
84 2020/06/09 2 34 0 0 0
85 2020/06/10 4 38 0 0 0
86 2020/06/11 1 39 0 0 0
87 2020/06/12 9 48 0 0 1
88 2020/06/13 0 48 0 0 0
89 2020/06/14 0 48 0 0 0
90 2020/06/15 3 51 0 0 0
91 2020/06/16 9 60 0 0 0
92 2020/06/17 1 61 0 0 0
93 2020/06/18 2 63 0 0 0
94 2020/06/19 4 67 0 0 0
95 2020/06/20 1 68 0 0 0
96 2020/06/21 1 69 0 0 0
97 2020/06/22 3 72 0 0 0
98 2020/06/23 5 77 0 0 0
99 2020/06/24 1 78 0 0 1
100 2020/06/25 0 78 0 0 0
101 2020/06/26 3 81 0 0 0
102 2020/06/27 3 84 0 0 0
103 2020/06/28 0 84 0 0 0
104 2020/06/29 2 86 0 0 0
105 2020/06/30 3 89 0 0 0
106 2020/07/01 5 94 1 1 0
107 2020/07/02 4 98 1 0 0
108 2020/07/03 4 102 1 0 0
109 2020/07/04 1 103 1 0 0
110 2020/07/05 0 103 1 0 0
111 2020/07/06 3 106 1 0 0
112 2020/07/07 17 123 1 0 0
113 2020/07/08 8 131 1 0 0
114 2020/07/09 13 144 1 0 0
115 2020/07/10 4 148 1 0 0
116 2020/07/11 8 156 1 0 0
117 2020/07/12 4 160 1 0 0
118 2020/07/13 19 179 1 0 1
119 2020/07/14 4 183 1 0 0
120 2020/07/15 8 191 1 0 0
121 2020/07/16 3 194 2 1 0
122 2020/07/17 5 199 2 0 0
123 2020/07/18 8 207 3 1 0
124 2020/07/19 7 214 3 0 0
125 2020/07/20 5 219 3 0 0
126 2020/07/21 13 232 3 0 0
127 2020/07/22 11 243 4 1 0
128 2020/07/23 7 250 4 0 0
129 2020/07/24 10 260 6 2 0
130 2020/07/25 7 267 6 0 0
131 2020/07/26 6 273 6 0 0
132 2020/07/27 9 282 6 0 0
133 2020/07/28 13 295 6 0 0
134 2020/07/29 11 306 8 2 0
135 2020/07/30 8 314 9 1 0
136 2020/07/31 7 321 9 0 0
137 2020/08/01 15 336 9 0 0
138 2020/08/02 7 343 9 0 0
139 2020/08/03 10 353 9 0 0
140 2020/08/04 23 376 10 1 0
141 2020/08/05 25 401 10 0 0
142 2020/08/06 12 413 10 0 0
143 2020/08/07 14 427 10 0 0
144 2020/08/08 14 441 10 0 0
145 2020/08/09 2 443 10 0 0
146 2020/08/10 10 453 10 0 0
147 2020/08/11 24 477 10 0 0
148 2020/08/12 10 487 10 0 0
149 2020/08/13 19 506 10 0 1
150 2020/08/14 5 511 10 0 0
151 2020/08/15 9 520 10 0 0
152 2020/08/16 4 524 10 0 0
153 2020/08/17 8 532 11 1 0
154 2020/08/18 18 550 12 1 0
155 2020/08/19 9 559 13 1 0
156 2020/08/20 16 575 14 1 0
157 2020/08/21 11 586 15 1 0
158 2020/08/22 10 596 15 0 0
159 2020/08/23 3 599 15 0 0
160 2020/08/24 4 603 15 0 0
161 2020/08/25 15 618 15 0 0
162 2020/08/26 6 624 16 1 0
163 2020/08/27 11 635 16 0 0
164 2020/08/28 9 644 16 0 0
165 2020/08/29 5 649 16 0 0
166 2020/08/30 5 654 16 0 0
167 2020/08/31 6 660 16 0 0
168 2020/09/01 12 672 16 0 0
169 2020/09/02 15 687 16 0 0
170 2020/09/03 10 697 16 0 0
171 2020/09/04 9 706 16 0 0
172 2020/09/05 2 708 16 0 0
173 2020/09/06 1 709 16 0 0
174 2020/09/07 1 710 16 0 0
175 2020/09/08 8 718 16 0 0
176 2020/09/09 7 725 16 0 0
177 2020/09/10 8 733 16 0 0
178 2020/09/11 10 743 16 0 0
179 2020/09/12 11 754 16 0 0
180 2020/09/13 3 757 17 1 0
181 2020/09/14 7 764 17 0 0
182 2020/09/15 17 781 17 0 0
183 2020/09/16 18 799 17 0 0
184 2020/09/17 9 808 17 0 0
185 2020/09/18 11 819 17 0 0
186 2020/09/19 8 827 17 0 0
187 2020/09/20 3 830 17 0 0
188 2020/09/21 12 842 17 0 0
189 2020/09/22 15 857 17 0 0
190 2020/09/23 20 877 17 0 1
191 2020/09/24 1 878 17 0 0
192 2020/09/25 4 882 17 0 0
193 2020/09/26 14 896 17 0 0
194 2020/09/27 5 901 17 0 0
195 2020/09/28 6 907 17 0 0
196 2020/09/29 14 921 17 0 0
197 2020/09/30 10 931 18 1 0
198 2020/10/01 6 937 18 0 0
199 2020/10/02 4 941 18 0 1
200 2020/10/03 4 945 19 1 0
201 2020/10/04 1 946 19 0 0
202 2020/10/05 13 959 19 0 0
203 2020/10/06 8 967 20 1 0
204 2020/10/07 6 973 20 0 0
205 2020/10/08 6 979 20 0 0
206 2020/10/09 5 984 20 0 0
207 2020/10/10 10 994 20 0 0
208 2020/10/11 7 1001 20 0 0
209 2020/10/12 7 1008 20 0 0
210 2020/10/13 6 1014 20 0 0
211 2020/10/14 9 1023 20 0 0
212 2020/10/15 6 1029 20 0 0
213 2020/10/16 5 1034 20 0 0
214 2020/10/17 7 1041 20 0 0
215 2020/10/18 7 1048 20 0 0
216 2020/10/19 2 1050 20 0 0
217 2020/10/20 5 1055 20 0 0
218 2020/10/21 2 1057 20 0 0
219 2020/10/22 2 1059 20 0 1
220 2020/10/23 5 1064 20 0 0
221 2020/10/24 3 1067 20 0 0
222 2020/10/25 12 1079 20 0 0
223 2020/10/26 7 1086 20 0 0
224 2020/10/27 8 1094 20 0 0
225 2020/10/28 7 1101 20 0 0
226 2020/10/29 1 1102 20 0 0
227 2020/10/30 6 1108 20 0 0
228 2020/10/31 2 1110 20 0 0
229 2020/11/01 8 1118 20 0 0
230 2020/11/02 13 1131 20 0 0
231 2020/11/03 14 1145 20 0 0
232 2020/11/04 15 1160 20 0 0
233 2020/11/05 18 1178 20 0 0
234 2020/11/06 12 1190 20 0 0
235 2020/11/07 5 1195 20 0 0
236 2020/11/08 10 1205 20 0 0
237 2020/11/09 9 1214 20 0 0
238 2020/11/10 12 1226 21 1 0
239 2020/11/11 8 1234 21 0 0
240 2020/11/12 12 1246 21 0 0
241 2020/11/13 19 1265 21 0 0
242 2020/11/14 12 1277 21 0 0
243 2020/11/15 16 1293 21 0 0
244 2020/11/16 19 1312 21 0 0
245 2020/11/17 25 1337 21 0 0
246 2020/11/18 21 1358 21 0 0
247 2020/11/19 20 1378 21 0 0
248 2020/11/20 21 1399 21 0 1
249 2020/11/21 20 1419 21 0 0
250 2020/11/22 31 1450 21 0 0
251 2020/11/23 24 1474 21 0 0
252 2020/11/24 30 1504 21 0 0
253 2020/11/25 22 1526 21 0 0
254 2020/11/26 19 1545 22 1 0
255 2020/11/27 14 1559 22 0 0
256 2020/11/28 15 1574 22 0 0
257 2020/11/29 31 1605 22 0 0
258 2020/11/30 35 1640 22 0 0
259 2020/12/01 27 1667 22 0 0
260 2020/12/02 34 1701 22 0 0
261 2020/12/03 33 1734 22 0 0
262 2020/12/04 16 1750 22 0 0
263 2020/12/05 19 1769 22 0 0
264 2020/12/06 39 1808 22 0 0
265 2020/12/07 41 1849 23 1 0
266 2020/12/08 35 1884 23 0 0
267 2020/12/09 42 1926 23 0 0
268 2020/12/10 26 1952 23 0 0
269 2020/12/11 26 1978 23 0 0
270 2020/12/12 23 2001 23 0 0
271 2020/12/13 36 2037 23 0 0
272 2020/12/14 34 2071 23 0 0
273 2020/12/15 21 2092 23 0 0
274 2020/12/16 27 2119 23 0 1
275 2020/12/17 36 2155 24 1 0
276 2020/12/18 34 2189 24 0 0
277 2020/12/19 18 2207 24 0 1
278 2020/12/20 25 2232 24 0 0
279 2020/12/21 25 2257 24 0 0
280 2020/12/22 30 2287 24 0 0
281 2020/12/23 33 2320 24 0 0
282 2020/12/24 12 2332 24 0 0
283 2020/12/25 10 2342 24 0 0
284 2020/12/26 42 2384 25 1 0
285 2020/12/27 46 2430 26 1 0
286 2020/12/28 48 2478 26 0 0
287 2020/12/29 35 2513 26 0 0
288 2020/12/30 43 2556 26 0 0
289 2020/12/31 18 2574 27 1 0
290 2021/01/01 15 2589 28 1 0
291 2021/01/02 54 2643 30 2 0
292 2021/01/03 42 2685 30 0 0
293 2021/01/04 40 2725 30 0 0
294 2021/01/05 40 2765 30 0 0
295 2021/01/06 35 2800 30 0 0
296 2021/01/07 30 2830 30 0 0
297 2021/01/08 55 2885 30 0 0
298 2021/01/09 19 2904 30 0 0
299 2021/01/10 18 2922 30 0 0
300 2021/01/11 31 2953 31 1 0
301 2021/01/12 27 2980 31 0 0
302 2021/01/13 20 3000 31 0 0
303 2021/01/14 20 3020 31 0 0
304 2021/01/15 14 3034 34 3 0
305 2021/01/16 11 3045 34 0 0
306 2021/01/17 14 3059 35 1 0
307 2021/01/18 28 3087 35 0 0
308 2021/01/19 23 3110 35 0 0
309 2021/01/20 17 3127 35 0 0
310 2021/01/21 15 3142 35 0 0
311 2021/01/22 23 3165 35 0 0
312 2021/01/23 25 3190 35 0 1
313 2021/01/24 14 3204 36 1 0
314 2021/01/25 21 3225 36 0 0
315 2021/01/26 11 3236 36 0 0
316 2021/01/27 26 3262 36 0 0
317 2021/01/28 20 3282 36 0 0
318 2021/01/29 17 3299 37 1 0
319 2021/01/30 9 3308 37 0 0
320 2021/01/31 14 3322 38 1 0
321 2021/02/01 23 3345 38 0 0
322 2021/02/02 33 3378 38 0 0
323 2021/02/03 33 3411 38 0 0
324 2021/02/04 26 3437 38 0 0
325 2021/02/05 18 3455 38 0 0
326 2021/02/06 14 3469 38 0 0
327 2021/02/07 18 3487 38 0 0
328 2021/02/08 17 3504 39 1 0
329 2021/02/09 14 3518 39 0 0
330 2021/02/10 18 3536 39 0 0
331 2021/02/11 15 3551 39 0 0
332 2021/02/12 7 3558 39 0 0
333 2021/02/13 2 3560 39 0 0
334 2021/02/14 10 3570 39 0 0
335 2021/02/15 5 3575 39 0 0
336 2021/02/16 12 3587 40 1 0
337 2021/02/17 4 3591 40 0 0
338 2021/02/18 2 3593 41 1 0
339 2021/02/19 3 3596 41 0 0
340 2021/02/20 2 3598 41 0 0
341 2021/02/21 2 3600 42 1 0
342 2021/02/22 5 3605 42 0 0
343 2021/02/23 6 3611 42 0 0
344 2021/02/24 2 3613 42 0 0
345 2021/02/25 7 3620 42 0 0
346 2021/02/26 5 3625 42 0 0
347 2021/02/27 5 3630 43 1 0
348 2021/02/28 3 3633 43 0 0
349 2021/03/01 6 3639 43 0 0
350 2021/03/02 7 3646 43 0 0
351 2021/03/03 3 3649 43 0 0
352 2021/03/04 8 3657 43 0 0
353 2021/03/05 3 3660 43 0 0
354 2021/03/06 3 3663 43 0 0
355 2021/03/07 2 3665 43 0 0
356 2021/03/08 3 3668 43 0 0
357 2021/03/09 2 3670 43 0 0
358 2021/03/10 4 3674 44 1 0
359 2021/03/11 5 3679 44 0 0
360 2021/03/12 7 3686 44 0 0
361 2021/03/13 3 3689 44 0 0
362 2021/03/14 4 3693 44 0 0
363 2021/03/15 5 3698 44 0 0
364 2021/03/16 4 3702 45 1 0
365 2021/03/17 5 3707 45 0 0
366 2021/03/18 4 3711 45 0 0
367 2021/03/19 10 3721 45 0 0
368 2021/03/20 1 3722 45 0 1
369 2021/03/21 1 3723 45 0 0
370 2021/03/22 3 3726 45 0 0
371 2021/03/23 2 3728 45 0 1
372 2021/03/24 2 3730 45 0 0
373 2021/03/25 3 3733 45 0 1
374 2021/03/26 1 3734 45 0 0
375 2021/03/27 1 3735 46 1 0
376 2021/03/28 1 3736 46 0 0
377 2021/03/29 2 3738 46 0 0
378 2021/03/30 3 3741 46 0 0
379 2021/03/31 2 3743 46 0 0
380 2021/04/01 6 3749 46 0 0
381 2021/04/02 0 3749 46 0 0
382 2021/04/03 3 3752 46 0 0
383 2021/04/04 1 3753 46 0 0
384 2021/04/05 3 3756 46 0 0
385 2021/04/06 2 3758 46 0 1
386 2021/04/07 2 3760 46 0 0
387 2021/04/08 1 3761 46 0 1
388 2021/04/09 2 3763 46 0 0
389 2021/04/10 2 3765 46 0 0
390 2021/04/11 2 3767 46 0 0
391 2021/04/12 2 3769 46 0 0
392 2021/04/13 1 3770 46 0 0
393 2021/04/14 6 3776 46 0 0
394 2021/04/15 5 3781 46 0 0
395 2021/04/16 1 3782 46 0 0
396 2021/04/17 2 3784 46 0 0
397 2021/04/18 3 3787 46 0 0
398 2021/04/19 3 3790 46 0 0
399 2021/04/20 2 3792 46 0 0
400 2021/04/21 1 3793 46 0 0
401 2021/04/22 2 3795 46 0 0
402 2021/04/23 6 3801 46 0 0
403 2021/04/24 2 3803 46 0 0
404 2021/04/25 2 3805 46 0 0
405 2021/04/26 7 3812 46 0 0
406 2021/04/27 2 3814 47 1 0
407 2021/04/28 4 3818 47 0 0
408 2021/04/29 6 3824 47 0 0
409 2021/04/30 6 3830 47 0 0
410 2021/05/01 4 3834 47 0 0
411 2021/05/02 2 3836 47 0 0
412 2021/05/03 5 3841 47 0 0
413 2021/05/04 7 3848 47 0 0
414 2021/05/05 5 3853 47 0 0
415 2021/05/06 4 3857 47 0 0
416 2021/05/07 11 3868 48 1 0
417 2021/05/08 6 3874 48 0 0
418 2021/05/09 5 3879 48 0 0
419 2021/05/10 10 3889 48 0 0
420 2021/05/11 6 3895 48 0 0
421 2021/05/12 8 3903 48 0 0
422 2021/05/13 10 3913 48 0 0
423 2021/05/14 4 3917 48 0 0
424 2021/05/15 2 3919 48 0 0
425 2021/05/16 3 3922 48 0 0
426 2021/05/17 10 3932 48 0 0
427 2021/05/18 9 3941 48 0 0
428 2021/05/19 11 3952 48 0 0
429 2021/05/20 4 3956 48 0 0
430 2021/05/21 7 3963 48 0 0
431 2021/05/22 6 3969 48 0 0
432 2021/05/23 6 3975 48 0 0
433 2021/05/24 6 3981 48 0 0
434 2021/05/25 2 3983 48 0 0
435 2021/05/26 5 3988 48 0 0
436 2021/05/27 6 3994 48 0 0
437 2021/05/28 6 4000 48 0 0
438 2021/05/29 5 4005 48 0 0
439 2021/05/30 6 4011 48 0 0
440 2021/05/31 7 4018 48 0 0
441 2021/06/01 9 4027 48 0 0
442 2021/06/02 7 4034 48 0 0
443 2021/06/03 6 4040 48 0 0
444 2021/06/04 7 4047 49 1 0
445 2021/06/05 9 4056 49 0 0
446 2021/06/06 3 4059 49 0 0
447 2021/06/07 4 4063 49 0 0
448 2021/06/08 6 4069 49 0 0
449 2021/06/09 7 4076 49 0 0
450 2021/06/10 6 4082 49 0 0
451 2021/06/11 5 4087 49 0 0
452 2021/06/12 3 4090 49 0 0
453 2021/06/13 3 4093 49 0 0
454 2021/06/14 7 4100 49 0 0
455 2021/06/15 6 4106 49 0 0
456 2021/06/16 7 4113 49 0 0
457 2021/06/17 8 4121 49 0 0
458 2021/06/18 7 4128 49 0 0
459 2021/06/19 5 4133 49 0 0
460 2021/06/20 6 4139 49 0 0
461 2021/06/21 7 4146 49 0 0
462 2021/06/22 3 4149 49 0 1
463 2021/06/23 6 4155 49 0 0
464 2021/06/24 4 4159 49 0 0
465 2021/06/25 8 4167 49 0 0
466 2021/06/26 3 4170 49 0 0
467 2021/06/27 2 4172 49 0 0
468 2021/06/28 7 4179 49 0 0
469 2021/06/29 8 4187 49 0 0
470 2021/06/30 3 4190 49 0 0
471 2021/07/01 10 4200 49 0 0
472 2021/07/02 4 4204 49 0 1
473 2021/07/03 4 4208 49 0 1
474 2021/07/04 1 4209 49 0 1
475 2021/07/05 10 4219 49 0 0
476 2021/07/06 5 4224 49 0 0
477 2021/07/07 7 4231 49 0 0
478 2021/07/08 9 4240 49 0 0
479 2021/07/09 4 4244 49 0 1
480 2021/07/10 7 4251 49 0 1
481 2021/07/11 7 4258 49 0 0
482 2021/07/12 20 4278 49 0 0
483 2021/07/13 12 4290 49 0 0
484 2021/07/14 7 4297 49 0 0
485 2021/07/15 13 4310 49 0 0
486 2021/07/16 8 4318 49 0 1
487 2021/07/17 9 4327 49 0 1
488 2021/07/18 12 4339 49 0 0
489 2021/07/19 21 4360 49 0 0
490 2021/07/20 18 4378 49 0 0
491 2021/07/21 17 4395 49 0 0
492 2021/07/22 19 4414 49 0 0
493 2021/07/23 13 4427 49 0 1
494 2021/07/24 13 4440 49 0 1
495 2021/07/25 25 4465 49 0 0
496 2021/07/26 30 4495 49 0 0
497 2021/07/27 20 4515 49 0 0
498 2021/07/28 24 4539 49 0 0
499 2021/07/29 28 4567 49 0 0
500 2021/07/30 23 4590 49 0 1
501 2021/07/31 29 4619 49 0 1
502 2021/08/01 26 4645 49 0 0
503 2021/08/02 46 4691 49 0 0
504 2021/08/03 40 4731 49 0 0
505 2021/08/04 50 4781 50 1 0
506 2021/08/05 24 4805 50 0 0
507 2021/08/06 42 4847 50 0 0
508 2021/08/07 43 4890 50 0 0
509 2021/08/08 36 4926 51 1 0
510 2021/08/09 62 4988 51 0 0
511 2021/08/10 50 5038 51 0 0
512 2021/08/11 44 5082 51 0 0
513 2021/08/12 67 5149 51 0 0
514 2021/08/13 30 5179 51 0 0
515 2021/08/14 43 5222 52 1 0
516 2021/08/15 37 5259 52 0 0
517 2021/08/16 52 5311 53 1 0
518 2021/08/17 56 5367 54 1 0
519 2021/08/18 44 5411 54 0 0
520 2021/08/19 43 5454 55 1 0
521 2021/08/20 30 5484 55 0 0
522 2021/08/21 41 5525 55 0 0
523 2021/08/22 34 5559 55 0 0
524 2021/08/23 51 5610 55 0 0
525 2021/08/24 58 5668 58 3 0
526 2021/08/25 35 5703 59 1 0
527 2021/08/26 28 5731 59 0 0
528 2021/08/27 31 5762 61 2 0
529 2021/08/28 17 5779 61 0 0
530 2021/08/29 17 5796 61 0 0
531 2021/08/30 43 5839 61 0 0
532 2021/08/31 5 5844 61 0 0
533 2021/09/01 4 5848 61 0 0
534 2021/09/02 0 5848 61 0 2
