dates I C D F E
1 2020/03/18 0 5 0 0 1
2 2020/03/19 0 5 0 0 1
3 2020/03/20 1 6 0 0 1
4 2020/03/21 0 6 0 0 1
5 2020/03/22 1 7 0 0 1
6 2020/03/23 4 11 0 0 1
7 2020/03/24 6 17 0 0 1
8 2020/03/25 2 19 0 0 1
9 2020/03/26 4 23 0 0 1
10 2020/03/27 3 26 0 0 1
11 2020/03/28 1 27 0 0 1
12 2020/03/29 1 28 0 0 2
13 2020/03/30 1 29 0 0 1
14 2020/03/31 4 33 0 0 1
15 2020/04/01 5 38 0 0 1
16 2020/04/02 3 41 0 0 1
17 2020/04/03 5 46 0 0 1
18 2020/04/04 3 49 0 0 1
19 2020/04/05 4 53 1 1 1
20 2020/04/06 7 60 1 0 1
21 2020/04/07 7 67 2 1 1
22 2020/04/08 15 82 3 1 1
23 2020/04/09 15 97 3 0 1
24 2020/04/10 3 100 3 0 1
25 2020/04/11 3 103 3 0 1
26 2020/04/12 3 106 3 0 2
27 2020/04/13 6 112 3 0 1
28 2020/04/14 1 113 3 0 1
29 2020/04/15 7 120 3 0 1
30 2020/04/16 2 122 3 0 1
31 2020/04/17 6 128 3 0 1
32 2020/04/18 1 129 3 0 1
33 2020/04/19 2 131 3 0 1
34 2020/04/20 5 136 3 0 1
35 2020/04/21 7 143 3 0 1
36 2020/04/22 4 147 3 0 1
37 2020/04/23 12 159 3 0 1
38 2020/04/24 4 163 3 0 1
39 2020/04/25 3 166 3 0 1
40 2020/04/26 0 166 3 0 1
41 2020/04/27 16 182 3 0 1
42 2020/04/28 3 185 3 0 1
43 2020/04/29 7 192 3 0 1
44 2020/04/30 7 199 3 0 1
45 2020/05/01 7 206 3 0 1
46 2020/05/02 3 209 3 0 1
47 2020/05/03 3 212 3 0 1
48 2020/05/04 8 220 3 0 1
49 2020/05/05 0 220 3 0 0
50 2020/05/06 5 225 3 0 1
51 2020/05/07 7 232 3 0 0
52 2020/05/08 8 240 3 0 0
53 2020/05/09 1 241 3 0 0
54 2020/05/10 4 245 3 0 0
55 2020/05/11 15 260 4 1 0
56 2020/05/12 15 275 4 0 0
57 2020/05/13 11 286 4 0 0
58 2020/05/14 3 289 5 1 0
59 2020/05/15 10 299 6 1 0
60 2020/05/16 3 302 6 0 0
61 2020/05/17 2 304 6 0 0
62 2020/05/18 11 315 6 0 0
63 2020/05/19 9 324 6 0 0
64 2020/05/20 8 332 6 0 0
65 2020/05/21 7 339 6 0 0
66 2020/05/22 11 350 6 0 0
67 2020/05/23 0 350 6 0 0
68 2020/05/24 3 353 7 1 0
69 2020/05/25 1 354 7 0 0
70 2020/05/26 7 361 7 0 0
71 2020/05/27 14 375 7 0 0
72 2020/05/28 4 379 7 0 0
73 2020/05/29 9 388 7 0 0
74 2020/05/30 5 393 7 0 1
75 2020/05/31 1 394 7 0 0
76 2020/06/01 27 421 7 0 0
77 2020/06/02 19 440 7 0 0
78 2020/06/03 16 456 7 0 0
79 2020/06/04 14 470 7 0 0
80 2020/06/05 20 490 7 0 0
81 2020/06/06 2 492 7 0 0
82 2020/06/07 2 494 7 0 0
83 2020/06/08 33 527 7 0 0
84 2020/06/09 34 561 7 0 0
85 2020/06/10 29 590 7 0 0
86 2020/06/11 33 623 7 0 0
87 2020/06/12 40 663 7 0 0
88 2020/06/13 35 698 7 0 0
89 2020/06/14 18 716 8 1 0
90 2020/06/15 51 767 8 0 0
91 2020/06/16 45 812 8 0 0
92 2020/06/17 48 860 8 0 0
93 2020/06/18 71 931 8 0 0
94 2020/06/19 51 982 8 0 0
95 2020/06/20 45 1027 9 1 0
96 2020/06/21 40 1067 9 0 0
97 2020/06/22 95 1162 9 0 0
98 2020/06/23 89 1251 11 2 0
99 2020/06/24 97 1348 11 0 0
100 2020/06/25 86 1434 11 0 0
101 2020/06/26 87 1521 12 1 0
102 2020/06/27 46 1567 12 0 0
103 2020/06/28 58 1625 12 0 0
104 2020/06/29 113 1738 12 0 0
105 2020/06/30 106 1844 12 0 0
106 2020/07/01 137 1981 12 0 0
107 2020/07/02 100 2081 12 0 0
108 2020/07/03 97 2178 12 0 0
109 2020/07/04 66 2244 12 0 0
110 2020/07/05 103 2347 12 0 0
111 2020/07/06 144 2491 12 0 0
112 2020/07/07 151 2642 13 1 0
113 2020/07/08 174 2816 13 0 0
114 2020/07/09 119 2935 14 1 0
115 2020/07/10 133 3068 14 0 0
116 2020/07/11 79 3147 15 1 0
117 2020/07/12 81 3228 15 0 0
118 2020/07/13 130 3358 15 0 0
119 2020/07/14 149 3507 17 2 0
120 2020/07/15 179 3686 19 2 0
121 2020/07/16 150 3836 22 3 0
122 2020/07/17 162 3998 24 2 0
123 2020/07/18 76 4074 28 4 0
124 2020/07/19 119 4193 30 2 0
125 2020/07/20 207 4400 30 0 0
126 2020/07/21 170 4570 31 1 0
127 2020/07/22 179 4749 35 4 0
128 2020/07/23 127 4876 35 0 0
129 2020/07/24 156 5032 38 3 0
130 2020/07/25 85 5117 40 2 0
131 2020/07/26 79 5196 42 2 0
132 2020/07/27 180 5376 42 0 0
133 2020/07/28 140 5516 46 4 0
134 2020/07/29 145 5661 50 4 0
135 2020/07/30 140 5801 54 4 0
136 2020/07/31 164 5965 56 2 0
137 2020/08/01 83 6048 58 2 1
138 2020/08/02 48 6096 61 3 0
139 2020/08/03 141 6237 62 1 0
140 2020/08/04 122 6359 73 11 0
141 2020/08/05 114 6473 74 1 0
142 2020/08/06 135 6608 75 1 0
143 2020/08/07 101 6709 79 4 0
144 2020/08/08 43 6752 81 2 0
145 2020/08/09 40 6792 82 1 0
146 2020/08/10 98 6890 84 2 0
147 2020/08/11 81 6971 84 0 0
148 2020/08/12 95 7066 86 2 0
149 2020/08/13 62 7128 88 2 1
150 2020/08/14 118 7246 89 1 0
151 2020/08/15 29 7275 90 1 1
152 2020/08/16 34 7309 94 4 0
153 2020/08/17 82 7391 94 0 0
154 2020/08/18 96 7487 95 1 0
155 2020/08/19 48 7535 96 1 0
156 2020/08/20 127 7662 96 0 0
157 2020/08/21 75 7737 98 2 0
158 2020/08/22 29 7766 104 6 0
159 2020/08/23 28 7794 106 2 0
160 2020/08/24 69 7863 112 6 0
161 2020/08/25 78 7941 115 3 0
162 2020/08/26 67 8008 115 0 0
163 2020/08/27 33 8041 115 0 0
164 2020/08/28 44 8085 115 0 0
165 2020/08/29 30 8115 115 0 0
166 2020/08/30 30 8145 115 0 0
167 2020/08/31 75 8220 117 2 0
168 2020/09/01 62 8282 119 2 0
169 2020/09/02 53 8335 120 1 0
170 2020/09/03 31 8366 120 0 0
171 2020/09/04 42 8408 120 0 1
172 2020/09/05 20 8428 121 1 0
173 2020/09/06 32 8460 121 0 0
174 2020/09/07 19 8479 123 2 0
175 2020/09/08 47 8526 125 2 0
176 2020/09/09 23 8549 128 3 0
177 2020/09/10 26 8575 129 1 0
178 2020/09/11 46 8621 129 0 0
179 2020/09/12 21 8642 130 1 0
180 2020/09/13 9 8651 131 1 0
181 2020/09/14 33 8684 132 1 0
182 2020/09/15 19 8703 134 2 0
183 2020/09/16 30 8733 135 1 0
184 2020/09/17 21 8754 135 0 0
185 2020/09/18 19 8773 135 0 0
186 2020/09/19 12 8785 135 0 0
187 2020/09/20 11 8796 136 1 0
188 2020/09/21 27 8823 139 3 0
189 2020/09/22 19 8842 139 0 0
190 2020/09/23 30 8872 139 0 0
191 2020/09/24 21 8893 140 1 0
192 2020/09/25 29 8922 142 2 0
193 2020/09/26 16 8938 143 1 0
194 2020/09/27 12 8950 144 1 0
195 2020/09/28 34 8984 144 0 0
196 2020/09/29 28 9012 144 0 0
197 2020/09/30 13 9025 144 0 0
198 2020/10/01 20 9045 144 0 0
199 2020/10/02 28 9073 145 1 0
200 2020/10/03 10 9083 146 1 0
201 2020/10/04 13 9096 148 2 0
202 2020/10/05 25 9121 149 1 0
203 2020/10/06 19 9140 149 0 0
204 2020/10/07 36 9176 149 0 0
205 2020/10/08 37 9213 149 0 0
206 2020/10/09 20 9233 149 0 0
207 2020/10/10 14 9247 150 1 0
208 2020/10/11 6 9253 150 0 0
209 2020/10/12 18 9271 150 0 0
210 2020/10/13 21 9292 151 1 0
211 2020/10/14 18 9310 151 0 0
212 2020/10/15 24 9334 152 1 0
213 2020/10/16 27 9361 152 0 0
214 2020/10/17 17 9378 152 0 0
215 2020/10/18 14 9392 152 0 0
216 2020/10/19 35 9427 152 0 0
217 2020/10/20 24 9451 153 1 0
218 2020/10/21 22 9473 153 0 1
219 2020/10/22 24 9497 153 0 0
220 2020/10/23 28 9525 154 1 0
221 2020/10/24 14 9539 154 0 0
222 2020/10/25 24 9563 154 0 0
223 2020/10/26 65 9628 154 0 0
224 2020/10/27 47 9675 154 0 0
225 2020/10/28 40 9715 154 0 0
226 2020/10/29 26 9741 154 0 0
227 2020/10/30 53 9794 156 2 0
228 2020/10/31 32 9826 157 1 0
229 2020/11/01 33 9859 158 1 0
230 2020/11/02 61 9920 158 0 0
231 2020/11/03 62 9982 158 0 0
232 2020/11/04 52 10034 159 1 0
233 2020/11/05 50 10084 160 1 0
234 2020/11/06 59 10143 161 1 0
235 2020/11/07 39 10182 161 0 0
236 2020/11/08 32 10214 162 1 0
237 2020/11/09 75 10289 162 0 0
238 2020/11/10 103 10392 162 0 0
239 2020/11/11 61 10453 162 0 0
240 2020/11/12 71 10524 166 4 0
241 2020/11/13 114 10638 169 3 0
242 2020/11/14 55 10693 171 2 0
243 2020/11/15 56 10749 171 0 0
244 2020/11/16 133 10882 172 1 0
245 2020/11/17 137 11019 172 0 0
246 2020/11/18 144 11163 173 1 0
247 2020/11/19 115 11278 174 1 0
248 2020/11/20 141 11419 175 1 0
249 2020/11/21 86 11505 175 0 0
250 2020/11/22 61 11566 175 0 0
251 2020/11/23 149 11715 177 2 0
252 2020/11/24 187 11902 177 0 0
253 2020/11/25 189 12091 178 1 0
254 2020/11/26 58 12149 178 0 0
255 2020/11/27 147 12296 180 2 0
256 2020/11/28 106 12402 182 2 0
257 2020/11/29 97 12499 182 0 0
258 2020/11/30 237 12736 183 1 0
259 2020/12/01 274 13010 185 2 0
260 2020/12/02 242 13252 187 2 0
261 2020/12/03 242 13494 190 3 0
262 2020/12/04 247 13741 194 4 0
263 2020/12/05 115 13856 197 3 0
264 2020/12/06 106 13962 198 1 1
265 2020/12/07 335 14297 202 4 0
266 2020/12/08 358 14655 202 0 0
267 2020/12/09 307 14962 206 4 0
268 2020/12/10 239 15201 209 3 0
269 2020/12/11 246 15447 210 1 0
270 2020/12/12 118 15565 211 1 0
271 2020/12/13 90 15655 214 3 0
272 2020/12/14 351 16006 216 2 0
273 2020/12/15 401 16407 219 3 0
274 2020/12/16 303 16710 219 0 0
275 2020/12/17 287 16997 221 2 0
276 2020/12/18 263 17260 226 5 0
277 2020/12/19 81 17341 230 4 0
278 2020/12/20 138 17479 233 3 0
279 2020/12/21 316 17795 236 3 0
280 2020/12/22 248 18043 238 2 0
281 2020/12/23 245 18288 242 4 0
282 2020/12/24 156 18444 245 3 0
283 2020/12/25 70 18514 248 3 0
284 2020/12/26 160 18674 254 6 0
285 2020/12/27 157 18831 257 3 0
286 2020/12/28 368 19199 259 2 0
287 2020/12/29 321 19520 263 4 0
288 2020/12/30 350 19870 264 1 0
289 2020/12/31 293 20163 267 3 0
290 2021/01/01 87 20250 270 3 0
291 2021/01/02 183 20433 272 2 0
292 2021/01/03 141 20574 275 3 0
293 2021/01/04 470 21044 280 5 0
294 2021/01/05 414 21458 284 4 0
295 2021/01/06 350 21808 287 3 0
296 2021/01/07 343 22151 290 3 0
297 2021/01/08 321 22472 293 3 0
298 2021/01/09 195 22667 293 0 0
299 2021/01/10 141 22808 296 3 0
300 2021/01/11 275 23083 296 0 0
301 2021/01/12 324 23407 300 4 0
302 2021/01/13 250 23657 302 2 0
303 2021/01/14 239 23896 306 4 1
304 2021/01/15 228 24124 310 4 0
305 2021/01/16 113 24237 311 1 0
306 2021/01/17 89 24326 313 2 0
307 2021/01/18 214 24540 318 5 0
308 2021/01/19 245 24785 323 5 0
309 2021/01/20 214 24999 329 6 0
310 2021/01/21 174 25173 331 2 0
311 2021/01/22 154 25327 334 3 0
312 2021/01/23 123 25450 336 2 0
313 2021/01/24 92 25542 338 2 0
314 2021/01/25 213 25755 340 2 0
315 2021/01/26 139 25894 348 8 0
316 2021/01/27 140 26034 351 3 0
317 2021/01/28 159 26193 354 3 0
318 2021/01/29 124 26317 357 3 0
319 2021/01/30 75 26392 358 1 0
320 2021/01/31 75 26467 360 2 0
321 2021/02/01 143 26610 362 2 0
322 2021/02/02 126 26736 363 1 0
323 2021/02/03 97 26833 366 3 0
324 2021/02/04 115 26948 367 1 0
325 2021/02/05 93 27041 371 4 0
326 2021/02/06 59 27100 373 2 0
327 2021/02/07 84 27184 374 1 0
328 2021/02/08 111 27295 375 1 0
329 2021/02/09 86 27381 379 4 0
330 2021/02/10 98 27479 382 3 0
331 2021/02/11 83 27562 384 2 0
332 2021/02/12 65 27627 384 0 0
333 2021/02/13 51 27678 389 5 0
334 2021/02/14 44 27722 390 1 0
335 2021/02/15 77 27799 390 0 0
336 2021/02/16 75 27874 391 1 0
337 2021/02/17 72 27946 392 1 0
338 2021/02/18 54 28000 393 1 0
339 2021/02/19 50 28050 395 2 0
340 2021/02/20 31 28081 398 3 0
341 2021/02/21 45 28126 398 0 0
342 2021/02/22 89 28215 402 4 0
343 2021/02/23 68 28283 402 0 0
344 2021/02/24 88 28371 405 3 0
345 2021/02/25 39 28410 405 0 1
346 2021/02/26 50 28460 406 1 0
347 2021/02/27 32 28492 407 1 0
348 2021/02/28 41 28533 407 0 0
349 2021/03/01 62 28595 408 1 0
350 2021/03/02 45 28640 410 2 0
351 2021/03/03 57 28697 411 1 0
352 2021/03/04 53 28750 412 1 0
353 2021/03/05 50 28800 412 0 0
354 2021/03/06 34 28834 414 2 0
355 2021/03/07 42 28876 415 1 0
356 2021/03/08 72 28948 416 1 1
357 2021/03/09 61 29009 419 3 0
358 2021/03/10 61 29070 419 0 0
359 2021/03/11 37 29107 422 3 0
360 2021/03/12 49 29156 424 2 0
361 2021/03/13 31 29187 425 1 0
362 2021/03/14 31 29218 425 0 0
363 2021/03/15 68 29286 428 3 0
364 2021/03/16 40 29326 428 0 0
365 2021/03/17 53 29379 429 1 0
366 2021/03/18 28 29407 430 1 0
367 2021/03/19 35 29442 431 1 0
368 2021/03/20 29 29471 431 0 0
369 2021/03/21 31 29502 431 0 0
370 2021/03/22 60 29562 432 1 0
371 2021/03/23 43 29605 432 0 0
372 2021/03/24 32 29637 433 1 0
373 2021/03/25 41 29678 435 2 0
374 2021/03/26 34 29712 436 1 0
375 2021/03/27 23 29735 436 0 0
376 2021/03/28 33 29768 438 2 0
377 2021/03/29 57 29825 438 0 0
378 2021/03/30 24 29849 438 0 0
379 2021/03/31 36 29885 439 1 0
380 2021/04/01 29 29914 440 1 0
381 2021/04/02 33 29947 442 2 0
382 2021/04/03 24 29971 443 1 0
383 2021/04/04 15 29986 443 0 0
384 2021/04/05 43 30029 443 0 0
385 2021/04/06 27 30056 443 0 0
386 2021/04/07 29 30085 443 0 0
387 2021/04/08 23 30108 445 2 0
388 2021/04/09 22 30130 445 0 0
389 2021/04/10 29 30159 445 0 0
390 2021/04/11 21 30180 445 0 0
391 2021/04/12 38 30218 445 0 0
392 2021/04/13 32 30250 448 3 0
393 2021/04/14 31 30281 449 1 0
394 2021/04/15 18 30299 449 0 0
395 2021/04/16 26 30325 449 0 0
396 2021/04/17 15 30340 449 0 0
397 2021/04/18 15 30355 450 1 0
398 2021/04/19 36 30391 451 1 0
399 2021/04/20 29 30420 451 0 0
400 2021/04/21 28 30448 451 0 0
401 2021/04/22 21 30469 451 0 0
402 2021/04/23 34 30503 451 0 0
403 2021/04/24 18 30521 451 0 0
404 2021/04/25 20 30541 451 0 0
405 2021/04/26 35 30576 451 0 0
406 2021/04/27 17 30593 451 0 0
407 2021/04/28 40 30633 451 0 0
408 2021/04/29 19 30652 452 1 0
409 2021/04/30 20 30672 453 1 0
410 2021/05/01 13 30685 453 0 0
411 2021/05/02 18 30703 454 1 0
412 2021/05/03 22 30725 456 2 0
413 2021/05/04 11 30736 456 0 0
414 2021/05/05 17 30753 457 1 0
415 2021/05/06 20 30773 459 2 0
416 2021/05/07 14 30787 460 1 1
417 2021/05/08 4 30791 460 0 0
418 2021/05/09 9 30800 461 1 0
419 2021/05/10 23 30823 461 0 1
420 2021/05/11 10 30833 461 0 0
421 2021/05/12 9 30842 461 0 0
422 2021/05/13 16 30858 461 0 0
423 2021/05/14 8 30866 463 2 0
424 2021/05/15 10 30876 465 2 0
425 2021/05/16 21 30897 465 0 0
426 2021/05/17 23 30920 465 0 0
427 2021/05/18 16 30936 465 0 0
428 2021/05/19 18 30954 465 0 0
429 2021/05/20 16 30970 465 0 0
430 2021/05/21 13 30983 465 0 0
431 2021/05/22 8 30991 465 0 0
432 2021/05/23 10 31001 465 0 0
433 2021/05/24 10 31011 466 1 0
434 2021/05/25 10 31021 466 0 0
435 2021/05/26 21 31042 466 0 0
436 2021/05/27 9 31051 466 0 0
437 2021/05/28 12 31063 466 0 0
438 2021/05/29 3 31066 467 1 0
439 2021/05/30 11 31077 467 0 0
440 2021/05/31 4 31081 469 2 0
441 2021/06/01 5 31086 470 1 0
442 2021/06/02 9 31095 470 0 0
443 2021/06/03 13 31108 471 1 0
444 2021/06/04 4 31112 471 0 0
445 2021/06/05 5 31117 472 1 0
446 2021/06/06 2 31119 472 0 0
447 2021/06/07 8 31127 472 0 1
448 2021/06/08 12 31139 472 0 0
449 2021/06/09 8 31147 472 0 0
450 2021/06/10 4 31151 472 0 0
451 2021/06/11 8 31159 473 1 0
452 2021/06/12 5 31164 473 0 0
453 2021/06/13 3 31167 473 0 0
454 2021/06/14 7 31174 473 0 0
455 2021/06/15 9 31183 473 0 0
456 2021/06/16 6 31189 473 0 0
457 2021/06/17 8 31197 473 0 0
458 2021/06/18 5 31202 474 1 0
459 2021/06/19 2 31204 474 0 1
460 2021/06/20 2 31206 474 0 0
461 2021/06/21 12 31218 475 1 1
462 2021/06/22 10 31228 475 0 1
463 2021/06/23 11 31239 475 0 1
464 2021/06/24 9 31248 475 0 1
465 2021/06/25 11 31259 475 0 0
466 2021/06/26 8 31267 475 0 0
467 2021/06/27 6 31273 475 0 0
468 2021/06/28 12 31285 475 0 0
469 2021/06/29 12 31297 475 0 0
470 2021/06/30 12 31309 475 0 0
471 2021/07/01 10 31319 476 1 0
472 2021/07/02 6 31325 476 0 1
473 2021/07/03 9 31334 476 0 1
474 2021/07/04 13 31347 476 0 1
475 2021/07/05 11 31358 476 0 0
476 2021/07/06 20 31378 476 0 0
477 2021/07/07 17 31395 476 0 0
478 2021/07/08 15 31410 477 1 0
479 2021/07/09 14 31424 477 0 1
480 2021/07/10 15 31439 477 0 1
481 2021/07/11 13 31452 477 0 0
482 2021/07/12 24 31476 477 0 0
483 2021/07/13 31 31507 477 0 0
484 2021/07/14 21 31528 477 0 0
485 2021/07/15 37 31565 477 0 0
486 2021/07/16 30 31595 478 1 1
487 2021/07/17 22 31617 479 1 1
488 2021/07/18 21 31638 479 0 0
489 2021/07/19 31 31669 479 0 0
490 2021/07/20 64 31733 480 1 0
491 2021/07/21 37 31770 480 0 0
492 2021/07/22 39 31809 480 0 0
493 2021/07/23 42 31851 480 0 1
494 2021/07/24 26 31877 480 0 1
495 2021/07/25 22 31899 480 0 0
496 2021/07/26 73 31972 480 0 0
497 2021/07/27 83 32055 480 0 0
498 2021/07/28 62 32117 480 0 0
499 2021/07/29 64 32181 481 1 0
500 2021/07/30 53 32234 481 0 1
501 2021/07/31 37 32271 481 0 1
502 2021/08/01 44 32315 482 1 0
503 2021/08/02 86 32401 482 0 0
504 2021/08/03 99 32500 482 0 0
505 2021/08/04 77 32577 483 1 0
506 2021/08/05 132 32709 483 0 0
507 2021/08/06 61 32770 484 1 0
508 2021/08/07 49 32819 484 0 0
509 2021/08/08 52 32871 486 2 0
510 2021/08/09 152 33023 486 0 0
511 2021/08/10 158 33181 486 0 0
512 2021/08/11 135 33316 486 0 0
513 2021/08/12 140 33456 487 1 0
514 2021/08/13 109 33565 487 0 0
515 2021/08/14 43 33608 489 2 0
516 2021/08/15 47 33655 489 0 0
517 2021/08/16 252 33907 491 2 0
518 2021/08/17 206 34113 492 1 0
519 2021/08/18 145 34258 492 0 0
520 2021/08/19 166 34424 494 2 0
521 2021/08/20 134 34558 494 0 0
522 2021/08/21 56 34614 495 1 0
523 2021/08/22 80 34694 496 1 0
524 2021/08/23 209 34903 499 3 0
525 2021/08/24 198 35101 499 0 0
526 2021/08/25 169 35270 499 0 0
527 2021/08/26 144 35414 501 2 0
528 2021/08/27 165 35579 503 2 0
529 2021/08/28 44 35623 504 1 0
530 2021/08/29 41 35664 504 0 0
531 2021/08/30 224 35888 505 1 0
532 2021/08/31 149 36037 508 3 0
533 2021/09/01 154 36191 510 2 0
534 2021/09/02 147 36338 511 1 0
535 2021/09/03 150 36488 512 1 0
536 2021/09/04 20 36508 512 0 0
537 2021/09/05 20 36528 513 1 0
538 2021/09/06 17 36545 513 0 0
539 2021/09/07 62 36607 513 0 0
540 2021/09/08 25 36632 513 0 0
541 2021/09/09 0 36632 513 0 2
