dates I C D F E
1 2020/03/18 0 0 0 0 1
2 2020/03/19 0 0 0 0 1
3 2020/03/20 0 0 0 0 1
4 2020/03/21 0 0 0 0 1
5 2020/03/22 0 0 0 0 1
6 2020/03/23 0 0 0 0 1
7 2020/03/24 0 0 0 0 1
8 2020/03/25 0 0 0 0 1
9 2020/03/26 0 0 0 0 1
10 2020/03/27 0 0 0 0 1
11 2020/03/28 0 0 0 0 1
12 2020/03/29 0 0 0 0 1
13 2020/03/30 0 0 0 0 1
14 2020/03/31 0 0 0 0 1
15 2020/04/01 0 0 0 0 1
16 2020/04/02 0 0 0 0 1
17 2020/04/03 0 0 0 0 1
18 2020/04/04 0 0 0 0 1
19 2020/04/05 0 0 0 0 1
20 2020/04/06 0 0 0 0 1
21 2020/04/07 0 0 0 0 1
22 2020/04/08 0 0 0 0 1
23 2020/04/09 0 0 0 0 1
24 2020/04/10 0 0 0 0 1
25 2020/04/11 0 0 0 0 1
26 2020/04/12 0 0 0 0 1
27 2020/04/13 0 0 0 0 1
28 2020/04/14 0 0 0 0 1
29 2020/04/15 0 0 0 0 1
30 2020/04/16 0 0 0 0 1
31 2020/04/17 0 0 0 0 1
32 2020/04/18 0 0 0 0 1
33 2020/04/19 0 0 0 0 1
34 2020/04/20 0 0 0 0 1
35 2020/04/21 0 0 0 0 1
36 2020/04/22 0 0 0 0 1
37 2020/04/23 0 0 0 0 1
38 2020/04/24 0 0 0 0 1
39 2020/04/25 0 0 0 0 1
40 2020/04/26 0 0 0 0 1
41 2020/04/27 0 0 0 0 1
42 2020/04/28 0 0 0 0 1
43 2020/04/29 0 0 0 0 1
44 2020/04/30 0 0 0 0 1
45 2020/05/01 0 0 0 0 1
46 2020/05/02 0 0 0 0 1
47 2020/05/03 0 0 0 0 1
48 2020/05/04 0 0 0 0 1
49 2020/05/05 0 0 0 0 0
50 2020/05/06 0 0 0 0 0
51 2020/05/07 0 0 0 0 0
52 2020/05/08 0 0 0 0 0
53 2020/05/09 0 0 0 0 0
54 2020/05/10 0 0 0 0 0
55 2020/05/11 0 0 0 0 0
56 2020/05/12 0 0 0 0 0
57 2020/05/13 0 0 0 0 0
58 2020/05/14 0 0 0 0 0
59 2020/05/15 0 0 0 0 0
60 2020/05/16 0 0 0 0 0
61 2020/05/17 0 0 0 0 0
62 2020/05/18 0 0 0 0 0
63 2020/05/19 0 0 0 0 0
64 2020/05/20 0 0 0 0 0
65 2020/05/21 0 0 0 0 0
66 2020/05/22 0 0 0 0 0
67 2020/05/23 0 0 0 0 0
68 2020/05/24 0 0 0 0 0
69 2020/05/25 0 0 0 0 0
70 2020/05/26 0 0 0 0 0
71 2020/05/27 0 0 0 0 1
72 2020/05/28 0 0 0 0 0
73 2020/05/29 0 0 0 0 0
74 2020/05/30 0 0 0 0 0
75 2020/05/31 0 0 0 0 0
76 2020/06/01 1 1 1 1 0
77 2020/06/02 0 1 2 1 0
78 2020/06/03 0 1 3 1 0
79 2020/06/04 0 1 4 1 0
80 2020/06/05 0 1 5 1 0
81 2020/06/06 0 1 6 1 0
82 2020/06/07 0 1 7 1 0
83 2020/06/08 0 1 8 1 0
84 2020/06/09 0 1 9 1 0
85 2020/06/10 0 1 10 1 0
86 2020/06/11 0 1 11 1 0
87 2020/06/12 0 1 12 1 0
88 2020/06/13 0 1 13 1 0
89 2020/06/14 0 1 14 1 0
90 2020/06/15 0 1 15 1 0
91 2020/06/16 0 1 16 1 0
92 2020/06/17 0 1 17 1 0
93 2020/06/18 0 1 18 1 0
94 2020/06/19 0 1 19 1 0
95 2020/06/20 0 1 20 1 0
96 2020/06/21 0 1 21 1 0
97 2020/06/22 0 1 22 1 0
98 2020/06/23 0 1 23 1 0
99 2020/06/24 0 1 24 1 0
100 2020/06/25 0 1 25 1 0
101 2020/06/26 0 1 26 1 0
102 2020/06/27 0 1 27 1 0
103 2020/06/28 0 1 28 1 0
104 2020/06/29 0 1 29 1 0
105 2020/06/30 0 1 30 1 0
106 2020/07/01 0 1 31 1 0
107 2020/07/02 0 1 32 1 0
108 2020/07/03 0 1 33 1 0
109 2020/07/04 0 1 34 1 0
110 2020/07/05 0 1 35 1 0
111 2020/07/06 0 1 36 1 0
112 2020/07/07 0 1 37 1 0
113 2020/07/08 0 1 38 1 0
114 2020/07/09 0 1 39 1 0
115 2020/07/10 0 1 40 1 0
116 2020/07/11 0 1 41 1 0
117 2020/07/12 0 1 42 1 0
118 2020/07/13 0 1 43 1 0
119 2020/07/14 0 1 44 1 0
120 2020/07/15 0 1 45 1 0
121 2020/07/16 0 1 46 1 0
122 2020/07/17 1 2 48 2 0
123 2020/07/18 1 3 51 3 0
124 2020/07/19 0 3 54 3 0
125 2020/07/20 0 3 57 3 0
126 2020/07/21 0 3 60 3 0
127 2020/07/22 0 3 63 3 0
128 2020/07/23 0 3 66 3 0
129 2020/07/24 0 3 69 3 0
130 2020/07/25 0 3 72 3 0
131 2020/07/26 0 3 75 3 0
132 2020/07/27 0 3 78 3 0
133 2020/07/28 1 4 82 4 0
134 2020/07/29 1 5 87 5 0
135 2020/07/30 1 6 93 6 0
136 2020/07/31 0 6 99 6 0
137 2020/08/01 1 7 106 7 0
138 2020/08/02 0 7 113 7 0
139 2020/08/03 0 7 120 7 0
140 2020/08/04 0 7 127 7 0
141 2020/08/05 0 7 134 7 0
142 2020/08/06 0 7 141 7 0
143 2020/08/07 0 7 148 7 0
144 2020/08/08 0 7 155 7 0
145 2020/08/09 0 7 162 7 0
146 2020/08/10 0 7 169 7 0
147 2020/08/11 0 7 176 7 0
148 2020/08/12 0 7 183 7 0
149 2020/08/13 0 7 190 7 0
150 2020/08/14 0 7 197 7 0
151 2020/08/15 0 7 204 7 0
152 2020/08/16 0 7 211 7 0
153 2020/08/17 0 7 218 7 0
154 2020/08/18 0 7 225 7 0
155 2020/08/19 0 7 232 7 0
156 2020/08/20 0 7 239 7 0
157 2020/08/21 0 7 246 7 0
158 2020/08/22 0 7 253 7 0
159 2020/08/23 0 7 260 7 0
160 2020/08/24 1 8 268 8 0
161 2020/08/25 0 8 276 8 0
162 2020/08/26 0 8 284 8 0
163 2020/08/27 3 11 295 11 0
164 2020/08/28 2 13 308 13 0
165 2020/08/29 0 13 321 13 0
166 2020/08/30 0 13 334 13 0
167 2020/08/31 5 18 352 18 0
168 2020/09/01 2 20 372 20 0
169 2020/09/02 2 22 394 22 0
170 2020/09/03 1 23 417 23 0
171 2020/09/04 0 23 440 23 0
172 2020/09/05 0 23 463 23 0
173 2020/09/06 0 23 486 23 0
174 2020/09/07 0 23 509 23 0
175 2020/09/08 1 24 533 24 0
176 2020/09/09 0 24 557 24 0
177 2020/09/10 1 25 582 25 0
178 2020/09/11 0 25 607 25 0
179 2020/09/12 0 25 632 25 0
180 2020/09/13 1 26 658 26 0
181 2020/09/14 0 26 684 26 0
182 2020/09/15 0 26 710 26 0
183 2020/09/16 1 27 737 27 0
184 2020/09/17 0 27 764 27 0
185 2020/09/18 0 27 791 27 0
186 2020/09/19 0 27 818 27 0
187 2020/09/20 0 27 845 27 0
188 2020/09/21 2 29 874 29 0
189 2020/09/22 0 29 903 29 0
190 2020/09/23 0 29 932 29 0
191 2020/09/24 0 29 961 29 0
192 2020/09/25 0 29 990 29 0
193 2020/09/26 0 29 1019 29 0
194 2020/09/27 0 29 1048 29 0
195 2020/09/28 0 29 1077 29 0
196 2020/09/29 0 29 1106 29 0
197 2020/09/30 0 29 1135 29 0
198 2020/10/01 0 29 1164 29 0
199 2020/10/02 0 29 1193 29 0
200 2020/10/03 0 29 1222 29 0
201 2020/10/04 0 29 1251 29 0
202 2020/10/05 0 29 1280 29 0
203 2020/10/06 0 29 1309 29 0
204 2020/10/07 0 29 1338 29 0
205 2020/10/08 0 29 1367 29 0
206 2020/10/09 0 29 1396 29 0
207 2020/10/10 0 29 1425 29 0
208 2020/10/11 0 29 1454 29 0
209 2020/10/12 0 29 1483 29 0
210 2020/10/13 0 29 1512 29 0
211 2020/10/14 1 30 1542 30 1
212 2020/10/15 0 30 1572 30 1
213 2020/10/16 0 30 1602 30 0
214 2020/10/17 0 30 1632 30 0
215 2020/10/18 0 30 1662 30 0
216 2020/10/19 1 31 1693 31 0
217 2020/10/20 1 32 1725 32 0
218 2020/10/21 1 33 1758 33 0
219 2020/10/22 1 34 1792 34 0
220 2020/10/23 4 38 1830 38 0
221 2020/10/24 0 38 1868 38 0
222 2020/10/25 1 39 1907 39 0
223 2020/10/26 5 44 1951 44 0
224 2020/10/27 2 46 1997 46 0
225 2020/10/28 2 48 2045 48 0
226 2020/10/29 1 49 2094 49 0
227 2020/10/30 2 51 2145 51 0
228 2020/10/31 1 52 2197 52 0
229 2020/11/01 1 53 2250 53 0
230 2020/11/02 1 54 2304 54 0
231 2020/11/03 3 57 2361 57 0
232 2020/11/04 2 59 2420 59 0
233 2020/11/05 10 69 2489 69 0
234 2020/11/06 1 70 2559 70 0
235 2020/11/07 0 70 2629 70 0
236 2020/11/08 0 70 2699 70 0
237 2020/11/09 4 74 2773 74 0
238 2020/11/10 4 78 2851 78 0
239 2020/11/11 2 80 2931 80 0
240 2020/11/12 4 84 3015 84 0
241 2020/11/13 0 84 3099 84 0
242 2020/11/14 0 84 3183 84 0
243 2020/11/15 1 85 3268 85 0
244 2020/11/16 1 86 3354 86 0
245 2020/11/17 2 88 3442 88 0
246 2020/11/18 6 94 3536 94 0
247 2020/11/19 3 97 3633 97 0
248 2020/11/20 3 100 3733 100 0
249 2020/11/21 0 100 3833 100 0
250 2020/11/22 4 104 3937 104 0
251 2020/11/23 1 105 4042 105 0
252 2020/11/24 14 119 4161 119 0
253 2020/11/25 4 123 4284 123 0
254 2020/11/26 0 123 4407 123 0
255 2020/11/27 2 125 4532 125 0
256 2020/11/28 1 126 4658 126 0
257 2020/11/29 3 129 4787 129 0
258 2020/11/30 4 133 4920 133 0
259 2020/12/01 10 143 5063 143 0
260 2020/12/02 5 148 5211 148 0
261 2020/12/03 3 151 5362 151 0
262 2020/12/04 2 153 5515 153 0
263 2020/12/05 0 153 5668 153 0
264 2020/12/06 0 153 5821 153 0
265 2020/12/07 13 166 5987 166 0
266 2020/12/08 7 173 6160 173 0
267 2020/12/09 8 181 6341 181 0
268 2020/12/10 4 185 6526 185 0
269 2020/12/11 5 190 6716 190 0
270 2020/12/12 0 190 6906 190 0
271 2020/12/13 1 191 7097 191 0
272 2020/12/14 12 203 7300 203 0
273 2020/12/15 5 208 7508 208 1
274 2020/12/16 2 210 7718 210 1
275 2020/12/17 3 213 7931 213 0
276 2020/12/18 3 216 8147 216 0
277 2020/12/19 0 216 8363 216 0
278 2020/12/20 3 219 8582 219 0
279 2020/12/21 0 219 8801 219 0
280 2020/12/22 14 233 9034 233 0
281 2020/12/23 8 241 9275 241 0
282 2020/12/24 4 245 9520 245 0
283 2020/12/25 0 245 9765 245 0
284 2020/12/26 1 246 10011 246 0
285 2020/12/27 3 249 10260 249 1
286 2020/12/28 9 258 10518 258 1
287 2020/12/29 4 262 10780 262 0
288 2020/12/30 3 265 11045 265 0
289 2020/12/31 3 268 11313 268 0
290 2021/01/01 0 268 11581 268 0
291 2021/01/02 0 268 11849 268 0
292 2021/01/03 1 269 12118 269 0
293 2021/01/04 4 273 12391 273 0
294 2021/01/05 16 289 12680 289 0
295 2021/01/06 0 289 12969 289 0
296 2021/01/07 0 289 13258 289 0
297 2021/01/08 0 289 13547 289 0
298 2021/01/09 0 289 13836 289 0
299 2021/01/10 0 289 14125 289 0
300 2021/01/11 0 289 14414 289 0
301 2021/01/12 1 290 14704 290 0
302 2021/01/13 2 292 14996 292 0
303 2021/01/14 1 293 15289 293 1
304 2021/01/15 0 293 15582 293 0
305 2021/01/16 0 293 15875 293 0
306 2021/01/17 0 293 16168 293 0
307 2021/01/18 1 294 16462 294 0
308 2021/01/19 3 297 16759 297 0
309 2021/01/20 1 298 17057 298 0
310 2021/01/21 1 299 17356 299 0
311 2021/01/22 3 302 17658 302 0
312 2021/01/23 0 302 17960 302 0
313 2021/01/24 0 302 18262 302 0
314 2021/01/25 0 302 18564 302 0
315 2021/01/26 1 303 18867 303 0
316 2021/01/27 7 310 19177 310 0
317 2021/01/28 0 310 19487 310 0
318 2021/01/29 1 311 19798 311 0
319 2021/01/30 1 312 20110 312 0
320 2021/01/31 0 312 20422 312 0
321 2021/02/01 3 315 20737 315 1
322 2021/02/02 6 321 21058 321 0
323 2021/02/03 5 326 21384 326 0
324 2021/02/04 1 327 21711 327 0
325 2021/02/05 0 327 22038 327 0
326 2021/02/06 0 327 22365 327 0
327 2021/02/07 0 327 22692 327 0
328 2021/02/08 0 327 23019 327 0
329 2021/02/09 2 329 23348 329 1
330 2021/02/10 1 330 23678 330 1
331 2021/02/11 1 331 24009 331 0
332 2021/02/12 1 332 24341 332 0
333 2021/02/13 0 332 24673 332 0
334 2021/02/14 0 332 25005 332 0
335 2021/02/15 0 332 25337 332 0
336 2021/02/16 0 332 25669 332 0
337 2021/02/17 0 332 26001 332 0
338 2021/02/18 0 332 26333 332 0
339 2021/02/19 2 334 26667 334 0
340 2021/02/20 0 334 27001 334 0
341 2021/02/21 0 334 27335 334 0
342 2021/02/22 3 337 27672 337 0
343 2021/02/23 0 337 28009 337 1
344 2021/02/24 1 338 28347 338 0
345 2021/02/25 1 339 28686 339 0
346 2021/02/26 0 339 29025 339 0
347 2021/02/27 1 340 29365 340 0
348 2021/02/28 0 340 29705 340 0
349 2021/03/01 0 340 30045 340 0
350 2021/03/02 3 343 30388 343 0
351 2021/03/03 0 343 30731 343 1
352 2021/03/04 0 343 31074 343 1
353 2021/03/05 1 344 31418 344 0
354 2021/03/06 0 344 31762 344 1
355 2021/03/07 1 345 32107 345 0
356 2021/03/08 0 345 32452 345 1
357 2021/03/09 0 345 32797 345 0
358 2021/03/10 0 345 33142 345 0
359 2021/03/11 1 346 33488 346 0
360 2021/03/12 0 346 33834 346 0
361 2021/03/13 0 346 34180 346 0
362 2021/03/14 0 346 34526 346 0
363 2021/03/15 0 346 34872 346 0
364 2021/03/16 0 346 35218 346 0
365 2021/03/17 0 346 35564 346 0
366 2021/03/18 0 346 35910 346 0
367 2021/03/19 0 346 36256 346 0
368 2021/03/20 0 346 36602 346 0
369 2021/03/21 1 347 36949 347 0
370 2021/03/22 0 347 37296 347 0
371 2021/03/23 2 349 37645 349 1
372 2021/03/24 1 350 37995 350 2
373 2021/03/25 1 351 38346 351 1
374 2021/03/26 0 351 38697 351 0
375 2021/03/27 0 351 39048 351 0
376 2021/03/28 0 351 39399 351 0
377 2021/03/29 0 351 39750 351 0
378 2021/03/30 1 352 40102 352 0
379 2021/03/31 1 353 40455 353 0
380 2021/04/01 0 353 40808 353 0
381 2021/04/02 1 354 41162 354 0
382 2021/04/03 3 357 41519 357 0
383 2021/04/04 0 357 41876 357 0
384 2021/04/05 0 357 42233 357 0
385 2021/04/06 2 359 42592 359 0
386 2021/04/07 1 360 42952 360 0
387 2021/04/08 0 360 43312 360 0
388 2021/04/09 0 360 43672 360 0
389 2021/04/10 1 361 44033 361 0
390 2021/04/11 0 361 44394 361 0
391 2021/04/12 1 362 44756 362 0
392 2021/04/13 2 364 45120 364 0
393 2021/04/14 0 364 45484 364 0
394 2021/04/15 0 364 45848 364 0
395 2021/04/16 0 364 46212 364 0
396 2021/04/17 0 364 46576 364 0
397 2021/04/18 0 364 46940 364 0
398 2021/04/19 0 364 47304 364 0
399 2021/04/20 0 364 47668 364 0
400 2021/04/21 0 364 48032 364 0
401 2021/04/22 0 364 48396 364 0
402 2021/04/23 0 364 48760 364 0
403 2021/04/24 0 364 49124 364 0
404 2021/04/25 0 364 49488 364 0
405 2021/04/26 0 364 49852 364 0
406 2021/04/27 0 364 50216 364 0
407 2021/04/28 1 365 50581 365 0
408 2021/04/29 0 365 50946 365 0
409 2021/04/30 0 365 51311 365 0
410 2021/05/01 1 366 51677 366 0
411 2021/05/02 0 366 52043 366 1
412 2021/05/03 0 366 52409 366 0
413 2021/05/04 0 366 52775 366 0
414 2021/05/05 1 367 53142 367 0
415 2021/05/06 1 368 53510 368 1
416 2021/05/07 0 368 53878 368 0
417 2021/05/08 0 368 54246 368 0
418 2021/05/09 0 368 54614 368 0
419 2021/05/10 0 368 54982 368 0
420 2021/05/11 0 368 55350 368 0
421 2021/05/12 0 368 55718 368 0
422 2021/05/13 1 369 56087 369 0
423 2021/05/14 0 369 56456 369 0
424 2021/05/15 0 369 56825 369 0
425 2021/05/16 0 369 57194 369 0
426 2021/05/17 0 369 57563 369 0
427 2021/05/18 1 370 57933 370 0
428 2021/05/19 1 371 58304 371 0
429 2021/05/20 0 371 58675 371 0
430 2021/05/21 0 371 59046 371 0
431 2021/05/22 0 371 59417 371 0
432 2021/05/23 0 371 59788 371 0
433 2021/05/24 4 375 60163 375 0
434 2021/05/25 0 375 60538 375 0
435 2021/05/26 1 376 60914 376 0
436 2021/05/27 0 376 61290 376 0
437 2021/05/28 1 377 61667 377 0
438 2021/05/29 0 377 62044 377 0
439 2021/05/30 0 377 62421 377 0
440 2021/05/31 0 377 62798 377 0
441 2021/06/01 1 378 63176 378 0
442 2021/06/02 1 379 63555 379 0
443 2021/06/03 1 380 63935 380 0
444 2021/06/04 1 381 64316 381 1
445 2021/06/05 2 383 64699 383 0
446 2021/06/06 0 383 65082 383 0
447 2021/06/07 0 383 65465 383 0
448 2021/06/08 1 384 65849 384 0
449 2021/06/09 5 389 66238 389 0
450 2021/06/10 2 391 66629 391 0
451 2021/06/11 1 392 67021 392 0
452 2021/06/12 0 392 67413 392 0
453 2021/06/13 1 393 67806 393 0
454 2021/06/14 2 395 68201 395 0
455 2021/06/15 9 404 68605 404 0
456 2021/06/16 1 405 69010 405 0
457 2021/06/17 1 406 69416 406 0
458 2021/06/18 1 407 69823 407 0
459 2021/06/19 0 407 70230 407 0
460 2021/06/20 1 408 70638 408 0
461 2021/06/21 0 408 71046 408 0
462 2021/06/22 0 408 71454 408 0
463 2021/06/23 1 409 71863 409 0
464 2021/06/24 2 411 72274 411 0
465 2021/06/25 0 411 72685 411 0
466 2021/06/26 0 411 73096 411 0
467 2021/06/27 0 411 73507 411 0
468 2021/06/28 0 411 73918 411 0
469 2021/06/29 0 411 74329 411 1
470 2021/06/30 1 412 74741 412 0
471 2021/07/01 0 412 75153 412 0
472 2021/07/02 0 412 75565 412 1
473 2021/07/03 0 412 75977 412 1
474 2021/07/04 1 413 76390 413 1
475 2021/07/05 0 413 76803 413 0
476 2021/07/06 0 413 77216 413 0
477 2021/07/07 0 413 77629 413 1
478 2021/07/08 0 413 78042 413 0
479 2021/07/09 0 413 78455 413 1
480 2021/07/10 0 413 78868 413 1
481 2021/07/11 0 413 79281 413 0
482 2021/07/12 0 413 79694 413 0
483 2021/07/13 1 414 80108 414 0
484 2021/07/14 0 414 80522 414 0
485 2021/07/15 0 414 80936 414 0
486 2021/07/16 0 414 81350 414 1
487 2021/07/17 0 414 81764 414 1
488 2021/07/18 0 414 82178 414 0
489 2021/07/19 0 414 82592 414 0
490 2021/07/20 0 414 83006 414 0
491 2021/07/21 0 414 83420 414 0
492 2021/07/22 0 414 83834 414 0
493 2021/07/23 0 414 84248 414 1
494 2021/07/24 0 414 84662 414 1
495 2021/07/25 0 414 85076 414 0
496 2021/07/26 0 414 85490 414 0
497 2021/07/27 0 414 85904 414 0
498 2021/07/28 1 415 86319 415 0
499 2021/07/29 2 417 86736 417 0
500 2021/07/30 0 417 87153 417 1
501 2021/07/31 1 418 87571 418 1
502 2021/08/01 0 418 87989 418 0
503 2021/08/02 0 418 88407 418 0
504 2021/08/03 0 418 88825 418 0
505 2021/08/04 0 418 89243 418 0
506 2021/08/05 0 418 89661 418 2
