dates I C D F E
1 2020/03/18 2 2 11 11 1
2 2020/03/19 1 3 23 12 1
3 2020/03/20 2 5 37 14 1
4 2020/03/21 0 5 51 14 1
5 2020/03/22 0 5 65 14 1
6 2020/03/23 5 10 84 19 1
7 2020/03/24 2 12 105 21 1
8 2020/03/25 1 13 127 22 1
9 2020/03/26 1 14 150 23 1
10 2020/03/27 1 15 174 24 1
11 2020/03/28 0 15 198 24 1
12 2020/03/29 2 17 224 26 2
13 2020/03/30 0 17 250 26 1
14 2020/03/31 0 17 276 26 1
15 2020/04/01 2 19 304 28 1
16 2020/04/02 0 19 332 28 1
17 2020/04/03 0 19 360 28 1
18 2020/04/04 0 19 388 28 1
19 2020/04/05 0 19 416 28 1
20 2020/04/06 0 19 444 28 1
21 2020/04/07 0 19 472 28 1
22 2020/04/08 1 20 501 29 1
23 2020/04/09 0 20 530 29 1
24 2020/04/10 0 20 559 29 1
25 2020/04/11 0 20 588 29 1
26 2020/04/12 0 20 617 29 1
27 2020/04/13 0 20 646 29 1
28 2020/04/14 0 20 675 29 1
29 2020/04/15 0 20 704 29 1
30 2020/04/16 0 20 733 29 1
31 2020/04/17 0 20 762 29 1
32 2020/04/18 0 20 791 29 1
33 2020/04/19 0 20 820 29 1
34 2020/04/20 0 20 849 29 1
35 2020/04/21 0 20 878 29 1
36 2020/04/22 0 20 907 29 1
37 2020/04/23 1 21 937 30 1
38 2020/04/24 0 21 967 30 1
39 2020/04/25 1 22 998 31 1
40 2020/04/26 0 22 1029 31 1
41 2020/04/27 0 22 1060 31 1
42 2020/04/28 0 22 1091 31 1
43 2020/04/29 0 22 1122 31 1
44 2020/04/30 0 22 1153 31 1
45 2020/05/01 1 23 1185 32 1
46 2020/05/02 0 23 1217 32 1
47 2020/05/03 0 23 1249 32 1
48 2020/05/04 0 23 1281 32 1
49 2020/05/05 0 23 1313 32 0
50 2020/05/06 0 23 1345 32 0
51 2020/05/07 0 23 1377 32 0
52 2020/05/08 0 23 1409 32 0
53 2020/05/09 3 26 1444 35 0
54 2020/05/10 0 26 1479 35 0
55 2020/05/11 0 26 1514 35 0
56 2020/05/12 0 26 1549 35 0
57 2020/05/13 0 26 1584 35 0
58 2020/05/14 1 27 1620 36 0
59 2020/05/15 0 27 1656 36 0
60 2020/05/16 0 27 1692 36 0
61 2020/05/17 0 27 1728 36 0
62 2020/05/18 0 27 1764 36 0
63 2020/05/19 0 27 1800 36 0
64 2020/05/20 0 27 1836 36 0
65 2020/05/21 0 27 1872 36 0
66 2020/05/22 0 27 1908 36 0
67 2020/05/23 0 27 1944 36 0
68 2020/05/24 1 28 1981 37 0
69 2020/05/25 0 28 2018 37 0
70 2020/05/26 0 28 2055 37 0
71 2020/05/27 1 29 2093 38 0
72 2020/05/28 0 29 2131 38 0
73 2020/05/29 0 29 2169 38 0
74 2020/05/30 1 30 2208 39 0
75 2020/05/31 0 30 2247 39 0
76 2020/06/01 0 30 2286 39 0
77 2020/06/02 0 30 2325 39 0
78 2020/06/03 0 30 2364 39 0
79 2020/06/04 0 30 2403 39 0
80 2020/06/05 0 30 2442 39 0
81 2020/06/06 0 30 2481 39 0
82 2020/06/07 0 30 2520 39 0
83 2020/06/08 0 30 2559 39 0
84 2020/06/09 0 30 2598 39 0
85 2020/06/10 0 30 2637 39 0
86 2020/06/11 0 30 2676 39 0
87 2020/06/12 0 30 2715 39 0
88 2020/06/13 3 33 2757 42 0
89 2020/06/14 0 33 2799 42 1
90 2020/06/15 0 33 2841 42 0
91 2020/06/16 0 33 2883 42 0
92 2020/06/17 0 33 2925 42 0
93 2020/06/18 0 33 2967 42 0
94 2020/06/19 0 33 3009 42 0
95 2020/06/20 0 33 3051 42 0
96 2020/06/21 0 33 3093 42 0
97 2020/06/22 0 33 3135 42 0
98 2020/06/23 0 33 3177 42 0
99 2020/06/24 0 33 3219 42 0
100 2020/06/25 2 35 3263 44 0
101 2020/06/26 1 36 3308 45 0
102 2020/06/27 1 37 3354 46 0
103 2020/06/28 1 38 3401 47 0
104 2020/06/29 0 38 3448 47 0
105 2020/06/30 2 40 3497 49 0
106 2020/07/01 2 42 3548 51 0
107 2020/07/02 3 45 3602 54 0
108 2020/07/03 0 45 3656 54 0
109 2020/07/04 0 45 3710 54 0
110 2020/07/05 0 45 3764 54 0
111 2020/07/06 4 49 3822 58 0
112 2020/07/07 1 50 3881 59 0
113 2020/07/08 1 51 3941 60 0
114 2020/07/09 3 54 4004 63 0
115 2020/07/10 4 58 4071 67 0
116 2020/07/11 1 59 4139 68 0
117 2020/07/12 3 62 4210 71 0
118 2020/07/13 10 72 4291 81 0
119 2020/07/14 4 76 4376 85 0
120 2020/07/15 10 86 4471 95 0
121 2020/07/16 2 88 4568 97 0
122 2020/07/17 3 91 4668 100 0
123 2020/07/18 5 96 4773 105 0
124 2020/07/19 2 98 4880 107 0
125 2020/07/20 11 109 4998 118 0
126 2020/07/21 6 115 5122 124 0
127 2020/07/22 4 119 5250 128 0
128 2020/07/23 3 122 5381 131 0
129 2020/07/24 4 126 5516 135 0
130 2020/07/25 1 127 5652 136 0
131 2020/07/26 0 127 5788 136 0
132 2020/07/27 4 131 5928 140 0
133 2020/07/28 4 135 6072 144 0
134 2020/07/29 1 136 6217 145 0
135 2020/07/30 3 139 6365 148 0
136 2020/07/31 1 140 6514 149 0
137 2020/08/01 1 141 6664 150 0
138 2020/08/02 1 142 6815 151 0
139 2020/08/03 7 149 6973 158 0
140 2020/08/04 0 149 7131 158 0
141 2020/08/05 1 150 7290 159 0
142 2020/08/06 0 150 7449 159 0
143 2020/08/07 1 151 7609 160 0
144 2020/08/08 0 151 7769 160 0
145 2020/08/09 0 151 7929 160 0
146 2020/08/10 1 152 8090 161 0
147 2020/08/11 0 152 8251 161 0
148 2020/08/12 0 152 8412 161 0
149 2020/08/13 1 153 8574 162 0
150 2020/08/14 0 153 8736 162 0
151 2020/08/15 0 153 8898 162 0
152 2020/08/16 0 153 9060 162 0
153 2020/08/17 0 153 9222 162 0
154 2020/08/18 0 153 9384 162 0
155 2020/08/19 1 154 9547 163 1
156 2020/08/20 0 154 9710 163 0
157 2020/08/21 0 154 9873 163 0
158 2020/08/22 0 154 10036 163 0
159 2020/08/23 0 154 10199 163 0
160 2020/08/24 0 154 10362 163 0
161 2020/08/25 0 154 10525 163 0
162 2020/08/26 0 154 10688 163 0
163 2020/08/27 0 154 10851 163 0
164 2020/08/28 0 154 11014 163 0
165 2020/08/29 0 154 11177 163 0
166 2020/08/30 0 154 11340 163 0
167 2020/08/31 0 154 11503 163 0
168 2020/09/01 0 154 11666 163 0
169 2020/09/02 0 154 11829 163 0
170 2020/09/03 0 154 11992 163 1
171 2020/09/04 1 155 12156 164 0
172 2020/09/05 0 155 12320 164 0
173 2020/09/06 0 155 12484 164 0
174 2020/09/07 1 156 12649 165 0
175 2020/09/08 0 156 12814 165 0
176 2020/09/09 0 156 12979 165 0
177 2020/09/10 0 156 13144 165 0
178 2020/09/11 0 156 13309 165 0
179 2020/09/12 0 156 13474 165 0
180 2020/09/13 0 156 13639 165 0
181 2020/09/14 0 156 13804 165 0
182 2020/09/15 0 156 13969 165 0
183 2020/09/16 0 156 14134 165 0
184 2020/09/17 0 156 14299 165 0
185 2020/09/18 0 156 14464 165 0
186 2020/09/19 2 158 14631 167 0
187 2020/09/20 0 158 14798 167 0
188 2020/09/21 1 159 14966 168 0
189 2020/09/22 0 159 15134 168 0
190 2020/09/23 1 160 15303 169 0
191 2020/09/24 0 160 15472 169 0
192 2020/09/25 0 160 15641 169 0
193 2020/09/26 0 160 15810 169 1
194 2020/09/27 0 160 15979 169 0
195 2020/09/28 0 160 16148 169 0
196 2020/09/29 0 160 16317 169 0
197 2020/09/30 0 160 16486 169 0
198 2020/10/01 0 160 16655 169 0
199 2020/10/02 2 162 16826 171 0
200 2020/10/03 0 162 16997 171 0
201 2020/10/04 0 162 17168 171 0
202 2020/10/05 1 163 17340 172 0
203 2020/10/06 0 163 17512 172 0
204 2020/10/07 0 163 17684 172 0
205 2020/10/08 1 164 17857 173 0
206 2020/10/09 0 164 18030 173 0
207 2020/10/10 0 164 18203 173 0
208 2020/10/11 0 164 18376 173 0
209 2020/10/12 0 164 18549 173 0
210 2020/10/13 0 164 18722 173 0
211 2020/10/14 0 164 18895 173 0
212 2020/10/15 0 164 19068 173 0
213 2020/10/16 0 164 19241 173 0
214 2020/10/17 2 166 19416 175 0
215 2020/10/18 1 167 19592 176 0
216 2020/10/19 5 172 19773 181 0
217 2020/10/20 5 177 19959 186 0
218 2020/10/21 0 177 20145 186 0
219 2020/10/22 2 179 20333 188 0
220 2020/10/23 5 184 20526 193 0
221 2020/10/24 1 185 20720 194 0
222 2020/10/25 14 199 20928 208 0
223 2020/10/26 8 207 21144 216 0
224 2020/10/27 6 213 21366 222 0
225 2020/10/28 14 227 21602 236 0
226 2020/10/29 18 245 21856 254 0
227 2020/10/30 7 252 22117 261 0
228 2020/10/31 1 253 22379 262 0
229 2020/11/01 149 402 22790 411 0
230 2020/11/02 30 432 23231 441 0
231 2020/11/03 2 434 23674 443 1
232 2020/11/04 4 438 24121 447 0
233 2020/11/05 3 441 24571 450 0
234 2020/11/06 2 443 25023 452 0
235 2020/11/07 5 448 25480 457 0
236 2020/11/08 3 451 25940 460 0
237 2020/11/09 6 457 26406 466 0
238 2020/11/10 3 460 26875 469 0
239 2020/11/11 2 462 27346 471 0
240 2020/11/12 1 463 27818 472 1
241 2020/11/13 1 464 28291 473 0
242 2020/11/14 0 464 28764 473 0
243 2020/11/15 0 464 29237 473 0
244 2020/11/16 1 465 29711 474 0
245 2020/11/17 1 466 30186 475 0
246 2020/11/18 2 468 30663 477 0
247 2020/11/19 5 473 31145 482 0
248 2020/11/20 5 478 31632 487 0
249 2020/11/21 0 478 32119 487 0
250 2020/11/22 3 481 32609 490 0
251 2020/11/23 18 499 33117 508 1
252 2020/11/24 17 516 33642 525 0
253 2020/11/25 2 518 34169 527 0
254 2020/11/26 4 522 34700 531 1
255 2020/11/27 6 528 35237 537 0
256 2020/11/28 4 532 35778 541 0
257 2020/11/29 5 537 36324 546 0
258 2020/11/30 25 562 36895 571 0
259 2020/12/01 19 581 37485 590 0
260 2020/12/02 5 586 38080 595 0
261 2020/12/03 10 596 38685 605 0
262 2020/12/04 21 617 39311 626 0
263 2020/12/05 1 618 39938 627 0
264 2020/12/06 1 619 40566 628 0
265 2020/12/07 30 649 41224 658 0
266 2020/12/08 7 656 41889 665 0
267 2020/12/09 31 687 42585 696 0
268 2020/12/10 16 703 43297 712 0
269 2020/12/11 10 713 44019 722 0
270 2020/12/12 8 721 44749 730 0
271 2020/12/13 9 730 45488 739 0
272 2020/12/14 21 751 46248 760 0
273 2020/12/15 9 760 47017 769 0
274 2020/12/16 18 778 47804 787 0
275 2020/12/17 18 796 48609 805 0
276 2020/12/18 11 807 49425 816 0
277 2020/12/19 6 813 50247 822 0
278 2020/12/20 4 817 51073 826 0
279 2020/12/21 21 838 51920 847 0
280 2020/12/22 12 850 52779 859 0
281 2020/12/23 10 860 53648 869 0
282 2020/12/24 2 862 54519 871 0
283 2020/12/25 2 864 55392 873 0
284 2020/12/26 2 866 56267 875 0
285 2020/12/27 6 872 57148 881 1
286 2020/12/28 19 891 58048 900 1
287 2020/12/29 4 895 58952 904 0
288 2020/12/30 9 904 59865 913 0
289 2020/12/31 3 907 60781 916 0
290 2021/01/01 7 914 61704 923 0
291 2021/01/02 18 932 62645 941 0
292 2021/01/03 10 942 63596 951 0
293 2021/01/04 25 967 64572 976 0
294 2021/01/05 10 977 65558 986 0
295 2021/01/06 6 983 66550 992 0
296 2021/01/07 31 1014 67573 1023 0
297 2021/01/08 11 1025 68607 1034 0
298 2021/01/09 10 1035 69651 1044 0
299 2021/01/10 5 1040 70700 1049 0
300 2021/01/11 17 1057 71766 1066 0
301 2021/01/12 6 1063 72838 1072 0
302 2021/01/13 9 1072 73919 1081 0
303 2021/01/14 4 1076 75004 1085 0
304 2021/01/15 8 1084 76097 1093 0
305 2021/01/16 3 1087 77193 1096 0
306 2021/01/17 1 1088 78290 1097 0
307 2021/01/18 6 1094 79393 1103 0
308 2021/01/19 3 1097 80499 1106 0
309 2021/01/20 1 1098 81606 1107 1
310 2021/01/21 7 1105 82720 1114 1
311 2021/01/22 5 1110 83839 1119 0
312 2021/01/23 0 1110 84958 1119 0
313 2021/01/24 2 1112 86079 1121 0
314 2021/01/25 7 1119 87207 1128 0
315 2021/01/26 3 1122 88338 1131 0
316 2021/01/27 1 1123 89470 1132 0
317 2021/01/28 2 1125 90604 1134 0
318 2021/01/29 2 1127 91740 1136 0
319 2021/01/30 2 1129 92878 1138 0
320 2021/01/31 0 1129 94016 1138 0
321 2021/02/01 3 1132 95157 1141 1
322 2021/02/02 3 1135 96301 1144 0
323 2021/02/03 2 1137 97447 1146 1
324 2021/02/04 7 1144 98600 1153 0
325 2021/02/05 2 1146 99755 1155 0
326 2021/02/06 1 1147 100911 1156 0
327 2021/02/07 1 1148 102068 1157 0
328 2021/02/08 3 1151 103228 1160 0
329 2021/02/09 0 1151 104388 1160 0
330 2021/02/10 1 1152 105549 1161 0
331 2021/02/11 4 1156 106714 1165 0
332 2021/02/12 4 1160 107883 1169 1
333 2021/02/13 1 1161 109053 1170 0
334 2021/02/14 0 1161 110223 1170 0
335 2021/02/15 1 1162 111394 1171 1
336 2021/02/16 3 1165 112568 1174 0
337 2021/02/17 0 1165 113742 1174 0
338 2021/02/18 0 1165 114916 1174 0
339 2021/02/19 0 1165 116090 1174 0
340 2021/02/20 0 1165 117264 1174 0
341 2021/02/21 1 1166 118439 1175 0
342 2021/02/22 0 1166 119614 1175 0
343 2021/02/23 4 1170 120793 1179 0
344 2021/02/24 0 1170 121972 1179 0
345 2021/02/25 2 1172 123153 1181 0
346 2021/02/26 1 1173 124335 1182 0
347 2021/02/27 2 1175 125519 1184 0
348 2021/02/28 2 1177 126705 1186 0
349 2021/03/01 3 1180 127894 1189 0
350 2021/03/02 1 1181 129084 1190 1
351 2021/03/03 1 1182 130275 1191 0
352 2021/03/04 0 1182 131466 1191 0
353 2021/03/05 0 1182 132657 1191 0
354 2021/03/06 1 1183 133849 1192 0
355 2021/03/07 1 1184 135042 1193 0
356 2021/03/08 2 1186 136237 1195 1
357 2021/03/09 1 1187 137433 1196 0
358 2021/03/10 1 1188 138630 1197 0
359 2021/03/11 3 1191 139830 1200 0
360 2021/03/12 1 1192 141031 1201 0
361 2021/03/13 1 1193 142233 1202 0
362 2021/03/14 0 1193 143435 1202 1
363 2021/03/15 6 1199 144643 1208 0
364 2021/03/16 1 1200 145852 1209 0
365 2021/03/17 1 1201 147062 1210 0
366 2021/03/18 2 1203 148274 1212 0
367 2021/03/19 4 1207 149490 1216 0
368 2021/03/20 2 1209 150708 1218 0
369 2021/03/21 0 1209 151926 1218 0
370 2021/03/22 5 1214 153149 1223 0
371 2021/03/23 5 1219 154377 1228 0
372 2021/03/24 1 1220 155606 1229 1
373 2021/03/25 1 1221 156836 1230 1
374 2021/03/26 0 1221 158066 1230 0
375 2021/03/27 1 1222 159297 1231 0
376 2021/03/28 2 1224 160530 1233 0
377 2021/03/29 1 1225 161764 1234 0
378 2021/03/30 1 1226 162999 1235 0
379 2021/03/31 1 1227 164235 1236 0
380 2021/04/01 0 1227 165471 1236 0
381 2021/04/02 0 1227 166707 1236 0
382 2021/04/03 0 1227 167943 1236 1
383 2021/04/04 0 1227 169179 1236 0
384 2021/04/05 1 1228 170416 1237 0
385 2021/04/06 0 1228 171653 1237 0
386 2021/04/07 0 1228 172890 1237 0
387 2021/04/08 0 1228 174127 1237 0
388 2021/04/09 2 1230 175366 1239 0
389 2021/04/10 0 1230 176605 1239 0
390 2021/04/11 0 1230 177844 1239 0
391 2021/04/12 1 1231 179084 1240 0
392 2021/04/13 0 1231 180324 1240 0
393 2021/04/14 0 1231 181564 1240 0
394 2021/04/15 0 1231 182804 1240 0
395 2021/04/16 1 1232 184045 1241 0
396 2021/04/17 0 1232 185286 1241 0
397 2021/04/18 0 1232 186527 1241 0
398 2021/04/19 0 1232 187768 1241 0
399 2021/04/20 1 1233 189010 1242 0
400 2021/04/21 1 1234 190253 1243 0
401 2021/04/22 0 1234 191496 1243 0
402 2021/04/23 0 1234 192739 1243 0
403 2021/04/24 2 1236 193984 1245 0
404 2021/04/25 0 1236 195229 1245 0
405 2021/04/26 0 1236 196474 1245 0
406 2021/04/27 0 1236 197719 1245 1
407 2021/04/28 0 1236 198964 1245 0
408 2021/04/29 0 1236 200209 1245 0
409 2021/04/30 2 1238 201456 1247 1
410 2021/05/01 0 1238 202703 1247 0
411 2021/05/02 0 1238 203950 1247 0
412 2021/05/03 1 1239 205198 1248 0
413 2021/05/04 0 1239 206446 1248 0
414 2021/05/05 0 1239 207694 1248 0
415 2021/05/06 0 1239 208942 1248 0
416 2021/05/07 2 1241 210192 1250 0
417 2021/05/08 1 1242 211443 1251 0
418 2021/05/09 0 1242 212694 1251 0
419 2021/05/10 0 1242 213945 1251 0
420 2021/05/11 0 1242 215196 1251 0
421 2021/05/12 0 1242 216447 1251 0
422 2021/05/13 0 1242 217698 1251 0
423 2021/05/14 0 1242 218949 1251 0
424 2021/05/15 1 1243 220201 1252 0
425 2021/05/16 0 1243 221453 1252 0
426 2021/05/17 0 1243 222705 1252 0
427 2021/05/18 4 1247 223961 1256 0
428 2021/05/19 1 1248 225218 1257 0
429 2021/05/20 0 1248 226475 1257 0
430 2021/05/21 1 1249 227733 1258 0
431 2021/05/22 0 1249 228991 1258 0
432 2021/05/23 2 1251 230251 1260 0
433 2021/05/24 1 1252 231512 1261 0
434 2021/05/25 0 1252 232773 1261 0
435 2021/05/26 0 1252 234034 1261 0
436 2021/05/27 0 1252 235295 1261 0
437 2021/05/28 0 1252 236556 1261 1
438 2021/05/29 0 1252 237817 1261 0
439 2021/05/30 0 1252 239078 1261 0
440 2021/05/31 0 1252 240339 1261 0
441 2021/06/01 0 1252 241600 1261 0
442 2021/06/02 0 1252 242861 1261 0
443 2021/06/03 0 1252 244122 1261 0
444 2021/06/04 0 1252 245383 1261 0
445 2021/06/05 0 1252 246644 1261 1
446 2021/06/06 0 1252 247905 1261 0
447 2021/06/07 0 1252 249166 1261 0
448 2021/06/08 0 1252 250427 1261 1
449 2021/06/09 0 1252 251688 1261 0
450 2021/06/10 0 1252 252949 1261 0
451 2021/06/11 1 1253 254211 1262 0
452 2021/06/12 0 1253 255473 1262 0
453 2021/06/13 0 1253 256735 1262 0
454 2021/06/14 0 1253 257997 1262 0
455 2021/06/15 0 1253 259259 1262 0
456 2021/06/16 0 1253 260521 1262 0
457 2021/06/17 0 1253 261783 1262 0
458 2021/06/18 1 1254 263046 1263 0
459 2021/06/19 1 1255 264310 1264 0
460 2021/06/20 0 1255 265574 1264 0
461 2021/06/21 0 1255 266838 1264 0
462 2021/06/22 0 1255 268102 1264 0
463 2021/06/23 0 1255 269366 1264 0
464 2021/06/24 0 1255 270630 1264 1
465 2021/06/25 0 1255 271894 1264 0
466 2021/06/26 0 1255 273158 1264 0
467 2021/06/27 0 1255 274422 1264 0
468 2021/06/28 0 1255 275686 1264 1
469 2021/06/29 0 1255 276950 1264 1
470 2021/06/30 0 1255 278214 1264 0
471 2021/07/01 0 1255 279478 1264 0
472 2021/07/02 1 1256 280743 1265 1
473 2021/07/03 1 1257 282009 1266 1
474 2021/07/04 1 1258 283276 1267 1
475 2021/07/05 0 1258 284543 1267 1
476 2021/07/06 0 1258 285810 1267 0
477 2021/07/07 2 1260 287079 1269 0
478 2021/07/08 1 1261 288349 1270 0
479 2021/07/09 0 1261 289619 1270 1
480 2021/07/10 1 1262 290890 1271 1
481 2021/07/11 0 1262 292161 1271 0
482 2021/07/12 0 1262 293432 1271 0
483 2021/07/13 2 1264 294705 1273 0
484 2021/07/14 1 1265 295979 1274 0
485 2021/07/15 0 1265 297253 1274 1
486 2021/07/16 0 1265 298527 1274 1
487 2021/07/17 1 1266 299802 1275 1
488 2021/07/18 0 1266 301077 1275 0
489 2021/07/19 1 1267 302353 1276 0
490 2021/07/20 2 1269 303631 1278 0
491 2021/07/21 5 1274 304914 1283 0
492 2021/07/22 3 1277 306200 1286 0
493 2021/07/23 1 1278 307487 1287 1
494 2021/07/24 2 1280 308776 1289 1
495 2021/07/25 3 1283 310068 1292 0
496 2021/07/26 1 1284 311361 1293 0
497 2021/07/27 1 1285 312655 1294 0
498 2021/07/28 4 1289 313953 1298 1
499 2021/07/29 0 1289 315251 1298 0
500 2021/07/30 1 1290 316550 1299 1
501 2021/07/31 2 1292 317851 1301 1
502 2021/08/01 1 1293 319153 1302 0
503 2021/08/02 2 1295 320457 1304 0
504 2021/08/03 5 1300 321766 1309 0
505 2021/08/04 0 1300 323075 1309 0
506 2021/08/05 0 1300 324384 1309 2
