dates I C D F E
1 2020/03/18 2 2 28 28 1
2 2020/03/19 6 8 62 34 1
3 2020/03/20 8 16 104 42 1
4 2020/03/21 1 17 147 43 1
5 2020/03/22 2 19 192 45 1
6 2020/03/23 2 21 239 47 1
7 2020/03/24 5 26 291 52 1
8 2020/03/25 4 30 347 56 1
9 2020/03/26 3 33 406 59 1
10 2020/03/27 3 36 468 62 1
11 2020/03/28 3 39 533 65 1
12 2020/03/29 1 40 599 66 3
13 2020/03/30 5 45 670 71 1
14 2020/03/31 5 50 746 76 1
15 2020/04/01 2 52 824 78 1
16 2020/04/02 1 53 903 79 1
17 2020/04/03 1 54 983 80 1
18 2020/04/04 3 57 1066 83 1
19 2020/04/05 3 60 1152 86 1
20 2020/04/06 7 67 1245 93 1
21 2020/04/07 5 72 1343 98 1
22 2020/04/08 8 80 1449 106 1
23 2020/04/09 9 89 1564 115 1
24 2020/04/10 18 107 1697 133 1
25 2020/04/11 11 118 1841 144 1
26 2020/04/12 6 124 1991 150 1
27 2020/04/13 14 138 2155 164 1
28 2020/04/14 6 144 2325 170 1
29 2020/04/15 5 149 2500 175 1
30 2020/04/16 8 157 2683 183 1
31 2020/04/17 3 160 2869 186 1
32 2020/04/18 5 165 3060 191 1
33 2020/04/19 4 169 3255 195 1
34 2020/04/20 8 177 3458 203 1
35 2020/04/21 9 186 3670 212 1
36 2020/04/22 3 189 3885 215 1
37 2020/04/23 7 196 4107 222 1
38 2020/04/24 4 200 4333 226 1
39 2020/04/25 7 207 4566 233 1
40 2020/04/26 2 209 4801 235 1
41 2020/04/27 7 216 5043 242 1
42 2020/04/28 7 223 5292 249 1
43 2020/04/29 6 229 5547 255 1
44 2020/04/30 8 237 5810 263 1
45 2020/05/01 10 247 6083 273 1
46 2020/05/02 4 251 6360 277 1
47 2020/05/03 6 257 6643 283 1
48 2020/05/04 9 266 6935 292 1
49 2020/05/05 11 277 7238 303 0
50 2020/05/06 14 291 7555 317 0
51 2020/05/07 8 299 7880 325 0
52 2020/05/08 8 307 8213 333 0
53 2020/05/09 8 315 8554 341 0
54 2020/05/10 7 322 8902 348 0
55 2020/05/11 14 336 9264 362 0
56 2020/05/12 3 339 9629 365 0
57 2020/05/13 7 346 10001 372 0
58 2020/05/14 10 356 10383 382 0
59 2020/05/15 10 366 10775 392 0
60 2020/05/16 6 372 11173 398 0
61 2020/05/17 15 387 11586 413 0
62 2020/05/18 20 407 12019 433 0
63 2020/05/19 11 418 12463 444 0
64 2020/05/20 12 430 12919 456 0
65 2020/05/21 14 444 13389 470 0
66 2020/05/22 12 456 13871 482 0
67 2020/05/23 11 467 14364 493 0
68 2020/05/24 14 481 14871 507 0
69 2020/05/25 28 509 15406 535 0
70 2020/05/26 30 539 15971 565 0
71 2020/05/27 28 567 16564 593 0
72 2020/05/28 40 607 17197 633 0
73 2020/05/29 33 640 17863 666 0
74 2020/05/30 30 670 18559 696 0
75 2020/05/31 16 686 19271 712 0
76 2020/06/01 73 759 20056 785 0
77 2020/06/02 26 785 20867 811 0
78 2020/06/03 29 814 21707 840 0
79 2020/06/04 28 842 22575 868 0
80 2020/06/05 35 877 23478 903 0
81 2020/06/06 32 909 24413 935 0
82 2020/06/07 24 933 25372 959 0
83 2020/06/08 47 980 26378 1006 0
84 2020/06/09 52 1032 27436 1058 0
85 2020/06/10 41 1073 28535 1099 0
86 2020/06/11 54 1127 29688 1153 0
87 2020/06/12 47 1174 30888 1200 0
88 2020/06/13 41 1215 32129 1241 0
89 2020/06/14 38 1253 33408 1279 0
90 2020/06/15 61 1314 34748 1340 0
91 2020/06/16 66 1380 36154 1406 0
92 2020/06/17 48 1428 37608 1454 0
93 2020/06/18 52 1480 39114 1506 0
94 2020/06/19 67 1547 40687 1573 0
95 2020/06/20 29 1576 42289 1602 0
96 2020/06/21 36 1612 43927 1638 0
97 2020/06/22 73 1685 45638 1711 0
98 2020/06/23 61 1746 47410 1772 0
99 2020/06/24 70 1816 49252 1842 0
100 2020/06/25 77 1893 51171 1919 0
101 2020/06/26 88 1981 53178 2007 0
102 2020/06/27 52 2033 55237 2059 0
103 2020/06/28 64 2097 57360 2123 0
104 2020/06/29 82 2179 59565 2205 0
105 2020/06/30 72 2251 61842 2277 0
106 2020/07/01 98 2349 64217 2375 0
107 2020/07/02 107 2456 66699 2482 0
108 2020/07/03 59 2515 69240 2541 0
109 2020/07/04 71 2586 71852 2612 0
110 2020/07/05 80 2666 74544 2692 0
111 2020/07/06 103 2769 77339 2795 0
112 2020/07/07 89 2858 80223 2884 0
113 2020/07/08 143 3001 83250 3027 0
114 2020/07/09 118 3119 86395 3145 0
115 2020/07/10 125 3244 89665 3270 0
116 2020/07/11 79 3323 93014 3349 0
117 2020/07/12 89 3412 96452 3438 0
118 2020/07/13 115 3527 100005 3553 0
119 2020/07/14 123 3650 103681 3676 0
120 2020/07/15 114 3764 107471 3790 0
121 2020/07/16 112 3876 111373 3902 0
122 2020/07/17 105 3981 115380 4007 0
123 2020/07/18 129 4110 119516 4136 1
124 2020/07/19 66 4176 123718 4202 0
125 2020/07/20 120 4296 128040 4322 0
126 2020/07/21 106 4402 132468 4428 0
127 2020/07/22 132 4534 137028 4560 0
128 2020/07/23 101 4635 141689 4661 0
129 2020/07/24 117 4752 146467 4778 0
130 2020/07/25 73 4825 151318 4851 0
131 2020/07/26 77 4902 156246 4928 0
132 2020/07/27 166 5068 161340 5094 0
133 2020/07/28 190 5258 166624 5284 0
134 2020/07/29 121 5379 172029 5405 0
135 2020/07/30 99 5478 177533 5504 0
136 2020/07/31 112 5590 183149 5616 0
137 2020/08/01 92 5682 188857 5708 0
138 2020/08/02 67 5749 194632 5775 0
139 2020/08/03 125 5874 200532 5900 0
140 2020/08/04 151 6025 206583 6051 0
141 2020/08/05 114 6139 212748 6165 0
142 2020/08/06 115 6254 219028 6280 0
143 2020/08/07 109 6363 225417 6389 0
144 2020/08/08 75 6438 231881 6464 0
145 2020/08/09 57 6495 238402 6521 0
146 2020/08/10 124 6619 245047 6645 0
147 2020/08/11 110 6729 251802 6755 0
148 2020/08/12 108 6837 258665 6863 0
149 2020/08/13 104 6941 265632 6967 0
150 2020/08/14 83 7024 272682 7050 0
151 2020/08/15 51 7075 279783 7101 0
152 2020/08/16 45 7120 286929 7146 0
153 2020/08/17 98 7218 294173 7244 0
154 2020/08/18 99 7317 301516 7343 0
155 2020/08/19 91 7408 308950 7434 0
156 2020/08/20 102 7510 316486 7536 0
157 2020/08/21 71 7581 324093 7607 0
158 2020/08/22 72 7653 331772 7679 0
159 2020/08/23 48 7701 339499 7727 0
160 2020/08/24 90 7791 347316 7817 0
161 2020/08/25 109 7900 355242 7926 0
162 2020/08/26 80 7980 363248 8006 0
163 2020/08/27 93 8073 371347 8099 0
164 2020/08/28 94 8167 379540 8193 0
165 2020/08/29 57 8224 387790 8250 0
166 2020/08/30 46 8270 396086 8296 0
167 2020/08/31 83 8353 404465 8379 0
168 2020/09/01 107 8460 412951 8486 0
169 2020/09/02 108 8568 421545 8594 0
170 2020/09/03 64 8632 430203 8658 0
171 2020/09/04 54 8686 438915 8712 0
172 2020/09/05 45 8731 447672 8757 0
173 2020/09/06 30 8761 456459 8787 0
174 2020/09/07 39 8800 465285 8826 0
175 2020/09/08 80 8880 474191 8906 0
176 2020/09/09 85 8965 483182 8991 0
177 2020/09/10 72 9037 492245 9063 0
178 2020/09/11 70 9107 501378 9133 0
179 2020/09/12 48 9155 510559 9181 0
180 2020/09/13 36 9191 519776 9217 0
181 2020/09/14 82 9273 529075 9299 0
182 2020/09/15 71 9344 538445 9370 0
183 2020/09/16 49 9393 547864 9419 0
184 2020/09/17 54 9447 557337 9473 0
185 2020/09/18 62 9509 566872 9535 0
186 2020/09/19 40 9549 576447 9575 0
187 2020/09/20 42 9591 586064 9617 0
188 2020/09/21 78 9669 595759 9695 0
189 2020/09/22 64 9733 605518 9759 0
190 2020/09/23 58 9791 615335 9817 0
191 2020/09/24 69 9860 625221 9886 0
192 2020/09/25 66 9926 635173 9952 0
193 2020/09/26 52 9978 645177 10004 0
194 2020/09/27 27 10005 655208 10031 0
195 2020/09/28 60 10065 665299 10091 0
196 2020/09/29 64 10129 675454 10155 0
197 2020/09/30 56 10185 685665 10211 0
198 2020/10/01 50 10235 695926 10261 0
199 2020/10/02 76 10311 706263 10337 0
200 2020/10/03 34 10345 716634 10371 0
201 2020/10/04 34 10379 727039 10405 0
202 2020/10/05 41 10420 737485 10446 0
203 2020/10/06 47 10467 747978 10493 0
204 2020/10/07 57 10524 758528 10550 0
205 2020/10/08 59 10583 769137 10609 0
206 2020/10/09 67 10650 779813 10676 0
207 2020/10/10 34 10684 790523 10710 0
208 2020/10/11 33 10717 801266 10743 0
209 2020/10/12 51 10768 812060 10794 0
210 2020/10/13 66 10834 822920 10860 0
211 2020/10/14 61 10895 833841 10921 0
212 2020/10/15 51 10946 844813 10972 0
213 2020/10/16 67 11013 855852 11039 0
214 2020/10/17 34 11047 866925 11073 0
215 2020/10/18 40 11087 878038 11113 0
216 2020/10/19 52 11139 889203 11165 0
217 2020/10/20 60 11199 900428 11225 0
218 2020/10/21 43 11242 911696 11268 0
219 2020/10/22 37 11279 923001 11305 0
220 2020/10/23 59 11338 934365 11364 0
221 2020/10/24 46 11384 945775 11410 0
222 2020/10/25 67 11451 957252 11477 0
223 2020/10/26 83 11534 968812 11560 0
224 2020/10/27 50 11584 980422 11610 0
225 2020/10/28 56 11640 992088 11666 0
226 2020/10/29 58 11698 1003812 11724 0
227 2020/10/30 81 11779 1015617 11805 0
228 2020/10/31 62 11841 1027484 11867 0
229 2020/11/01 70 11911 1039421 11937 0
230 2020/11/02 108 12019 1051466 12045 0
231 2020/11/03 107 12126 1063618 12152 0
232 2020/11/04 68 12194 1075838 12220 0
233 2020/11/05 204 12398 1088262 12424 0
234 2020/11/06 108 12506 1100794 12532 0
235 2020/11/07 118 12624 1113444 12650 0
236 2020/11/08 69 12693 1126163 12719 0
237 2020/11/09 144 12837 1139026 12863 0
238 2020/11/10 146 12983 1152035 13009 0
239 2020/11/11 138 13121 1165182 13147 0
240 2020/11/12 142 13263 1178471 13289 0
241 2020/11/13 121 13384 1191881 13410 0
242 2020/11/14 198 13582 1205489 13608 0
243 2020/11/15 96 13678 1219193 13704 0
244 2020/11/16 197 13875 1233094 13901 0
245 2020/11/17 243 14118 1247238 14144 0
246 2020/11/18 225 14343 1261607 14369 0
247 2020/11/19 192 14535 1276168 14561 0
248 2020/11/20 216 14751 1290945 14777 0
249 2020/11/21 125 14876 1305847 14902 0
250 2020/11/22 98 14974 1320847 15000 0
251 2020/11/23 241 15215 1336088 15241 0
252 2020/11/24 279 15494 1351608 15520 0
253 2020/11/25 258 15752 1367386 15778 0
254 2020/11/26 117 15869 1383281 15895 0
255 2020/11/27 236 16105 1399412 16131 0
256 2020/11/28 168 16273 1415711 16299 0
257 2020/11/29 167 16440 1432177 16466 0
258 2020/11/30 312 16752 1448955 16778 0
259 2020/12/01 428 17180 1466161 17206 1
260 2020/12/02 505 17685 1483872 17711 0
261 2020/12/03 475 18160 1502058 18186 0
262 2020/12/04 461 18621 1520705 18647 0
263 2020/12/05 208 18829 1539560 18855 0
264 2020/12/06 143 18972 1558558 18998 0
265 2020/12/07 619 19591 1578175 19617 0
266 2020/12/08 482 20073 1598274 20099 0
267 2020/12/09 568 20641 1618941 20667 0
268 2020/12/10 392 21033 1640000 21059 0
269 2020/12/11 478 21511 1661537 21537 0
270 2020/12/12 297 21808 1683371 21834 0
271 2020/12/13 110 21918 1705315 21944 0
272 2020/12/14 416 22334 1727675 22360 0
273 2020/12/15 516 22850 1750551 22876 0
274 2020/12/16 601 23451 1774028 23477 0
275 2020/12/17 553 24004 1798058 24030 0
276 2020/12/18 529 24533 1822617 24559 0
277 2020/12/19 297 24830 1847473 24856 0
278 2020/12/20 111 24941 1872440 24967 0
279 2020/12/21 475 25416 1897882 25442 0
280 2020/12/22 531 25947 1923855 25973 0
281 2020/12/23 660 26607 1950488 26633 0
282 2020/12/24 292 26899 1977413 26925 0
283 2020/12/25 101 27000 2004439 27026 0
284 2020/12/26 270 27270 2031735 27296 0
285 2020/12/27 131 27401 2059162 27427 1
286 2020/12/28 544 27945 2087133 27971 0
287 2020/12/29 834 28779 2115938 28805 0
288 2020/12/30 634 29413 2145377 29439 0
289 2020/12/31 598 30011 2175414 30037 0
290 2021/01/01 184 30195 2205635 30221 0
291 2021/01/02 239 30434 2236095 30460 0
292 2021/01/03 206 30640 2266761 30666 0
293 2021/01/04 590 31230 2298017 31256 0
294 2021/01/05 663 31893 2329936 31919 0
295 2021/01/06 578 32471 2362433 32497 0
296 2021/01/07 589 33060 2395519 33086 0
297 2021/01/08 532 33592 2429137 33618 0
298 2021/01/09 269 33861 2463024 33887 0
299 2021/01/10 142 34003 2497053 34029 0
300 2021/01/11 444 34447 2531526 34473 0
301 2021/01/12 532 34979 2566531 35005 0
302 2021/01/13 503 35482 2602039 35508 0
303 2021/01/14 417 35899 2637964 35925 0
304 2021/01/15 407 36306 2674296 36332 0
305 2021/01/16 207 36513 2710835 36539 0
306 2021/01/17 96 36609 2747470 36635 0
307 2021/01/18 232 36841 2784337 36867 0
308 2021/01/19 475 37316 2821679 37342 0
309 2021/01/20 326 37642 2859347 37668 0
310 2021/01/21 316 37958 2897331 37984 0
311 2021/01/22 280 38238 2935595 38264 0
312 2021/01/23 154 38392 2974013 38418 0
313 2021/01/24 81 38473 3012512 38499 0
314 2021/01/25 272 38745 3051283 38771 0
315 2021/01/26 256 39001 3090310 39027 0
316 2021/01/27 199 39200 3129536 39226 0
317 2021/01/28 202 39402 3168964 39428 0
318 2021/01/29 206 39608 3208598 39634 0
319 2021/01/30 121 39729 3248353 39755 0
320 2021/01/31 61 39790 3288169 39816 0
321 2021/02/01 179 39969 3328164 39995 0
322 2021/02/02 180 40149 3368339 40175 0
323 2021/02/03 137 40286 3408651 40312 0
324 2021/02/04 127 40413 3449090 40439 0
325 2021/02/05 109 40522 3489638 40548 0
326 2021/02/06 64 40586 3530250 40612 0
327 2021/02/07 56 40642 3570918 40668 0
328 2021/02/08 136 40778 3611722 40804 0
329 2021/02/09 123 40901 3652649 40927 0
330 2021/02/10 106 41007 3693682 41033 0
331 2021/02/11 79 41086 3734794 41112 0
332 2021/02/12 107 41193 3776013 41219 0
333 2021/02/13 45 41238 3817277 41264 0
334 2021/02/14 29 41267 3858570 41293 0
335 2021/02/15 50 41317 3899913 41343 0
336 2021/02/16 67 41384 3941323 41410 0
337 2021/02/17 76 41460 3982809 41486 0
338 2021/02/18 55 41515 4024350 41541 0
339 2021/02/19 63 41578 4065954 41604 0
340 2021/02/20 30 41608 4107588 41634 0
341 2021/02/21 19 41627 4149241 41653 0
342 2021/02/22 56 41683 4190950 41709 0
343 2021/02/23 53 41736 4232712 41762 0
344 2021/02/24 42 41778 4274516 41804 0
345 2021/02/25 26 41804 4316346 41830 0
346 2021/02/26 25 41829 4358201 41855 0
347 2021/02/27 26 41855 4400082 41881 0
348 2021/02/28 9 41864 4441972 41890 0
349 2021/03/01 31 41895 4483893 41921 0
350 2021/03/02 26 41921 4525840 41947 0
351 2021/03/03 27 41948 4567814 41974 0
352 2021/03/04 33 41981 4609821 42007 0
353 2021/03/05 20 42001 4651848 42027 0
354 2021/03/06 13 42014 4693888 42040 0
355 2021/03/07 5 42019 4735933 42045 0
356 2021/03/08 20 42039 4777998 42065 0
357 2021/03/09 21 42060 4820084 42086 0
358 2021/03/10 17 42077 4862187 42103 0
359 2021/03/11 22 42099 4904312 42125 0
360 2021/03/12 23 42122 4946460 42148 0
361 2021/03/13 14 42136 4988622 42162 0
362 2021/03/14 10 42146 5030794 42172 0
363 2021/03/15 22 42168 5072988 42194 0
364 2021/03/16 28 42196 5115210 42222 0
365 2021/03/17 19 42215 5157451 42241 0
366 2021/03/18 19 42234 5199711 42260 0
367 2021/03/19 13 42247 5241984 42273 0
368 2021/03/20 10 42257 5284267 42283 1
369 2021/03/21 9 42266 5326559 42292 0
370 2021/03/22 25 42291 5368876 42317 0
371 2021/03/23 17 42308 5411210 42334 0
372 2021/03/24 11 42319 5453555 42345 0
373 2021/03/25 22 42341 5495922 42367 0
374 2021/03/26 21 42362 5538310 42388 0
375 2021/03/27 11 42373 5580709 42399 1
376 2021/03/28 10 42383 5623118 42409 0
377 2021/03/29 24 42407 5665551 42433 0
378 2021/03/30 18 42425 5708002 42451 0
379 2021/03/31 26 42451 5750479 42477 0
380 2021/04/01 17 42468 5792973 42494 0
381 2021/04/02 8 42476 5835475 42502 0
382 2021/04/03 10 42486 5877987 42512 0
383 2021/04/04 13 42499 5920512 42525 0
384 2021/04/05 17 42516 5963054 42542 0
385 2021/04/06 13 42529 6005609 42555 0
386 2021/04/07 9 42538 6048173 42564 0
387 2021/04/08 18 42556 6090755 42582 0
388 2021/04/09 21 42577 6133358 42603 0
389 2021/04/10 9 42586 6175970 42612 0
390 2021/04/11 11 42597 6218593 42623 0
391 2021/04/12 6 42603 6261222 42629 0
392 2021/04/13 14 42617 6303865 42643 0
393 2021/04/14 11 42628 6346519 42654 0
394 2021/04/15 16 42644 6389189 42670 0
395 2021/04/16 10 42654 6431869 42680 0
396 2021/04/17 11 42665 6474560 42691 0
397 2021/04/18 9 42674 6517260 42700 0
398 2021/04/19 12 42686 6559972 42712 0
399 2021/04/20 13 42699 6602697 42725 0
400 2021/04/21 11 42710 6645433 42736 0
401 2021/04/22 15 42725 6688184 42751 0
402 2021/04/23 7 42732 6730942 42758 0
403 2021/04/24 6 42738 6773706 42764 0
404 2021/04/25 12 42750 6816482 42776 0
405 2021/04/26 13 42763 6859271 42789 0
406 2021/04/27 16 42779 6902076 42805 0
407 2021/04/28 17 42796 6944898 42822 0
408 2021/04/29 5 42801 6987725 42827 0
409 2021/04/30 15 42816 7030567 42842 0
410 2021/05/01 14 42830 7073423 42856 0
411 2021/05/02 6 42836 7116285 42862 0
412 2021/05/03 13 42849 7159160 42875 0
413 2021/05/04 10 42859 7202045 42885 0
414 2021/05/05 12 42871 7244942 42897 1
415 2021/05/06 13 42884 7287852 42910 0
416 2021/05/07 15 42899 7330777 42925 0
417 2021/05/08 6 42905 7373708 42931 0
418 2021/05/09 5 42910 7416644 42936 0
419 2021/05/10 17 42927 7459597 42953 0
420 2021/05/11 5 42932 7502555 42958 0
421 2021/05/12 8 42940 7545521 42966 0
422 2021/05/13 11 42951 7588498 42977 0
423 2021/05/14 13 42964 7631488 42990 0
424 2021/05/15 5 42969 7674483 42995 1
425 2021/05/16 4 42973 7717482 42999 0
426 2021/05/17 5 42978 7760486 43004 0
427 2021/05/18 7 42985 7803497 43011 0
428 2021/05/19 5 42990 7846513 43016 1
429 2021/05/20 6 42996 7889535 43022 0
430 2021/05/21 6 43002 7932563 43028 0
431 2021/05/22 2 43004 7975593 43030 0
432 2021/05/23 6 43010 8018629 43036 0
433 2021/05/24 10 43020 8061675 43046 0
434 2021/05/25 5 43025 8104726 43051 0
435 2021/05/26 4 43029 8147781 43055 0
436 2021/05/27 4 43033 8190840 43059 0
437 2021/05/28 6 43039 8233905 43065 0
438 2021/05/29 1 43040 8276971 43066 0
439 2021/05/30 3 43043 8320040 43069 0
440 2021/05/31 3 43046 8363112 43072 0
441 2021/06/01 2 43048 8406186 43074 0
442 2021/06/02 3 43051 8449263 43077 0
443 2021/06/03 2 43053 8492342 43079 0
444 2021/06/04 1 43054 8535422 43080 0
445 2021/06/05 5 43059 8578507 43085 0
446 2021/06/06 1 43060 8621593 43086 0
447 2021/06/07 2 43062 8664681 43088 1
448 2021/06/08 2 43064 8707771 43090 0
449 2021/06/09 0 43064 8750861 43090 0
450 2021/06/10 0 43064 8793951 43090 2
