dates I C D F E
1 2020/03/18 3 1702643 29472 0 1
2 2020/03/19 3 1702646 29472 0 1
3 2020/03/20 2 1702648 29472 0 1
4 2020/03/21 1 1702649 29473 1 1
5 2020/03/22 0 1702649 29473 0 1
6 2020/03/23 4 1702653 29473 0 1
7 2020/03/24 2 1702655 29473 0 1
8 2020/03/25 3 1702658 29473 0 1
9 2020/03/26 0 1702658 29473 0 1
10 2020/03/27 1 1702659 29473 0 1
11 2020/03/28 0 1702659 29473 0 1
12 2020/03/29 5 1702664 29473 0 2
13 2020/03/30 2 1702666 29473 0 1
14 2020/03/31 1 1702667 29473 0 1
15 2020/04/01 1 1702668 29473 0 1
16 2020/04/02 2 1702670 29473 0 1
17 2020/04/03 0 1702670 29473 0 1
18 2020/04/04 1 1702671 29473 0 1
19 2020/04/05 0 1702671 29473 0 1
20 2020/04/06 2 1702673 29473 0 1
21 2020/04/07 0 1702673 29473 0 1
22 2020/04/08 2 1702675 29473 0 1
23 2020/04/09 1 1702676 29473 0 1
24 2020/04/10 4 1702680 29473 0 1
25 2020/04/11 3 1702683 29473 0 1
26 2020/04/12 0 1702683 29473 0 1
27 2020/04/13 2 1702685 29473 0 1
28 2020/04/14 2 1702687 29473 0 1
29 2020/04/15 0 1702687 29473 0 1
30 2020/04/16 2 1702689 29473 0 1
31 2020/04/17 3 1702692 29473 0 1
32 2020/04/18 2 1702694 29473 0 1
33 2020/04/19 0 1702694 29473 0 1
34 2020/04/20 2 1702696 29473 0 1
35 2020/04/21 0 1702696 29473 0 1
36 2020/04/22 1 1702697 29473 0 1
37 2020/04/23 1 1702698 29473 0 1
38 2020/04/24 7 1702705 29473 0 1
39 2020/04/25 1 1702706 29473 0 1
40 2020/04/26 0 1702706 29473 0 1
41 2020/04/27 1 1702707 29473 0 1
42 2020/04/28 3 1702710 29473 0 1
43 2020/04/29 1 1702711 29473 0 1
44 2020/04/30 2 1702713 29473 0 1
45 2020/05/01 2 1702715 29474 1 1
46 2020/05/02 0 1702715 29474 0 1
47 2020/05/03 0 1702715 29474 0 1
48 2020/05/04 0 1702715 29474 0 1
49 2020/05/05 0 1702715 29474 0 0
50 2020/05/06 0 1702715 29474 0 0
51 2020/05/07 1 1702716 29474 0 0
52 2020/05/08 0 1702716 29474 0 0
53 2020/05/09 1 1702717 29474 0 0
54 2020/05/10 1 1702718 29474 0 0
55 2020/05/11 6 1702724 29474 0 0
56 2020/05/12 6 1702730 29474 0 0
57 2020/05/13 2 1702732 29474 0 0
58 2020/05/14 0 1702732 29474 0 0
59 2020/05/15 2 1702734 29474 0 0
60 2020/05/16 0 1702734 29474 0 0
61 2020/05/17 0 1702734 29474 0 0
62 2020/05/18 3 1702737 29474 0 0
63 2020/05/19 4 1702741 29474 0 0
64 2020/05/20 1 1702742 29474 0 0
65 2020/05/21 7 1702749 29474 0 0
66 2020/05/22 2 1702751 29474 0 0
67 2020/05/23 2 1702753 29474 0 0
68 2020/05/24 4 1702757 29474 0 0
69 2020/05/25 2 1702759 29474 0 0
70 2020/05/26 0 1702759 29474 0 0
71 2020/05/27 5 1702764 29474 0 0
72 2020/05/28 5 1702769 29474 0 0
73 2020/05/29 3 1702772 29474 0 0
74 2020/05/30 3 1702775 29474 0 0
75 2020/05/31 2 1702777 29474 0 0
76 2020/06/01 2 1702779 29474 0 0
77 2020/06/02 3 1702782 29474 0 0
78 2020/06/03 9 1702791 29474 0 0
79 2020/06/04 1 1702792 29474 0 0
80 2020/06/05 4 1702796 29474 0 0
81 2020/06/06 3 1702799 29474 0 0
82 2020/06/07 6 1702805 29474 0 0
83 2020/06/08 8 1702813 29474 0 0
84 2020/06/09 16 1702829 29474 0 0
85 2020/06/10 10 1702839 29475 1 0
86 2020/06/11 3 1702842 29475 0 0
87 2020/06/12 9 1702851 29476 1 0
88 2020/06/13 3 1702854 29476 0 0
89 2020/06/14 3 1702857 29476 0 0
90 2020/06/15 22 1702879 29476 0 0
91 2020/06/16 8 1702887 29476 0 0
92 2020/06/17 15 1702902 29476 0 0
93 2020/06/18 15 1702917 29476 0 0
94 2020/06/19 15 1702932 29476 0 0
95 2020/06/20 10 1702942 29476 0 0
96 2020/06/21 9 1702951 29476 0 0
97 2020/06/22 15 1702966 29476 0 0
98 2020/06/23 24 1702990 29476 0 0
99 2020/06/24 15 1703005 29476 0 0
100 2020/06/25 19 1703024 29476 0 0
101 2020/06/26 19 1703043 29476 0 0
102 2020/06/27 10 1703053 29476 0 0
103 2020/06/28 10 1703063 29476 0 0
104 2020/06/29 34 1703097 29476 0 0
105 2020/06/30 21 1703118 29476 0 0
106 2020/07/01 25 1703143 29476 0 0
107 2020/07/02 23 1703166 29476 0 0
108 2020/07/03 17 1703183 29477 1 0
109 2020/07/04 18 1703201 29477 0 0
110 2020/07/05 9 1703210 29477 0 0
111 2020/07/06 30 1703240 29477 0 0
112 2020/07/07 18 1703258 29477 0 0
113 2020/07/08 19 1703277 29477 0 0
114 2020/07/09 21 1703298 29477 0 0
115 2020/07/10 17 1703315 29477 0 0
116 2020/07/11 11 1703326 29477 0 0
117 2020/07/12 12 1703338 29477 0 0
118 2020/07/13 32 1703370 29477 0 0
119 2020/07/14 36 1703406 29478 1 0
120 2020/07/15 56 1703462 29478 0 0
121 2020/07/16 26 1703488 29478 0 0
122 2020/07/17 29 1703517 29478 0 0
123 2020/07/18 14 1703531 29478 0 0
124 2020/07/19 11 1703542 29479 1 0
125 2020/07/20 30 1703572 29481 2 0
126 2020/07/21 37 1703609 29481 0 0
127 2020/07/22 27 1703636 29481 0 0
128 2020/07/23 22 1703658 29481 0 0
129 2020/07/24 24 1703682 29481 0 0
130 2020/07/25 13 1703695 29481 0 0
131 2020/07/26 13 1703708 29481 0 0
132 2020/07/27 19 1703727 29481 0 0
133 2020/07/28 15 1703742 29481 0 0
134 2020/07/29 22 1703764 29481 0 0
135 2020/07/30 28 1703792 29481 0 0
136 2020/07/31 17 1703809 29481 0 0
137 2020/08/01 12 1703821 29481 0 0
138 2020/08/02 9 1703830 29481 0 0
139 2020/08/03 15 1703845 29481 0 0
140 2020/08/04 15 1703860 29482 1 0
141 2020/08/05 14 1703874 29483 1 0
142 2020/08/06 12 1703886 29483 0 0
143 2020/08/07 14 1703900 29483 0 0
144 2020/08/08 5 1703905 29483 0 0
145 2020/08/09 8 1703913 29483 0 0
146 2020/08/10 19 1703932 29483 0 0
147 2020/08/11 17 1703949 29483 0 0
148 2020/08/12 12 1703961 29483 0 1
149 2020/08/13 9 1703970 29483 0 0
150 2020/08/14 9 1703979 29483 0 0
151 2020/08/15 10 1703989 29483 0 0
152 2020/08/16 9 1703998 29483 0 0
153 2020/08/17 19 1704017 29483 0 0
154 2020/08/18 21 1704038 29484 1 0
155 2020/08/19 3 1704041 29484 0 0
156 2020/08/20 5 1704046 29484 0 0
157 2020/08/21 9 1704055 29484 0 0
158 2020/08/22 9 1704064 29484 0 0
159 2020/08/23 5 1704069 29484 0 1
160 2020/08/24 12 1704081 29484 0 0
161 2020/08/25 13 1704094 29484 0 0
162 2020/08/26 7 1704101 29484 0 0
163 2020/08/27 13 1704114 29484 0 0
164 2020/08/28 6 1704120 29484 0 0
165 2020/08/29 8 1704128 29484 0 0
166 2020/08/30 3 1704131 29484 0 0
167 2020/08/31 12 1704143 29484 0 0
168 2020/09/01 8 1704151 29484 0 0
169 2020/09/02 15 1704166 29484 0 0
170 2020/09/03 12 1704178 29484 0 0
171 2020/09/04 7 1704185 29484 0 0
172 2020/09/05 9 1704194 29484 0 0
173 2020/09/06 6 1704200 29484 0 0
174 2020/09/07 6 1704206 29484 0 0
175 2020/09/08 12 1704218 29484 0 0
176 2020/09/09 4 1704222 29484 0 0
177 2020/09/10 10 1704232 29484 0 0
178 2020/09/11 6 1704238 29484 0 0
179 2020/09/12 11 1704249 29484 0 0
180 2020/09/13 3 1704252 29484 0 0
181 2020/09/14 7 1704259 29484 0 0
182 2020/09/15 17 1704276 29484 0 0
183 2020/09/16 13 1704289 29484 0 0
184 2020/09/17 14 1704303 29484 0 0
185 2020/09/18 11 1704314 29484 0 0
186 2020/09/19 6 1704320 29484 0 0
187 2020/09/20 8 1704328 29484 0 0
188 2020/09/21 9 1704337 29484 0 0
189 2020/09/22 11 1704348 29484 0 0
190 2020/09/23 17 1704365 29484 0 0
191 2020/09/24 9 1704374 29485 1 0
192 2020/09/25 12 1704386 29485 0 0
193 2020/09/26 2 1704388 29485 0 0
194 2020/09/27 2 1704390 29485 0 0
195 2020/09/28 5 1704395 29485 0 0
196 2020/09/29 12 1704407 29485 0 0
197 2020/09/30 3 1704410 29485 0 0
198 2020/10/01 14 1704424 29485 0 0
199 2020/10/02 8 1704432 29485 0 0
200 2020/10/03 6 1704438 29486 1 0
201 2020/10/04 4 1704442 29486 0 0
202 2020/10/05 12 1704454 29486 0 0
203 2020/10/06 10 1704464 29486 0 0
204 2020/10/07 6 1704470 29486 0 0
205 2020/10/08 13 1704483 29486 0 0
206 2020/10/09 15 1704498 29486 0 0
207 2020/10/10 10 1704508 29486 0 0
208 2020/10/11 7 1704515 29486 0 0
209 2020/10/12 16 1704531 29486 0 0
210 2020/10/13 8 1704539 29486 0 0
211 2020/10/14 10 1704549 29486 0 0
212 2020/10/15 17 1704566 29486 0 0
213 2020/10/16 13 1704579 29486 0 0
214 2020/10/17 8 1704587 29486 0 0
215 2020/10/18 7 1704594 29486 0 0
216 2020/10/19 11 1704605 29486 0 0
217 2020/10/20 14 1704619 29486 0 0
218 2020/10/21 19 1704638 29486 0 0
219 2020/10/22 16 1704654 29486 0 0
220 2020/10/23 14 1704668 29486 0 0
221 2020/10/24 8 1704676 29486 0 0
222 2020/10/25 18 1704694 29486 0 0
223 2020/10/26 30 1704724 29487 1 0
224 2020/10/27 32 1704756 29489 2 0
225 2020/10/28 17 1704773 29489 0 0
226 2020/10/29 26 1704799 29489 0 0
227 2020/10/30 21 1704820 29489 0 0
228 2020/10/31 19 1704839 29490 1 0
229 2020/11/01 19 1704858 29490 0 0
230 2020/11/02 33 1704891 29490 0 0
231 2020/11/03 43 1704934 29490 0 0
232 2020/11/04 37 1704971 29490 0 0
233 2020/11/05 54 1705025 29490 0 0
234 2020/11/06 27 1705052 29490 0 0
235 2020/11/07 25 1705077 29490 0 0
236 2020/11/08 31 1705108 29490 0 0
237 2020/11/09 40 1705148 29490 0 0
238 2020/11/10 43 1705191 29490 0 0
239 2020/11/11 40 1705231 29490 0 0
240 2020/11/12 52 1705283 29490 0 0
241 2020/11/13 61 1705344 29490 0 0
242 2020/11/14 39 1705383 29490 0 0
243 2020/11/15 33 1705416 29490 0 0
244 2020/11/16 58 1705474 29490 0 0
245 2020/11/17 76 1705550 29491 1 0
246 2020/11/18 57 1705607 29491 0 0
247 2020/11/19 45 1705652 29491 0 0
248 2020/11/20 56 1705708 29492 1 0
249 2020/11/21 28 1705736 29492 0 0
250 2020/11/22 33 1705769 29493 1 0
251 2020/11/23 81 1705850 29495 2 0
252 2020/11/24 66 1705916 29497 2 0
253 2020/11/25 65 1705981 29497 0 0
254 2020/11/26 33 1706014 29498 1 0
255 2020/11/27 65 1706079 29498 0 0
256 2020/11/28 37 1706116 29499 1 0
257 2020/11/29 47 1706163 29499 0 0
258 2020/11/30 101 1706264 29499 0 0
259 2020/12/01 88 1706352 29499 0 0
260 2020/12/02 82 1706434 29499 0 0
261 2020/12/03 96 1706530 29499 0 0
262 2020/12/04 107 1706637 29500 1 0
263 2020/12/05 41 1706678 29501 1 0
264 2020/12/06 61 1706739 29502 1 0
265 2020/12/07 98 1706837 29502 0 0
266 2020/12/08 89 1706926 29502 0 0
267 2020/12/09 94 1707020 29503 1 1
268 2020/12/10 89 1707109 29504 1 0
269 2020/12/11 98 1707207 29505 1 0
270 2020/12/12 55 1707262 29505 0 0
271 2020/12/13 45 1707307 29505 0 0
272 2020/12/14 103 1707410 29506 1 0
273 2020/12/15 101 1707511 29508 2 0
274 2020/12/16 105 1707616 29508 0 0
275 2020/12/17 100 1707716 29510 2 0
276 2020/12/18 117 1707833 29510 0 0
277 2020/12/19 39 1707872 29510 0 0
278 2020/12/20 55 1707927 29512 2 0
279 2020/12/21 130 1708057 29512 0 0
280 2020/12/22 93 1708150 29514 2 0
281 2020/12/23 91 1708241 29514 0 0
282 2020/12/24 67 1708308 29514 0 0
283 2020/12/25 54 1708362 29514 0 0
284 2020/12/26 84 1708446 29514 0 0
285 2020/12/27 44 1708490 29514 0 0
286 2020/12/28 120 1708610 29516 2 0
287 2020/12/29 111 1708721 29519 3 0
288 2020/12/30 134 1708855 29521 2 0
289 2020/12/31 111 1708966 29521 0 0
290 2021/01/01 52 1709018 29522 1 0
291 2021/01/02 88 1709106 29522 0 0
292 2021/01/03 52 1709158 29524 2 0
293 2021/01/04 101 1709259 29525 1 0
294 2021/01/05 139 1709398 29528 3 0
295 2021/01/06 82 1709480 29528 0 0
296 2021/01/07 116 1709596 29529 1 0
297 2021/01/08 142 1709738 29531 2 0
298 2021/01/09 81 1709819 29531 0 0
299 2021/01/10 72 1709891 29531 0 0
300 2021/01/11 98 1709989 29532 1 0
301 2021/01/12 104 1710093 29533 1 0
302 2021/01/13 79 1710172 29535 2 0
303 2021/01/14 116 1710288 29536 1 0
304 2021/01/15 86 1710374 29536 0 0
305 2021/01/16 57 1710431 29537 1 0
306 2021/01/17 35 1710466 29537 0 1
307 2021/01/18 59 1710525 29540 3 0
308 2021/01/19 91 1710616 29540 0 0
309 2021/01/20 60 1710676 29540 0 0
310 2021/01/21 98 1710774 29540 0 0
311 2021/01/22 65 1710839 29540 0 0
312 2021/01/23 46 1710885 29541 1 0
313 2021/01/24 21 1710906 29541 0 0
314 2021/01/25 45 1710951 29541 0 0
315 2021/01/26 35 1710986 29541 0 0
316 2021/01/27 58 1711044 29541 0 0
317 2021/01/28 71 1711115 29541 0 0
318 2021/01/29 52 1711167 29542 1 0
319 2021/01/30 33 1711200 29542 0 0
320 2021/01/31 16 1711216 29543 1 0
321 2021/02/01 43 1711259 29543 0 0
322 2021/02/02 33 1711292 29544 1 0
323 2021/02/03 29 1711321 29544 0 0
324 2021/02/04 35 1711356 29544 0 0
325 2021/02/05 29 1711385 29545 1 0
326 2021/02/06 14 1711399 29545 0 0
327 2021/02/07 13 1711412 29545 0 0
328 2021/02/08 23 1711435 29545 0 0
329 2021/02/09 15 1711450 29545 0 0
330 2021/02/10 12 1711462 29545 0 0
331 2021/02/11 18 1711480 29545 0 0
332 2021/02/12 21 1711501 29545 0 0
333 2021/02/13 12 1711513 29545 0 0
334 2021/02/14 8 1711521 29545 0 0
335 2021/02/15 17 1711538 29545 0 0
336 2021/02/16 14 1711552 29545 0 0
337 2021/02/17 13 1711565 29545 0 0
338 2021/02/18 15 1711580 29546 1 0
339 2021/02/19 17 1711597 29546 0 0
340 2021/02/20 13 1711610 29546 0 0
341 2021/02/21 10 1711620 29546 0 0
342 2021/02/22 16 1711636 29546 0 0
343 2021/02/23 26 1711662 29546 0 0
344 2021/02/24 10 1711672 29546 0 0
345 2021/02/25 19 1711691 29546 0 0
346 2021/02/26 20 1711711 29546 0 0
347 2021/02/27 6 1711717 29546 0 0
348 2021/02/28 9 1711726 29546 0 1
349 2021/03/01 13 1711739 29546 0 0
350 2021/03/02 9 1711748 29546 0 0
351 2021/03/03 12 1711760 29546 0 0
352 2021/03/04 13 1711773 29546 0 0
353 2021/03/05 8 1711781 29546 0 0
354 2021/03/06 5 1711786 29546 0 0
355 2021/03/07 2 1711788 29546 0 0
356 2021/03/08 11 1711799 29546 0 0
357 2021/03/09 6 1711805 29546 0 0
358 2021/03/10 5 1711810 29546 0 0
359 2021/03/11 0 1711810 29546 0 0
360 2021/03/12 0 1711810 29546 0 2
