dates I C D F E
1 2020/03/18 1 1 16 16 1
2 2020/03/19 2 3 34 18 1
3 2020/03/20 2 5 54 20 1
4 2020/03/21 3 8 77 23 1
5 2020/03/22 0 8 100 23 1
6 2020/03/23 4 12 127 27 1
7 2020/03/24 3 15 157 30 1
8 2020/03/25 1 16 188 31 1
9 2020/03/26 1 17 220 32 1
10 2020/03/27 0 17 252 32 2
11 2020/03/28 0 17 284 32 1
12 2020/03/29 0 17 316 32 2
13 2020/03/30 2 19 350 34 1
14 2020/03/31 1 20 385 35 1
15 2020/04/01 0 20 420 35 1
16 2020/04/02 0 20 455 35 1
17 2020/04/03 1 21 491 36 1
18 2020/04/04 0 21 527 36 1
19 2020/04/05 0 21 563 36 1
20 2020/04/06 0 21 599 36 1
21 2020/04/07 0 21 635 36 1
22 2020/04/08 0 21 671 36 1
23 2020/04/09 0 21 707 36 1
24 2020/04/10 1 22 744 37 1
25 2020/04/11 0 22 781 37 1
26 2020/04/12 0 22 818 37 1
27 2020/04/13 0 22 855 37 1
28 2020/04/14 0 22 892 37 1
29 2020/04/15 0 22 929 37 1
30 2020/04/16 1 23 967 38 1
31 2020/04/17 0 23 1005 38 1
32 2020/04/18 1 24 1044 39 1
33 2020/04/19 1 25 1084 40 1
34 2020/04/20 1 26 1125 41 1
35 2020/04/21 0 26 1166 41 1
36 2020/04/22 0 26 1207 41 1
37 2020/04/23 0 26 1248 41 1
38 2020/04/24 0 26 1289 41 1
39 2020/04/25 0 26 1330 41 1
40 2020/04/26 0 26 1371 41 1
41 2020/04/27 0 26 1412 41 1
42 2020/04/28 0 26 1453 41 1
43 2020/04/29 0 26 1494 41 1
44 2020/04/30 0 26 1535 41 1
45 2020/05/01 0 26 1576 41 1
46 2020/05/02 0 26 1617 41 1
47 2020/05/03 0 26 1658 41 1
48 2020/05/04 0 26 1699 41 1
49 2020/05/05 0 26 1740 41 0
50 2020/05/06 0 26 1781 41 0
51 2020/05/07 0 26 1822 41 0
52 2020/05/08 0 26 1863 41 0
53 2020/05/09 0 26 1904 41 0
54 2020/05/10 0 26 1945 41 0
55 2020/05/11 0 26 1986 41 0
56 2020/05/12 0 26 2027 41 0
57 2020/05/13 0 26 2068 41 0
58 2020/05/14 0 26 2109 41 0
59 2020/05/15 1 27 2151 42 0
60 2020/05/16 0 27 2193 42 0
61 2020/05/17 0 27 2235 42 0
62 2020/05/18 0 27 2277 42 0
63 2020/05/19 0 27 2319 42 0
64 2020/05/20 0 27 2361 42 0
65 2020/05/21 0 27 2403 42 0
66 2020/05/22 0 27 2445 42 0
67 2020/05/23 1 28 2488 43 0
68 2020/05/24 0 28 2531 43 0
69 2020/05/25 0 28 2574 43 0
70 2020/05/26 0 28 2617 43 0
71 2020/05/27 1 29 2661 44 0
72 2020/05/28 1 30 2706 45 0
73 2020/05/29 5 35 2756 50 0
74 2020/05/30 0 35 2806 50 0
75 2020/05/31 0 35 2856 50 0
76 2020/06/01 1 36 2907 51 0
77 2020/06/02 0 36 2958 51 0
78 2020/06/03 1 37 3010 52 0
79 2020/06/04 1 38 3063 53 0
80 2020/06/05 1 39 3117 54 0
81 2020/06/06 0 39 3171 54 0
82 2020/06/07 1 40 3226 55 0
83 2020/06/08 1 41 3282 56 0
84 2020/06/09 1 42 3339 57 0
85 2020/06/10 8 50 3404 65 0
86 2020/06/11 2 52 3471 67 0
87 2020/06/12 6 58 3544 73 0
88 2020/06/13 6 64 3623 79 0
89 2020/06/14 2 66 3704 81 0
90 2020/06/15 4 70 3789 85 0
91 2020/06/16 6 76 3880 91 0
92 2020/06/17 3 79 3974 94 0
93 2020/06/18 4 83 4072 98 0
94 2020/06/19 4 87 4174 102 0
95 2020/06/20 3 90 4279 105 0
96 2020/06/21 3 93 4387 108 0
97 2020/06/22 3 96 4498 111 0
98 2020/06/23 5 101 4614 116 0
99 2020/06/24 6 107 4736 122 0
100 2020/06/25 6 113 4864 128 0
101 2020/06/26 8 121 5000 136 0
102 2020/06/27 4 125 5140 140 0
103 2020/06/28 4 129 5284 144 0
104 2020/06/29 10 139 5438 154 0
105 2020/06/30 3 142 5595 157 0
106 2020/07/01 8 150 5760 165 0
107 2020/07/02 10 160 5935 175 0
108 2020/07/03 6 166 6116 181 0
109 2020/07/04 1 167 6298 182 0
110 2020/07/05 3 170 6483 185 0
111 2020/07/06 6 176 6674 191 0
112 2020/07/07 6 182 6871 197 0
113 2020/07/08 6 188 7074 203 0
114 2020/07/09 9 197 7286 212 0
115 2020/07/10 6 203 7504 218 0
116 2020/07/11 5 208 7727 223 0
117 2020/07/12 9 217 7959 232 0
118 2020/07/13 10 227 8201 242 0
119 2020/07/14 15 242 8458 257 0
120 2020/07/15 17 259 8732 274 0
121 2020/07/16 4 263 9010 278 0
122 2020/07/17 3 266 9291 281 0
123 2020/07/18 6 272 9578 287 0
124 2020/07/19 4 276 9869 291 0
125 2020/07/20 6 282 10166 297 0
126 2020/07/21 8 290 10471 305 0
127 2020/07/22 2 292 10778 307 0
128 2020/07/23 6 298 11091 313 0
129 2020/07/24 3 301 11407 316 0
130 2020/07/25 3 304 11726 319 0
131 2020/07/26 2 306 12047 321 0
132 2020/07/27 3 309 12371 324 0
133 2020/07/28 4 313 12699 328 0
134 2020/07/29 5 318 13032 333 0
135 2020/07/30 4 322 13369 337 0
136 2020/07/31 5 327 13711 342 0
137 2020/08/01 2 329 14055 344 0
138 2020/08/02 4 333 14403 348 0
139 2020/08/03 3 336 14754 351 0
140 2020/08/04 5 341 15110 356 0
141 2020/08/05 1 342 15467 357 0
142 2020/08/06 9 351 15833 366 2
143 2020/08/07 5 356 16204 371 0
144 2020/08/08 3 359 16578 374 0
145 2020/08/09 2 361 16954 376 0
146 2020/08/10 8 369 17338 384 0
147 2020/08/11 8 377 17730 392 0
148 2020/08/12 3 380 18125 395 1
149 2020/08/13 5 385 18525 400 0
150 2020/08/14 4 389 18929 404 0
151 2020/08/15 4 393 19337 408 1
152 2020/08/16 0 393 19745 408 0
153 2020/08/17 11 404 20164 419 0
154 2020/08/18 5 409 20588 424 0
155 2020/08/19 7 416 21019 431 0
156 2020/08/20 7 423 21457 438 0
157 2020/08/21 1 424 21896 439 0
158 2020/08/22 1 425 22336 440 0
159 2020/08/23 0 425 22776 440 0
160 2020/08/24 5 430 23221 445 0
161 2020/08/25 5 435 23671 450 0
162 2020/08/26 3 438 24124 453 0
163 2020/08/27 3 441 24580 456 0
164 2020/08/28 3 444 25039 459 0
165 2020/08/29 1 445 25499 460 0
166 2020/08/30 0 445 25959 460 0
167 2020/08/31 3 448 26422 463 0
168 2020/09/01 2 450 26887 465 0
169 2020/09/02 6 456 27358 471 0
170 2020/09/03 6 462 27835 477 0
171 2020/09/04 3 465 28315 480 0
172 2020/09/05 3 468 28798 483 0
173 2020/09/06 3 471 29284 486 0
174 2020/09/07 0 471 29770 486 0
175 2020/09/08 2 473 30258 488 0
176 2020/09/09 0 473 30746 488 0
177 2020/09/10 4 477 31238 492 0
178 2020/09/11 4 481 31734 496 0
179 2020/09/12 7 488 32237 503 1
180 2020/09/13 1 489 32741 504 0
181 2020/09/14 8 497 33253 512 0
182 2020/09/15 5 502 33770 517 0
183 2020/09/16 5 507 34292 522 0
184 2020/09/17 5 512 34819 527 1
185 2020/09/18 2 514 35348 529 0
186 2020/09/19 3 517 35880 532 0
187 2020/09/20 2 519 36414 534 0
188 2020/09/21 3 522 36951 537 0
189 2020/09/22 2 524 37490 539 0
190 2020/09/23 0 524 38029 539 0
191 2020/09/24 1 525 38569 540 0
192 2020/09/25 1 526 39110 541 0
193 2020/09/26 2 528 39653 543 0
194 2020/09/27 0 528 40196 543 0
195 2020/09/28 1 529 40740 544 0
196 2020/09/29 8 537 41292 552 0
197 2020/09/30 5 542 41849 557 0
198 2020/10/01 2 544 42408 559 0
199 2020/10/02 1 545 42968 560 0
200 2020/10/03 3 548 43531 563 0
201 2020/10/04 2 550 44096 565 0
202 2020/10/05 4 554 44665 569 0
203 2020/10/06 3 557 45237 572 0
204 2020/10/07 2 559 45811 574 0
205 2020/10/08 4 563 46389 578 0
206 2020/10/09 3 566 46970 581 0
207 2020/10/10 5 571 47556 586 0
208 2020/10/11 3 574 48145 589 0
209 2020/10/12 2 576 48736 591 0
210 2020/10/13 4 580 49331 595 0
211 2020/10/14 6 586 49932 601 0
212 2020/10/15 2 588 50535 603 0
213 2020/10/16 4 592 51142 607 0
214 2020/10/17 1 593 51750 608 0
215 2020/10/18 1 594 52359 609 0
216 2020/10/19 6 600 52974 615 0
217 2020/10/20 3 603 53592 618 0
218 2020/10/21 9 612 54219 627 0
219 2020/10/22 6 618 54852 633 0
220 2020/10/23 6 624 55491 639 0
221 2020/10/24 3 627 56133 642 0
222 2020/10/25 4 631 56779 646 0
223 2020/10/26 8 639 57433 654 0
224 2020/10/27 7 646 58094 661 0
225 2020/10/28 6 652 58761 667 0
226 2020/10/29 8 660 59436 675 0
227 2020/10/30 6 666 60117 681 0
228 2020/10/31 6 672 60804 687 0
229 2020/11/01 18 690 61509 705 0
230 2020/11/02 16 706 62230 721 0
231 2020/11/03 16 722 62967 737 0
232 2020/11/04 20 742 63724 757 0
233 2020/11/05 19 761 64500 776 0
234 2020/11/06 22 783 65298 798 0
235 2020/11/07 13 796 66109 811 0
236 2020/11/08 16 812 66936 827 0
237 2020/11/09 16 828 67779 843 0
238 2020/11/10 37 865 68659 880 0
239 2020/11/11 16 881 69555 896 0
240 2020/11/12 42 923 70493 938 0
241 2020/11/13 24 947 71455 962 0
242 2020/11/14 19 966 72436 981 0
243 2020/11/15 16 982 73433 997 0
244 2020/11/16 55 1037 74485 1052 0
245 2020/11/17 43 1080 75580 1095 0
246 2020/11/18 41 1121 76716 1136 0
247 2020/11/19 39 1160 77891 1175 0
248 2020/11/20 41 1201 79107 1216 0
249 2020/11/21 18 1219 80341 1234 0
250 2020/11/22 12 1231 81587 1246 0
251 2020/11/23 57 1288 82890 1303 0
252 2020/11/24 89 1377 84282 1392 0
253 2020/11/25 63 1440 85737 1455 0
254 2020/11/26 18 1458 87210 1473 0
255 2020/11/27 46 1504 88729 1519 0
256 2020/11/28 30 1534 90278 1549 0
257 2020/11/29 28 1562 91855 1577 0
258 2020/11/30 81 1643 93513 1658 0
259 2020/12/01 87 1730 95258 1745 0
260 2020/12/02 62 1792 97065 1807 0
261 2020/12/03 62 1854 98934 1869 0
262 2020/12/04 77 1931 100880 1946 0
263 2020/12/05 25 1956 102851 1971 0
264 2020/12/06 14 1970 104836 1985 0
265 2020/12/07 58 2028 106879 2043 0
266 2020/12/08 49 2077 108971 2092 0
267 2020/12/09 54 2131 111117 2146 1
268 2020/12/10 53 2184 113316 2199 0
269 2020/12/11 37 2221 115552 2236 0
270 2020/12/12 17 2238 117805 2253 0
271 2020/12/13 18 2256 120076 2271 0
272 2020/12/14 51 2307 122398 2322 0
273 2020/12/15 39 2346 124759 2361 0
274 2020/12/16 33 2379 127153 2394 0
275 2020/12/17 36 2415 129583 2430 0
276 2020/12/18 41 2456 132054 2471 0
277 2020/12/19 17 2473 134542 2488 0
278 2020/12/20 22 2495 137052 2510 0
279 2020/12/21 46 2541 139608 2556 0
280 2020/12/22 33 2574 142197 2589 0
281 2020/12/23 27 2601 144813 2616 0
282 2020/12/24 44 2645 147473 2660 0
283 2020/12/25 24 2669 150157 2684 0
284 2020/12/26 26 2695 152867 2710 0
285 2020/12/27 28 2723 155605 2738 0
286 2020/12/28 36 2759 158379 2774 0
287 2020/12/29 47 2806 161200 2821 0
288 2020/12/30 48 2854 164069 2869 0
289 2020/12/31 35 2889 166973 2904 0
290 2021/01/01 23 2912 169900 2927 0
291 2021/01/02 24 2936 172851 2951 0
292 2021/01/03 27 2963 175829 2978 0
293 2021/01/04 59 3022 178866 3037 0
294 2021/01/05 38 3060 181941 3075 0
295 2021/01/06 28 3088 185044 3103 0
296 2021/01/07 20 3108 188167 3123 0
297 2021/01/08 34 3142 191324 3157 0
298 2021/01/09 22 3164 194503 3179 0
299 2021/01/10 22 3186 197704 3201 0
300 2021/01/11 19 3205 200924 3220 0
301 2021/01/12 27 3232 204171 3247 0
302 2021/01/13 28 3260 207446 3275 0
303 2021/01/14 22 3282 210743 3297 0
304 2021/01/15 27 3309 214067 3324 0
305 2021/01/16 13 3322 217404 3337 0
306 2021/01/17 33 3355 220774 3370 0
307 2021/01/18 25 3380 224169 3395 0
308 2021/01/19 38 3418 227602 3433 0
309 2021/01/20 18 3436 231053 3451 0
310 2021/01/21 32 3468 234536 3483 0
311 2021/01/22 29 3497 238048 3512 0
312 2021/01/23 25 3522 241585 3537 0
313 2021/01/24 11 3533 245133 3548 0
314 2021/01/25 42 3575 248723 3590 0
315 2021/01/26 14 3589 252327 3604 0
316 2021/01/27 7 3596 255938 3611 0
317 2021/01/28 21 3617 259570 3632 0
318 2021/01/29 15 3632 263217 3647 0
319 2021/01/30 9 3641 266873 3656 0
320 2021/01/31 19 3660 270548 3675 0
321 2021/02/01 22 3682 274245 3697 0
322 2021/02/02 17 3699 277959 3714 0
323 2021/02/03 15 3714 281688 3729 0
324 2021/02/04 14 3728 285431 3743 0
325 2021/02/05 20 3748 289194 3763 0
326 2021/02/06 3 3751 292960 3766 0
327 2021/02/07 12 3763 296738 3778 0
328 2021/02/08 11 3774 300527 3789 0
329 2021/02/09 12 3786 304328 3801 0
330 2021/02/10 16 3802 308145 3817 0
331 2021/02/11 15 3817 311977 3832 0
332 2021/02/12 16 3833 315825 3848 0
333 2021/02/13 5 3838 319678 3853 0
334 2021/02/14 9 3847 323540 3862 0
335 2021/02/15 16 3863 327418 3878 0
336 2021/02/16 17 3880 331313 3895 0
337 2021/02/17 13 3893 335221 3908 0
338 2021/02/18 19 3912 339148 3927 0
339 2021/02/19 9 3921 343084 3936 0
340 2021/02/20 6 3927 347026 3942 0
341 2021/02/21 10 3937 350978 3952 0
342 2021/02/22 13 3950 354943 3965 0
343 2021/02/23 9 3959 358917 3974 0
344 2021/02/24 8 3967 362899 3982 0
345 2021/02/25 10 3977 366891 3992 0
346 2021/02/26 17 3994 370900 4009 0
347 2021/02/27 11 4005 374920 4020 0
348 2021/02/28 6 4011 378946 4026 0
349 2021/03/01 13 4024 382985 4039 0
350 2021/03/02 19 4043 387043 4058 0
351 2021/03/03 9 4052 391110 4067 0
352 2021/03/04 10 4062 395187 4077 0
353 2021/03/05 10 4072 399274 4087 0
354 2021/03/06 4 4076 403365 4091 0
355 2021/03/07 6 4082 407462 4097 0
356 2021/03/08 14 4096 411573 4111 0
357 2021/03/09 8 4104 415692 4119 0
358 2021/03/10 8 4112 419819 4127 0
359 2021/03/11 4 4116 423950 4131 0
360 2021/03/12 12 4128 428093 4143 0
361 2021/03/13 10 4138 432246 4153 0
362 2021/03/14 7 4145 436406 4160 0
363 2021/03/15 6 4151 440572 4166 0
364 2021/03/16 5 4156 444743 4171 0
365 2021/03/17 9 4165 448923 4180 0
366 2021/03/18 10 4175 453113 4190 0
367 2021/03/19 7 4182 457310 4197 0
368 2021/03/20 11 4193 461518 4208 0
369 2021/03/21 11 4204 465737 4219 0
370 2021/03/22 13 4217 469969 4232 0
371 2021/03/23 10 4227 474211 4242 0
372 2021/03/24 19 4246 478472 4261 1
373 2021/03/25 14 4260 482747 4275 1
374 2021/03/26 18 4278 487040 4293 1
375 2021/03/27 20 4298 491353 4313 1
376 2021/03/28 10 4308 495676 4323 0
377 2021/03/29 14 4322 500013 4337 0
378 2021/03/30 7 4329 504357 4344 0
379 2021/03/31 12 4341 508713 4356 0
380 2021/04/01 6 4347 513075 4362 0
381 2021/04/02 10 4357 517447 4372 0
382 2021/04/03 4 4361 521823 4376 0
383 2021/04/04 4 4365 526203 4380 0
384 2021/04/05 12 4377 530595 4392 0
385 2021/04/06 11 4388 534998 4403 0
386 2021/04/07 10 4398 539411 4413 0
387 2021/04/08 6 4404 543830 4419 0
388 2021/04/09 11 4415 548260 4430 0
389 2021/04/10 8 4423 552698 4438 0
390 2021/04/11 7 4430 557143 4445 0
391 2021/04/12 14 4444 561602 4459 0
392 2021/04/13 11 4455 566072 4470 0
393 2021/04/14 12 4467 570554 4482 0
394 2021/04/15 7 4474 575043 4489 0
395 2021/04/16 12 4486 579544 4501 0
396 2021/04/17 9 4495 584054 4510 0
397 2021/04/18 8 4503 588572 4518 0
398 2021/04/19 15 4518 593105 4533 0
399 2021/04/20 16 4534 597654 4549 0
400 2021/04/21 17 4551 602220 4566 0
401 2021/04/22 14 4565 606800 4580 0
402 2021/04/23 9 4574 611389 4589 0
403 2021/04/24 9 4583 615987 4598 0
404 2021/04/25 7 4590 620592 4605 0
405 2021/04/26 12 4602 625209 4617 0
406 2021/04/27 21 4623 629847 4638 0
407 2021/04/28 15 4638 634500 4653 0
408 2021/04/29 19 4657 639172 4672 0
409 2021/04/30 11 4668 643855 4683 0
410 2021/05/01 8 4676 648546 4691 0
411 2021/05/02 5 4681 653242 4696 0
412 2021/05/03 16 4697 657954 4712 0
413 2021/05/04 8 4705 662674 4720 0
414 2021/05/05 7 4712 667401 4727 0
415 2021/05/06 3 4715 672131 4730 0
416 2021/05/07 1 4716 676862 4731 0
417 2021/05/08 4 4720 681597 4735 0
418 2021/05/09 3 4723 686335 4738 0
419 2021/05/10 7 4730 691080 4745 0
420 2021/05/11 7 4737 695832 4752 0
421 2021/05/12 3 4740 700587 4755 0
422 2021/05/13 4 4744 705346 4759 0
423 2021/05/14 4 4748 710109 4763 0
424 2021/05/15 5 4753 714877 4768 0
425 2021/05/16 1 4754 719646 4769 0
426 2021/05/17 4 4758 724419 4773 0
427 2021/05/18 3 4761 729195 4776 0
428 2021/05/19 6 4767 733977 4782 0
429 2021/05/20 2 4769 738761 4784 0
430 2021/05/21 1 4770 743546 4785 0
431 2021/05/22 1 4771 748332 4786 0
432 2021/05/23 7 4778 753125 4793 0
433 2021/05/24 10 4788 757928 4803 0
434 2021/05/25 2 4790 762733 4805 0
435 2021/05/26 6 4796 767544 4811 0
436 2021/05/27 5 4801 772360 4816 0
437 2021/05/28 4 4805 777180 4820 0
438 2021/05/29 2 4807 782002 4822 0
439 2021/05/30 1 4808 786825 4823 0
440 2021/05/31 6 4814 791654 4829 0
441 2021/06/01 10 4824 796493 4839 0
442 2021/06/02 5 4829 801337 4844 0
443 2021/06/03 3 4832 806184 4847 0
444 2021/06/04 4 4836 811035 4851 0
445 2021/06/05 4 4840 815890 4855 0
446 2021/06/06 2 4842 820747 4857 0
447 2021/06/07 7 4849 825611 4864 0
448 2021/06/08 2 4851 830477 4866 0
449 2021/06/09 6 4857 835349 4872 0
450 2021/06/10 9 4866 840230 4881 0
451 2021/06/11 5 4871 845116 4886 0
452 2021/06/12 2 4873 850004 4888 0
453 2021/06/13 6 4879 854898 4894 0
454 2021/06/14 5 4884 859797 4899 0
455 2021/06/15 7 4891 864703 4906 0
456 2021/06/16 3 4894 869612 4909 0
457 2021/06/17 5 4899 874526 4914 0
458 2021/06/18 4 4903 879444 4918 0
459 2021/06/19 8 4911 884370 4926 0
460 2021/06/20 5 4916 889301 4931 0
461 2021/06/21 7 4923 894239 4938 0
462 2021/06/22 4 4927 899181 4942 0
463 2021/06/23 6 4933 904129 4948 0
464 2021/06/24 3 4936 909080 4951 0
465 2021/06/25 2 4938 914033 4953 0
466 2021/06/26 3 4941 918989 4956 0
467 2021/06/27 5 4946 923950 4961 0
468 2021/06/28 6 4952 928917 4967 0
469 2021/06/29 4 4956 933888 4971 0
470 2021/06/30 7 4963 938866 4978 0
471 2021/07/01 8 4971 943852 4986 0
472 2021/07/02 5 4976 948843 4991 1
473 2021/07/03 7 4983 953841 4998 1
474 2021/07/04 14 4997 958853 5012 1
475 2021/07/05 9 5006 963874 5021 0
476 2021/07/06 17 5023 968912 5038 0
477 2021/07/07 9 5032 973959 5047 0
478 2021/07/08 8 5040 979014 5055 0
479 2021/07/09 6 5046 984075 5061 1
480 2021/07/10 8 5054 989144 5069 1
481 2021/07/11 10 5064 994223 5079 0
482 2021/07/12 11 5075 999313 5090 0
483 2021/07/13 19 5094 1004422 5109 0
484 2021/07/14 25 5119 1009556 5134 0
485 2021/07/15 18 5137 1014708 5152 0
486 2021/07/16 15 5152 1019875 5167 1
487 2021/07/17 9 5161 1025051 5176 1
488 2021/07/18 11 5172 1030238 5187 0
489 2021/07/19 20 5192 1035445 5207 0
490 2021/07/20 23 5215 1040675 5230 0
491 2021/07/21 16 5231 1045921 5246 0
492 2021/07/22 22 5253 1051189 5268 0
493 2021/07/23 16 5269 1056473 5284 1
494 2021/07/24 15 5284 1061772 5299 1
495 2021/07/25 10 5294 1067081 5309 0
496 2021/07/26 37 5331 1072427 5346 0
497 2021/07/27 22 5353 1077795 5368 0
498 2021/07/28 0 5353 1083163 5368 0
499 2021/07/29 0 5353 1088531 5368 2
