dates I C D F E
1 2020/03/18 76 580 0 0 1
2 2020/03/19 55 635 1 1 1
3 2020/03/20 84 719 1 0 1
4 2020/03/21 47 766 1 0 2
5 2020/03/22 49 815 2 1 1
6 2020/03/23 68 883 2 0 1
7 2020/03/24 54 937 2 0 1
8 2020/03/25 62 999 2 0 1
9 2020/03/26 58 1057 3 1 1
10 2020/03/27 62 1119 4 1 1
11 2020/03/28 53 1172 7 3 1
12 2020/03/29 36 1208 7 0 3
13 2020/03/30 73 1281 8 1 1
14 2020/03/31 65 1346 12 4 1
15 2020/04/01 68 1414 13 1 1
16 2020/04/02 53 1467 14 1 1
17 2020/04/03 53 1520 16 2 1
18 2020/04/04 39 1559 16 0 1
19 2020/04/05 42 1601 17 1 1
20 2020/04/06 58 1659 17 0 1
21 2020/04/07 44 1703 18 1 1
22 2020/04/08 47 1750 20 2 1
23 2020/04/09 62 1812 20 0 1
24 2020/04/10 76 1888 23 3 1
25 2020/04/11 47 1935 23 0 1
26 2020/04/12 61 1996 23 0 1
27 2020/04/13 61 2057 26 3 1
28 2020/04/14 73 2130 28 2 1
29 2020/04/15 103 2233 31 3 1
30 2020/04/16 103 2336 34 3 1
31 2020/04/17 64 2400 35 1 1
32 2020/04/18 51 2451 36 1 1
33 2020/04/19 64 2515 37 1 1
34 2020/04/20 97 2612 37 0 1
35 2020/04/21 81 2693 41 4 1
36 2020/04/22 122 2815 43 2 1
37 2020/04/23 93 2908 47 4 1
38 2020/04/24 178 3086 48 1 1
39 2020/04/25 108 3194 48 0 1
40 2020/04/26 106 3300 51 3 1
41 2020/04/27 165 3465 52 1 1
42 2020/04/28 169 3634 56 4 1
43 2020/04/29 163 3797 60 4 1
44 2020/04/30 132 3929 62 2 1
45 2020/05/01 216 4145 68 6 1
46 2020/05/02 78 4223 73 5 1
47 2020/05/03 114 4337 76 3 1
48 2020/05/04 172 4509 79 3 1
49 2020/05/05 138 4647 82 3 0
50 2020/05/06 122 4769 89 7 0
51 2020/05/07 183 4952 96 7 0
52 2020/05/08 183 5135 98 2 0
53 2020/05/09 144 5279 105 7 0
54 2020/05/10 82 5361 107 2 0
55 2020/05/11 145 5506 111 4 0
56 2020/05/12 207 5713 111 0 0
57 2020/05/13 182 5895 113 2 0
58 2020/05/14 246 6141 119 6 0
59 2020/05/15 176 6317 123 4 0
60 2020/05/16 171 6488 125 2 0
61 2020/05/17 76 6564 132 7 0
62 2020/05/18 180 6744 141 9 0
63 2020/05/19 191 6935 143 2 0
64 2020/05/20 195 7130 152 9 0
65 2020/05/21 207 7337 158 6 0
66 2020/05/22 202 7539 163 5 0
67 2020/05/23 194 7733 171 8 0
68 2020/05/24 157 7890 175 4 0
69 2020/05/25 155 8045 180 5 0
70 2020/05/26 220 8265 190 10 0
71 2020/05/27 268 8533 192 2 0
72 2020/05/28 157 8690 200 8 0
73 2020/05/29 196 8886 206 6 0
74 2020/05/30 195 9081 212 6 0
75 2020/05/31 155 9236 220 8 0
76 2020/06/01 211 9447 232 12 0
77 2020/06/02 196 9643 241 9 0
78 2020/06/03 201 9844 245 4 0
79 2020/06/04 227 10071 250 5 0
80 2020/06/05 252 10323 256 6 0
81 2020/06/06 195 10518 260 4 0
82 2020/06/07 159 10677 270 10 0
83 2020/06/08 257 10934 281 11 0
84 2020/06/09 253 11187 291 10 0
85 2020/06/10 241 11428 298 7 0
86 2020/06/11 276 11704 304 6 0
87 2020/06/12 308 12012 313 9 0
88 2020/06/13 305 12317 319 6 0
89 2020/06/14 243 12560 325 6 0
90 2020/06/15 426 12986 332 7 0
91 2020/06/16 566 13552 337 5 0
92 2020/06/17 583 14135 341 4 0
93 2020/06/18 603 14738 350 9 0
94 2020/06/19 656 15394 362 12 0
95 2020/06/20 525 15919 368 6 0
96 2020/06/21 348 16267 374 6 0
97 2020/06/22 840 17107 388 14 0
98 2020/06/23 930 18037 396 8 0
99 2020/06/24 970 19007 411 15 0
100 2020/06/25 994 20001 419 8 0
101 2020/06/26 924 20925 427 8 0
102 2020/06/27 676 21601 432 5 0
103 2020/06/28 509 22110 448 16 0
104 2020/06/29 975 23085 457 9 0
105 2020/06/30 991 24076 471 14 0
106 2020/07/01 930 25006 481 10 0
107 2020/07/02 884 25890 489 8 0
108 2020/07/03 763 26653 498 9 0
109 2020/07/04 391 27044 509 11 0
110 2020/07/05 432 27476 520 11 0
111 2020/07/06 941 28417 532 12 0
112 2020/07/07 1058 29475 547 15 0
113 2020/07/08 1011 30486 562 15 0
114 2020/07/09 952 31438 570 8 0
115 2020/07/10 969 32407 578 8 0
116 2020/07/11 587 32994 595 17 0
117 2020/07/12 377 33371 605 10 0
118 2020/07/13 874 34245 616 11 0
119 2020/07/14 862 35107 624 8 0
120 2020/07/15 879 35986 640 16 0
121 2020/07/16 801 36787 654 14 0
122 2020/07/17 701 37488 664 10 0
123 2020/07/18 462 37950 677 13 0
124 2020/07/19 319 38269 692 15 0
125 2020/07/20 563 38832 703 11 0
126 2020/07/21 607 39439 718 15 0
127 2020/07/22 496 39935 731 13 0
128 2020/07/23 499 40434 742 11 0
129 2020/07/24 496 40930 759 17 0
130 2020/07/25 287 41217 770 11 0
131 2020/07/26 220 41437 781 11 0
132 2020/07/27 525 41962 796 15 0
133 2020/07/28 440 42402 809 13 0
134 2020/07/29 458 42860 814 5 0
135 2020/07/30 434 43294 829 15 0
136 2020/07/31 414 43708 849 20 0
137 2020/08/01 300 44008 865 16 0
138 2020/08/02 227 44235 877 12 0
139 2020/08/03 381 44616 897 20 0
140 2020/08/04 394 45010 910 13 0
141 2020/08/05 374 45384 924 14 0
142 2020/08/06 309 45693 942 18 0
143 2020/08/07 292 45985 955 13 0
144 2020/08/08 212 46197 966 11 0
145 2020/08/09 125 46322 984 18 0
146 2020/08/10 299 46621 997 13 1
147 2020/08/11 268 46889 1011 14 0
148 2020/08/12 220 47109 1022 11 0
149 2020/08/13 251 47360 1038 16 0
150 2020/08/14 239 47599 1054 16 0
151 2020/08/15 149 47748 1067 13 0
152 2020/08/16 113 47861 1078 11 0
153 2020/08/17 250 48111 1094 16 0
154 2020/08/18 210 48321 1105 11 0
155 2020/08/19 225 48546 1116 11 0
156 2020/08/20 205 48751 1124 8 0
157 2020/08/21 227 48978 1133 9 0
158 2020/08/22 141 49119 1143 10 0
159 2020/08/23 142 49261 1144 1 0
160 2020/08/24 237 49498 1156 12 0
161 2020/08/25 191 49689 1169 13 0
162 2020/08/26 194 49883 1178 9 0
163 2020/08/27 184 50067 1190 12 0
164 2020/08/28 157 50224 1199 9 0
165 2020/08/29 100 50324 1203 4 0
166 2020/08/30 106 50430 1209 6 0
167 2020/08/31 194 50624 1219 10 0
168 2020/09/01 198 50822 1229 10 0
169 2020/09/02 166 50988 1232 3 0
170 2020/09/03 182 51170 1238 6 0
171 2020/09/04 187 51357 1245 7 0
172 2020/09/05 124 51481 1254 9 0
173 2020/09/06 102 51583 1263 9 0
174 2020/09/07 113 51696 1265 2 0
175 2020/09/08 171 51867 1270 5 0
176 2020/09/09 141 52008 1272 2 0
177 2020/09/10 179 52187 1274 2 0
178 2020/09/11 163 52350 1279 5 0
179 2020/09/12 127 52477 1289 10 0
180 2020/09/13 114 52591 1296 7 1
181 2020/09/14 213 52804 1302 6 0
182 2020/09/15 159 52963 1312 10 0
183 2020/09/16 182 53145 1320 8 0
184 2020/09/17 200 53345 1329 9 0
185 2020/09/18 179 53524 1334 5 0
186 2020/09/19 147 53671 1344 10 1
187 2020/09/20 129 53800 1353 9 0
188 2020/09/21 239 54039 1359 6 0
189 2020/09/22 220 54259 1366 7 0
190 2020/09/23 250 54509 1368 2 0
191 2020/09/24 228 54737 1372 4 0
192 2020/09/25 208 54945 1383 11 0
193 2020/09/26 127 55072 1388 5 0
194 2020/09/27 140 55212 1397 9 0
195 2020/09/28 274 55486 1402 5 0
196 2020/09/29 205 55691 1407 5 0
197 2020/09/30 187 55878 1412 5 0
198 2020/10/01 192 56070 1425 13 0
199 2020/10/02 165 56235 1431 6 0
200 2020/10/03 131 56366 1437 6 0
201 2020/10/04 117 56483 1445 8 0
202 2020/10/05 236 56719 1453 8 0
203 2020/10/06 214 56933 1456 3 0
204 2020/10/07 215 57148 1460 4 0
205 2020/10/08 219 57367 1466 6 0
206 2020/10/09 194 57561 1472 6 0
207 2020/10/10 169 57730 1474 2 0
208 2020/10/11 121 57851 1478 4 0
209 2020/10/12 229 58080 1483 5 0
210 2020/10/13 230 58310 1483 0 0
211 2020/10/14 212 58522 1488 5 0
212 2020/10/15 211 58733 1491 3 0
213 2020/10/16 216 58949 1492 1 0
214 2020/10/17 176 59125 1494 2 0
215 2020/10/18 140 59265 1495 1 0
216 2020/10/19 298 59563 1498 3 0
217 2020/10/20 286 59849 1501 3 0
218 2020/10/21 264 60113 1505 4 0
219 2020/10/22 212 60325 1511 6 0
220 2020/10/23 214 60539 1514 3 0
221 2020/10/24 171 60710 1522 8 0
222 2020/10/25 153 60863 1526 4 0
223 2020/10/26 289 61152 1526 0 1
224 2020/10/27 203 61355 1529 3 0
225 2020/10/28 270 61625 1531 2 0
226 2020/10/29 263 61888 1534 3 0
227 2020/10/30 268 62156 1537 3 0
228 2020/10/31 241 62397 1541 4 0
229 2020/11/01 259 62656 1544 3 0
230 2020/11/02 402 63058 1547 3 1
231 2020/11/03 403 63461 1548 1 0
232 2020/11/04 428 63889 1552 4 0
233 2020/11/05 433 64322 1554 2 0
234 2020/11/06 446 64768 1557 3 0
235 2020/11/07 303 65071 1557 0 0
236 2020/11/08 286 65357 1560 3 2
237 2020/11/09 587 65944 1565 5 0
238 2020/11/10 640 66584 1571 6 0
239 2020/11/11 549 67133 1576 5 0
240 2020/11/12 637 67770 1581 5 0
241 2020/11/13 745 68515 1583 2 0
242 2020/11/14 600 69115 1589 6 0
243 2020/11/15 620 69735 1601 12 0
244 2020/11/16 1039 70774 1606 5 0
245 2020/11/17 1097 71871 1615 9 0
246 2020/11/18 1147 73018 1622 7 0
247 2020/11/19 1093 74111 1630 8 0
248 2020/11/20 1262 75373 1635 5 0
249 2020/11/21 831 76204 1639 4 0
250 2020/11/22 803 77007 1643 4 0
251 2020/11/23 1410 78417 1646 3 0
252 2020/11/24 1402 79819 1651 5 0
253 2020/11/25 1442 81261 1660 9 0
254 2020/11/26 752 82013 1670 10 0
255 2020/11/27 1361 83374 1676 6 0
256 2020/11/28 1286 84660 1688 12 0
257 2020/11/29 1096 85756 1703 15 1
258 2020/11/30 2019 87775 1717 14 0
259 2020/12/01 2107 89882 1725 8 1
260 2020/12/02 2094 91976 1731 6 0
261 2020/12/03 2192 94168 1746 15 0
262 2020/12/04 2514 96682 1755 9 0
263 2020/12/05 1917 98599 1766 11 0
264 2020/12/06 1458 100057 1776 10 0
265 2020/12/07 3059 103116 1798 22 0
266 2020/12/08 3258 106374 1814 16 0
267 2020/12/09 3207 109581 1830 16 0
268 2020/12/10 3084 112665 1850 20 0
269 2020/12/11 3084 115749 1872 22 0
270 2020/12/12 2299 118048 1887 15 0
271 2020/12/13 1872 119920 1918 31 0
272 2020/12/14 3914 123834 1949 31 0
273 2020/12/15 3874 127708 1973 24 0
274 2020/12/16 3653 131361 2005 32 0
275 2020/12/17 3464 134825 2041 36 0
276 2020/12/18 3367 138192 2074 33 0
277 2020/12/19 2429 140621 2106 32 0
278 2020/12/20 1916 142537 2135 29 0
279 2020/12/21 3488 146025 2177 42 0
280 2020/12/22 3401 149426 2225 48 0
281 2020/12/23 3336 152762 2265 40 1
282 2020/12/24 2443 155205 2315 50 0
283 2020/12/25 1477 156682 2373 58 0
284 2020/12/26 2678 159360 2422 49 0
285 2020/12/27 2194 161554 2462 40 0
286 2020/12/28 4386 165940 2514 52 0
287 2020/12/29 4103 170043 2569 55 0
288 2020/12/30 3790 173833 2631 62 1
289 2020/12/31 2657 176490 2694 63 0
290 2021/01/01 1879 178369 2748 54 0
291 2021/01/02 2786 181155 2817 69 0
292 2021/01/03 2182 183337 2885 68 0
293 2021/01/04 4173 187510 2945 60 1
294 2021/01/05 3882 191392 3014 69 0
295 2021/01/06 3639 195031 3075 61 0
296 2021/01/07 3446 198477 3136 61 0
297 2021/01/08 2833 201310 3185 49 0
298 2021/01/09 1992 203302 3231 46 0
299 2021/01/10 1498 204800 3291 60 0
300 2021/01/11 2753 207553 3346 55 0
301 2021/01/12 2564 210117 3401 55 0
302 2021/01/13 2288 212405 3451 50 0
303 2021/01/14 2076 214481 3499 48 1
304 2021/01/15 1919 216400 3557 58 0
305 2021/01/16 1363 217763 3613 56 0
306 2021/01/17 1035 218798 3669 56 0
307 2021/01/18 1996 220794 3720 51 0
308 2021/01/19 1909 222703 3776 56 0
309 2021/01/20 1737 224440 3830 54 0
310 2021/01/21 1536 225976 3889 59 0
311 2021/01/22 1376 227352 3936 47 0
312 2021/01/23 947 228299 3973 37 0
313 2021/01/24 767 229066 4013 40 0
314 2021/01/25 1428 230494 4040 27 0
315 2021/01/26 1201 231695 4084 44 0
316 2021/01/27 1128 232823 4126 42 0
317 2021/01/28 1122 233945 4162 36 0
318 2021/01/29 977 234922 4207 45 0
319 2021/01/30 680 235602 4249 42 0
320 2021/01/31 544 236146 4279 30 0
321 2021/02/01 1014 237160 4318 39 0
322 2021/02/02 909 238069 4359 41 0
323 2021/02/03 797 238866 4391 32 0
324 2021/02/04 743 239609 4425 34 0
325 2021/02/05 642 240251 4455 30 0
326 2021/02/06 422 240673 4484 29 0
327 2021/02/07 361 241034 4508 24 0
328 2021/02/08 598 241632 4531 23 0
329 2021/02/09 468 242100 4557 26 0
330 2021/02/10 415 242515 4585 28 0
331 2021/02/11 418 242933 4608 23 0
332 2021/02/12 364 243297 4635 27 0
333 2021/02/13 238 243535 4660 25 0
334 2021/02/14 204 243739 4682 22 0
335 2021/02/15 307 244046 4703 21 0
336 2021/02/16 319 244365 4716 13 0
337 2021/02/17 322 244687 4731 15 0
338 2021/02/18 266 244953 4752 21 0
339 2021/02/19 218 245171 4769 17 0
340 2021/02/20 179 245350 4783 14 0
341 2021/02/21 166 245516 4800 17 1
342 2021/02/22 297 245813 4811 11 0
343 2021/02/23 237 246050 4821 10 0
344 2021/02/24 196 246246 4841 20 1
345 2021/02/25 215 246461 4852 11 0
346 2021/02/26 174 246635 4864 12 0
347 2021/02/27 140 246775 4882 18 0
348 2021/02/28 126 246901 4894 12 0
349 2021/03/01 199 247100 4908 14 0
350 2021/03/02 191 247291 4924 16 0
351 2021/03/03 146 247437 4936 12 0
352 2021/03/04 144 247581 4950 14 0
353 2021/03/05 154 247735 4962 12 0
354 2021/03/06 114 247849 4974 12 0
355 2021/03/07 91 247940 4979 5 0
356 2021/03/08 189 248129 4986 7 1
357 2021/03/09 171 248300 4996 10 0
358 2021/03/10 142 248442 5003 7 0
359 2021/03/11 144 248586 5013 10 0
360 2021/03/12 138 248724 5017 4 0
361 2021/03/13 92 248816 5022 5 0
362 2021/03/14 80 248896 5029 7 0
363 2021/03/15 134 249030 5037 8 0
364 2021/03/16 112 249142 5039 2 2
365 2021/03/17 135 249277 5044 5 0
366 2021/03/18 118 249395 5049 5 0
367 2021/03/19 103 249498 5050 1 1
368 2021/03/20 99 249597 5054 4 0
369 2021/03/21 81 249678 5057 3 0
370 2021/03/22 132 249810 5063 6 0
371 2021/03/23 150 249960 5067 4 0
372 2021/03/24 126 250086 5072 5 0
373 2021/03/25 116 250202 5077 5 0
374 2021/03/26 113 250315 5080 3 1
375 2021/03/27 63 250378 5082 2 0
376 2021/03/28 94 250472 5083 1 0
377 2021/03/29 153 250625 5086 3 0
378 2021/03/30 112 250737 5089 3 0
379 2021/03/31 128 250865 5094 5 0
380 2021/04/01 111 250976 5096 2 0
381 2021/04/02 119 251095 5096 0 0
382 2021/04/03 96 251191 5096 0 0
383 2021/04/04 79 251270 5096 0 0
384 2021/04/05 136 251406 5099 3 0
385 2021/04/06 114 251520 5100 1 0
386 2021/04/07 107 251627 5102 2 0
387 2021/04/08 122 251749 5105 3 0
388 2021/04/09 107 251856 5107 2 0
389 2021/04/10 74 251930 5111 4 0
390 2021/04/11 93 252023 5114 3 0
391 2021/04/12 125 252148 5115 1 0
392 2021/04/13 86 252234 5117 2 0
393 2021/04/14 96 252330 5119 2 0
394 2021/04/15 106 252436 5121 2 0
395 2021/04/16 95 252531 5123 2 0
396 2021/04/17 63 252594 5124 1 0
397 2021/04/18 69 252663 5127 3 0
398 2021/04/19 115 252778 5129 2 0
399 2021/04/20 118 252896 5132 3 0
400 2021/04/21 89 252985 5133 1 0
401 2021/04/22 75 253060 5135 2 0
402 2021/04/23 71 253131 5135 0 0
403 2021/04/24 43 253174 5136 1 0
404 2021/04/25 44 253218 5136 0 0
405 2021/04/26 78 253296 5136 0 0
406 2021/04/27 85 253381 5137 1 0
407 2021/04/28 68 253449 5137 0 0
408 2021/04/29 78 253527 5138 1 0
409 2021/04/30 69 253596 5138 0 0
410 2021/05/01 55 253651 5138 0 0
411 2021/05/02 43 253694 5138 0 0
412 2021/05/03 75 253769 5140 2 0
413 2021/05/04 59 253828 5140 0 0
414 2021/05/05 67 253895 5141 1 0
415 2021/05/06 55 253950 5142 1 0
416 2021/05/07 67 254017 5142 0 0
417 2021/05/08 37 254054 5142 0 0
418 2021/05/09 36 254090 5145 3 0
419 2021/05/10 52 254142 5146 1 0
420 2021/05/11 52 254194 5148 2 0
421 2021/05/12 63 254257 5149 1 0
422 2021/05/13 51 254308 5150 1 0
423 2021/05/14 43 254351 5150 0 0
424 2021/05/15 33 254384 5150 0 0
425 2021/05/16 27 254411 5154 4 0
426 2021/05/17 33 254444 5154 0 0
427 2021/05/18 45 254489 5154 0 0
428 2021/05/19 40 254529 5154 0 0
429 2021/05/20 36 254565 5155 1 0
430 2021/05/21 44 254609 5155 0 0
431 2021/05/22 19 254628 5155 0 0
432 2021/05/23 21 254649 5156 1 0
433 2021/05/24 38 254687 5157 1 0
434 2021/05/25 34 254721 5157 0 0
435 2021/05/26 30 254751 5159 2 0
436 2021/05/27 35 254786 5159 0 0
437 2021/05/28 37 254823 5161 2 1
438 2021/05/29 18 254841 5163 2 0
439 2021/05/30 22 254863 5163 0 0
440 2021/05/31 24 254887 5164 1 0
441 2021/06/01 27 254914 5165 1 0
442 2021/06/02 35 254949 5165 0 0
443 2021/06/03 45 254994 5165 0 0
444 2021/06/04 28 255022 5166 1 0
445 2021/06/05 36 255058 5166 0 0
446 2021/06/06 24 255082 5168 2 0
447 2021/06/07 34 255116 5170 2 0
448 2021/06/08 40 255156 5170 0 0
449 2021/06/09 40 255196 5170 0 0
450 2021/06/10 44 255240 5170 0 0
451 2021/06/11 28 255268 5170 0 0
452 2021/06/12 26 255294 5170 0 0
453 2021/06/13 29 255323 5171 1 0
454 2021/06/14 53 255376 5172 1 0
455 2021/06/15 38 255414 5174 2 0
456 2021/06/16 37 255451 5174 0 0
457 2021/06/17 49 255500 5174 0 0
458 2021/06/18 44 255544 5174 0 1
459 2021/06/19 36 255580 5175 1 0
460 2021/06/20 45 255625 5175 0 0
461 2021/06/21 62 255687 5175 0 0
462 2021/06/22 70 255757 5176 1 0
463 2021/06/23 67 255824 5177 1 0
464 2021/06/24 65 255889 5177 0 0
465 2021/06/25 64 255953 5179 2 0
466 2021/06/26 70 256023 5179 0 0
467 2021/06/27 76 256099 5181 2 0
468 2021/06/28 113 256212 5182 1 0
469 2021/06/29 89 256301 5182 0 1
470 2021/06/30 98 256399 5182 0 0
471 2021/07/01 128 256527 5183 1 0
472 2021/07/02 118 256645 5184 1 1
473 2021/07/03 113 256758 5184 0 1
474 2021/07/04 84 256842 5184 0 1
475 2021/07/05 175 257017 5184 0 0
476 2021/07/06 202 257219 5184 0 0
477 2021/07/07 241 257460 5184 0 0
478 2021/07/08 227 257687 5184 0 0
479 2021/07/09 193 257880 5185 1 1
480 2021/07/10 203 258083 5186 1 1
481 2021/07/11 173 258256 5186 0 1
482 2021/07/12 312 258568 5187 1 0
483 2021/07/13 352 258920 5188 1 0
484 2021/07/14 332 259252 5188 0 0
485 2021/07/15 317 259569 5188 0 1
486 2021/07/16 352 259921 5190 2 1
487 2021/07/17 273 260194 5191 1 1
488 2021/07/18 308 260502 5192 1 0
489 2021/07/19 483 260985 5194 2 0
490 2021/07/20 515 261500 5195 1 0
491 2021/07/21 549 262049 5195 0 0
492 2021/07/22 547 262596 5197 2 0
493 2021/07/23 553 263149 5200 3 1
494 2021/07/24 453 263602 5201 1 1
495 2021/07/25 464 264066 5201 0 0
496 2021/07/26 703 264769 5202 1 0
497 2021/07/27 634 265403 5205 3 0
498 2021/07/28 739 266142 5206 1 0
499 2021/07/29 789 266931 5208 2 0
500 2021/07/30 705 267636 5210 2 1
501 2021/07/31 626 268262 5211 1 1
502 2021/08/01 569 268831 5213 2 0
503 2021/08/02 797 269628 5218 5 0
504 2021/08/03 909 270537 5221 3 0
505 2021/08/04 738 271275 5223 2 0
506 2021/08/05 863 272138 5225 2 0
507 2021/08/06 773 272911 5228 3 0
508 2021/08/07 561 273472 5229 1 0
509 2021/08/08 582 274054 5233 4 0
510 2021/08/09 904 274958 5236 3 0
511 2021/08/10 1025 275983 5245 9 0
512 2021/08/11 863 276846 5250 5 0
513 2021/08/12 844 277690 5254 4 0
514 2021/08/13 676 278366 5263 9 0
515 2021/08/14 493 278859 5269 6 0
516 2021/08/15 433 279292 5273 4 0
517 2021/08/16 774 280066 5278 5 0
518 2021/08/17 788 280854 5289 11 0
519 2021/08/18 636 281490 5300 11 0
520 2021/08/19 640 282130 5306 6 0
521 2021/08/20 630 282760 5310 4 0
522 2021/08/21 437 283197 5318 8 0
523 2021/08/22 446 283643 5322 4 0
524 2021/08/23 689 284332 5329 7 0
525 2021/08/24 633 284965 5334 5 0
526 2021/08/25 601 285566 5339 5 0
527 2021/08/26 519 286085 5351 12 0
528 2021/08/27 488 286573 5356 5 0
529 2021/08/28 361 286934 5364 8 0
530 2021/08/29 358 287292 5367 3 0
531 2021/08/30 610 287902 5374 7 0
532 2021/08/31 572 288474 5383 9 0
533 2021/09/01 593 289067 5391 8 0
534 2021/09/02 468 289535 5397 6 0
535 2021/09/03 457 289992 5403 6 0
536 2021/09/04 323 290315 5407 4 0
537 2021/09/05 263 290578 5417 10 0
538 2021/09/06 286 290864 5428 11 0
539 2021/09/07 490 291354 5431 3 0
540 2021/09/08 427 291781 5433 2 0
541 2021/09/09 398 292179 5442 9 0
542 2021/09/10 405 292584 5446 4 0
543 2021/09/11 303 292887 5453 7 0
544 2021/09/12 297 293184 5459 6 0
545 2021/09/13 456 293640 5465 6 0
546 2021/09/14 420 294060 5469 4 0
547 2021/09/15 382 294442 5473 4 0
548 2021/09/16 324 294766 5474 1 0
549 2021/09/17 340 295106 5486 12 0
550 2021/09/18 211 295317 5490 4 0
551 2021/09/19 191 295508 5493 3 0
552 2021/09/20 361 295869 5500 7 0
553 2021/09/21 338 296207 5503 3 0
554 2021/09/22 321 296528 5505 2 0
555 2021/09/23 266 296794 5510 5 0
556 2021/09/24 293 297087 5516 6 1
557 2021/09/25 200 297287 5519 3 1
558 2021/09/26 173 297460 5523 4 0
559 2021/09/27 326 297786 5530 7 0
560 2021/09/28 306 298092 5536 6 0
561 2021/09/29 243 298335 5546 10 0
562 2021/09/30 262 298597 5550 4 0
563 2021/10/01 267 298864 5554 4 1
564 2021/10/02 185 299049 5558 4 1
565 2021/10/03 163 299212 5560 2 0
566 2021/10/04 280 299492 5560 0 1
567 2021/10/05 288 299780 5564 4 0
568 2021/10/06 271 300051 5570 6 0
569 2021/10/07 230 300281 5573 3 0
570 2021/10/08 222 300503 5578 5 1
571 2021/10/09 146 300649 5579 1 1
572 2021/10/10 172 300821 5583 4 0
573 2021/10/11 264 301085 5586 3 0
574 2021/10/12 226 301311 5588 2 0
575 2021/10/13 253 301564 5593 5 0
576 2021/10/14 193 301757 5596 3 0
577 2021/10/15 196 301953 5599 3 1
578 2021/10/16 164 302117 5599 0 1
579 2021/10/17 174 302291 5601 2 0
580 2021/10/18 302 302593 5604 3 0
581 2021/10/19 321 302914 5604 0 0
582 2021/10/20 243 303157 5606 2 0
583 2021/10/21 271 303428 5606 0 0
584 2021/10/22 244 303672 5607 1 1
585 2021/10/23 191 303863 5608 1 1
586 2021/10/24 170 304033 5608 0 0
587 2021/10/25 295 304328 5609 1 0
588 2021/10/26 253 304581 5609 0 0
589 2021/10/27 224 304805 5610 1 0
590 2021/10/28 240 305045 5610 0 0
591 2021/10/29 235 305280 5610 0 1
592 2021/10/30 139 305419 5610 0 1
593 2021/10/31 105 305524 5610 0 0
594 2021/11/01 290 305814 5610 0 0
595 2021/11/02 190 306004 5610 0 0
596 2021/11/03 44 306048 5610 0 0
597 2021/11/04 0 306048 5610 0 2
