dates I C D F E
1 2020/03/18 8 1962779 33994 0 1
2 2020/03/19 7 1962786 33994 0 1
3 2020/03/20 8 1962794 33995 1 1
4 2020/03/21 7 1962801 33996 1 1
5 2020/03/22 10 1962811 33997 1 1
6 2020/03/23 2 1962813 33997 0 1
7 2020/03/24 3 1962816 33997 0 1
8 2020/03/25 5 1962821 33997 0 1
9 2020/03/26 5 1962826 33997 0 1
10 2020/03/27 4 1962830 33997 0 2
11 2020/03/28 3 1962833 33998 1 1
12 2020/03/29 5 1962838 33998 0 2
13 2020/03/30 1 1962839 33998 0 1
14 2020/03/31 3 1962842 33998 0 1
15 2020/04/01 6 1962848 33998 0 1
16 2020/04/02 1 1962849 33999 1 1
17 2020/04/03 0 1962849 33999 0 1
18 2020/04/04 4 1962853 33999 0 1
19 2020/04/05 1 1962854 33999 0 2
20 2020/04/06 3 1962857 33999 0 1
21 2020/04/07 0 1962857 33999 0 1
22 2020/04/08 5 1962862 33999 0 1
23 2020/04/09 0 1962862 33999 0 1
24 2020/04/10 1 1962863 33999 0 1
25 2020/04/11 1 1962864 33999 0 1
26 2020/04/12 0 1962864 33999 0 1
27 2020/04/13 2 1962866 33999 0 1
28 2020/04/14 1 1962867 33999 0 1
29 2020/04/15 1 1962868 33999 0 1
30 2020/04/16 1 1962869 33999 0 1
31 2020/04/17 2 1962871 33999 0 1
32 2020/04/18 0 1962871 33999 0 1
33 2020/04/19 2 1962873 33999 0 1
34 2020/04/20 0 1962873 33999 0 1
35 2020/04/21 1 1962874 33999 0 1
36 2020/04/22 1 1962875 33999 0 1
37 2020/04/23 2 1962877 34000 1 1
38 2020/04/24 3 1962880 34000 0 1
39 2020/04/25 2 1962882 34000 0 1
40 2020/04/26 0 1962882 34000 0 1
41 2020/04/27 0 1962882 34000 0 1
42 2020/04/28 0 1962882 34000 0 1
43 2020/04/29 10 1962892 34000 0 1
44 2020/04/30 2 1962894 34000 0 1
45 2020/05/01 1 1962895 34000 0 1
46 2020/05/02 1 1962896 34000 0 1
47 2020/05/03 2 1962898 34000 0 1
48 2020/05/04 0 1962898 34000 0 1
49 2020/05/05 1 1962899 34000 0 0
50 2020/05/06 0 1962899 34000 0 0
51 2020/05/07 3 1962902 34000 0 0
52 2020/05/08 0 1962902 34000 0 0
53 2020/05/09 2 1962904 34000 0 0
54 2020/05/10 1 1962905 34000 0 0
55 2020/05/11 1 1962906 34000 0 0
56 2020/05/12 0 1962906 34000 0 0
57 2020/05/13 0 1962906 34000 0 0
58 2020/05/14 1 1962907 34000 0 0
59 2020/05/15 0 1962907 34000 0 0
60 2020/05/16 2 1962909 34000 0 0
61 2020/05/17 2 1962911 34000 0 0
62 2020/05/18 2 1962913 34000 0 0
63 2020/05/19 2 1962915 34000 0 0
64 2020/05/20 2 1962917 34000 0 1
65 2020/05/21 2 1962919 34000 0 0
66 2020/05/22 6 1962925 34000 0 0
67 2020/05/23 0 1962925 34000 0 0
68 2020/05/24 5 1962930 34000 0 0
69 2020/05/25 4 1962934 34001 1 0
70 2020/05/26 3 1962937 34001 0 0
71 2020/05/27 4 1962941 34001 0 0
72 2020/05/28 16 1962957 34001 0 0
73 2020/05/29 6 1962963 34001 0 0
74 2020/05/30 13 1962976 34001 0 0
75 2020/05/31 7 1962983 34001 0 0
76 2020/06/01 19 1963002 34001 0 0
77 2020/06/02 13 1963015 34001 0 0
78 2020/06/03 18 1963033 34002 1 0
79 2020/06/04 12 1963045 34002 0 0
80 2020/06/05 14 1963059 34002 0 0
81 2020/06/06 7 1963066 34002 0 0
82 2020/06/07 8 1963074 34002 0 0
83 2020/06/08 19 1963093 34002 0 0
84 2020/06/09 29 1963122 34002 0 0
85 2020/06/10 12 1963134 34002 0 0
86 2020/06/11 34 1963168 34002 0 0
87 2020/06/12 23 1963191 34002 0 0
88 2020/06/13 12 1963203 34002 0 0
89 2020/06/14 11 1963214 34002 0 0
90 2020/06/15 24 1963238 34002 0 0
91 2020/06/16 16 1963254 34002 0 0
92 2020/06/17 30 1963284 34002 0 0
93 2020/06/18 22 1963306 34002 0 0
94 2020/06/19 19 1963325 34002 0 0
95 2020/06/20 17 1963342 34002 0 0
96 2020/06/21 23 1963365 34002 0 0
97 2020/06/22 29 1963394 34002 0 0
98 2020/06/23 30 1963424 34002 0 0
99 2020/06/24 29 1963453 34002 0 0
100 2020/06/25 38 1963491 34002 0 0
101 2020/06/26 52 1963543 34003 1 0
102 2020/06/27 30 1963573 34003 0 0
103 2020/06/28 22 1963595 34003 0 0
104 2020/06/29 46 1963641 34003 0 0
105 2020/06/30 40 1963681 34004 1 0
106 2020/07/01 25 1963706 34004 0 0
107 2020/07/02 53 1963759 34004 0 0
108 2020/07/03 38 1963797 34004 0 0
109 2020/07/04 23 1963820 34004 0 0
110 2020/07/05 41 1963861 34004 0 0
111 2020/07/06 58 1963919 34006 2 0
112 2020/07/07 61 1963980 34006 0 0
113 2020/07/08 38 1964018 34006 0 0
114 2020/07/09 46 1964064 34006 0 0
115 2020/07/10 48 1964112 34006 0 0
116 2020/07/11 43 1964155 34006 0 0
117 2020/07/12 41 1964196 34006 0 0
118 2020/07/13 60 1964256 34007 1 0
119 2020/07/14 47 1964303 34009 2 0
120 2020/07/15 58 1964361 34009 0 0
121 2020/07/16 58 1964419 34009 0 0
122 2020/07/17 55 1964474 34009 0 0
123 2020/07/18 28 1964502 34009 0 0
124 2020/07/19 24 1964526 34009 0 0
125 2020/07/20 47 1964573 34011 2 0
126 2020/07/21 42 1964615 34012 1 0
127 2020/07/22 41 1964656 34012 0 0
128 2020/07/23 51 1964707 34013 1 0
129 2020/07/24 32 1964739 34013 0 0
130 2020/07/25 31 1964770 34014 1 0
131 2020/07/26 18 1964788 34015 1 0
132 2020/07/27 68 1964856 34017 2 0
133 2020/07/28 52 1964908 34019 2 0
134 2020/07/29 32 1964940 34019 0 0
135 2020/07/30 32 1964972 34021 2 0
136 2020/07/31 53 1965025 34021 0 0
137 2020/08/01 22 1965047 34022 1 0
138 2020/08/02 34 1965081 34022 0 0
139 2020/08/03 41 1965122 34022 0 0
140 2020/08/04 53 1965175 34022 0 0
141 2020/08/05 38 1965213 34023 1 0
142 2020/08/06 42 1965255 34023 0 0
143 2020/08/07 26 1965281 34023 0 0
144 2020/08/08 17 1965298 34023 0 0
145 2020/08/09 18 1965316 34025 2 0
146 2020/08/10 28 1965344 34025 0 0
147 2020/08/11 38 1965382 34027 2 0
148 2020/08/12 31 1965413 34027 0 0
149 2020/08/13 34 1965447 34027 0 0
150 2020/08/14 20 1965467 34027 0 0
151 2020/08/15 19 1965486 34027 0 0
152 2020/08/16 22 1965508 34027 0 0
153 2020/08/17 29 1965537 34027 0 0
154 2020/08/18 27 1965564 34027 0 0
155 2020/08/19 26 1965590 34027 0 0
156 2020/08/20 24 1965614 34027 0 0
157 2020/08/21 17 1965631 34027 0 0
158 2020/08/22 16 1965647 34027 0 0
159 2020/08/23 14 1965661 34027 0 0
160 2020/08/24 39 1965700 34027 0 0
161 2020/08/25 46 1965746 34033 6 0
162 2020/08/26 19 1965765 34033 0 0
163 2020/08/27 21 1965786 34033 0 0
164 2020/08/28 31 1965817 34034 1 0
165 2020/08/29 11 1965828 34034 0 0
166 2020/08/30 15 1965843 34036 2 0
167 2020/08/31 34 1965877 34036 0 0
168 2020/09/01 52 1965929 34041 5 0
169 2020/09/02 23 1965952 34041 0 0
170 2020/09/03 26 1965978 34041 0 0
171 2020/09/04 18 1965996 34042 1 0
172 2020/09/05 12 1966008 34042 0 0
173 2020/09/06 10 1966018 34043 1 0
174 2020/09/07 17 1966035 34043 0 0
175 2020/09/08 30 1966065 34044 1 0
176 2020/09/09 13 1966078 34044 0 0
177 2020/09/10 18 1966096 34046 2 0
178 2020/09/11 18 1966114 34046 0 0
179 2020/09/12 16 1966130 34046 0 0
180 2020/09/13 17 1966147 34046 0 0
181 2020/09/14 29 1966176 34046 0 0
182 2020/09/15 19 1966195 34046 0 0
183 2020/09/16 24 1966219 34046 0 0
184 2020/09/17 18 1966237 34046 0 0
185 2020/09/18 20 1966257 34046 0 0
186 2020/09/19 10 1966267 34047 1 0
187 2020/09/20 7 1966274 34048 1 0
188 2020/09/21 18 1966292 34049 1 0
189 2020/09/22 10 1966302 34049 0 0
190 2020/09/23 14 1966316 34049 0 0
191 2020/09/24 10 1966326 34049 0 0
192 2020/09/25 15 1966341 34049 0 0
193 2020/09/26 11 1966352 34049 0 0
194 2020/09/27 13 1966365 34049 0 0
195 2020/09/28 12 1966377 34049 0 0
196 2020/09/29 20 1966397 34049 0 1
197 2020/09/30 21 1966418 34049 0 0
198 2020/10/01 21 1966439 34050 1 0
199 2020/10/02 28 1966467 34050 0 0
200 2020/10/03 20 1966487 34050 0 0
201 2020/10/04 11 1966498 34050 0 1
202 2020/10/05 21 1966519 34050 0 0
203 2020/10/06 26 1966545 34050 0 0
204 2020/10/07 22 1966567 34050 0 0
205 2020/10/08 16 1966583 34050 0 0
206 2020/10/09 19 1966602 34050 0 0
207 2020/10/10 13 1966615 34050 0 0
208 2020/10/11 17 1966632 34050 0 0
209 2020/10/12 21 1966653 34050 0 0
210 2020/10/13 34 1966687 34050 0 0
211 2020/10/14 35 1966722 34050 0 0
212 2020/10/15 23 1966745 34050 0 0
213 2020/10/16 30 1966775 34050 0 0
214 2020/10/17 18 1966793 34050 0 0
215 2020/10/18 26 1966819 34050 0 0
216 2020/10/19 47 1966866 34050 0 0
217 2020/10/20 39 1966905 34050 0 0
218 2020/10/21 38 1966943 34051 1 0
219 2020/10/22 40 1966983 34052 1 0
220 2020/10/23 54 1967037 34052 0 0
221 2020/10/24 44 1967081 34052 0 0
222 2020/10/25 31 1967112 34052 0 0
223 2020/10/26 52 1967164 34052 0 0
224 2020/10/27 38 1967202 34052 0 0
225 2020/10/28 50 1967252 34053 1 0
226 2020/10/29 55 1967307 34053 0 0
227 2020/10/30 44 1967351 34053 0 0
228 2020/10/31 46 1967397 34054 1 0
229 2020/11/01 47 1967444 34054 0 0
230 2020/11/02 60 1967504 34054 0 0
231 2020/11/03 68 1967572 34054 0 0
232 2020/11/04 69 1967641 34054 0 0
233 2020/11/05 79 1967720 34055 1 0
234 2020/11/06 67 1967787 34056 1 0
235 2020/11/07 74 1967861 34056 0 0
236 2020/11/08 57 1967918 34057 1 0
237 2020/11/09 104 1968022 34063 6 0
238 2020/11/10 80 1968102 34063 0 0
239 2020/11/11 73 1968175 34066 3 0
240 2020/11/12 81 1968256 34066 0 0
241 2020/11/13 93 1968349 34066 0 0
242 2020/11/14 103 1968452 34068 2 0
243 2020/11/15 59 1968511 34069 1 0
244 2020/11/16 145 1968656 34076 7 0
245 2020/11/17 112 1968768 34076 0 0
246 2020/11/18 146 1968914 34079 3 0
247 2020/11/19 184 1969098 34079 0 0
248 2020/11/20 189 1969287 34083 4 0
249 2020/11/21 123 1969410 34085 2 1
250 2020/11/22 104 1969514 34085 0 0
251 2020/11/23 201 1969715 34092 7 0
252 2020/11/24 141 1969856 34095 3 0
253 2020/11/25 164 1970020 34099 4 0
254 2020/11/26 61 1970081 34099 0 0
255 2020/11/27 154 1970235 34102 3 0
256 2020/11/28 158 1970393 34107 5 0
257 2020/11/29 151 1970544 34107 0 0
258 2020/11/30 284 1970828 34108 1 0
259 2020/12/01 283 1971111 34115 7 0
260 2020/12/02 311 1971422 34125 10 0
261 2020/12/03 215 1971637 34129 4 0
262 2020/12/04 214 1971851 34129 0 0
263 2020/12/05 130 1971981 34131 2 0
264 2020/12/06 106 1972087 34132 1 0
265 2020/12/07 265 1972352 34135 3 0
266 2020/12/08 314 1972666 34136 1 0
267 2020/12/09 272 1972938 34139 3 0
268 2020/12/10 273 1973211 34147 8 0
269 2020/12/11 248 1973459 34149 2 1
270 2020/12/12 156 1973615 34151 2 0
271 2020/12/13 164 1973779 34152 1 0
272 2020/12/14 314 1974093 34157 5 0
273 2020/12/15 284 1974377 34164 7 0
274 2020/12/16 226 1974603 34164 0 0
275 2020/12/17 220 1974823 34167 3 0
276 2020/12/18 263 1975086 34169 2 0
277 2020/12/19 165 1975251 34172 3 0
278 2020/12/20 154 1975405 34174 2 0
279 2020/12/21 217 1975622 34179 5 0
280 2020/12/22 222 1975844 34183 4 0
281 2020/12/23 220 1976064 34186 3 0
282 2020/12/24 191 1976255 34189 3 0
283 2020/12/25 69 1976324 34189 0 0
284 2020/12/26 175 1976499 34192 3 0
285 2020/12/27 160 1976659 34195 3 0
286 2020/12/28 277 1976936 34198 3 0
287 2020/12/29 347 1977283 34199 1 0
288 2020/12/30 252 1977535 34201 2 0
289 2020/12/31 251 1977786 34204 3 1
290 2021/01/01 146 1977932 34205 1 0
291 2021/01/02 155 1978087 34206 1 0
292 2021/01/03 164 1978251 34208 2 0
293 2021/01/04 252 1978503 34209 1 0
294 2021/01/05 277 1978780 34211 2 0
295 2021/01/06 229 1979009 34212 1 0
296 2021/01/07 186 1979195 34212 0 0
297 2021/01/08 191 1979386 34213 1 0
298 2021/01/09 122 1979508 34214 1 0
299 2021/01/10 96 1979604 34214 0 0
300 2021/01/11 159 1979763 34214 0 0
301 2021/01/12 169 1979932 34216 2 0
302 2021/01/13 172 1980104 34216 0 0
303 2021/01/14 136 1980240 34216 0 1
304 2021/01/15 158 1980398 34218 2 0
305 2021/01/16 88 1980486 34218 0 0
306 2021/01/17 60 1980546 34218 0 0
307 2021/01/18 117 1980663 34218 0 0
308 2021/01/19 110 1980773 34219 1 0
309 2021/01/20 93 1980866 34220 1 0
310 2021/01/21 92 1980958 34220 0 0
311 2021/01/22 80 1981038 34220 0 0
312 2021/01/23 52 1981090 34222 2 1
313 2021/01/24 43 1981133 34224 2 0
314 2021/01/25 102 1981235 34227 3 0
315 2021/01/26 86 1981321 34227 0 0
316 2021/01/27 55 1981376 34227 0 0
317 2021/01/28 73 1981449 34228 1 0
318 2021/01/29 63 1981512 34229 1 0
319 2021/01/30 54 1981566 34229 0 0
320 2021/01/31 38 1981604 34229 0 1
321 2021/02/01 63 1981667 34229 0 0
322 2021/02/02 64 1981731 34229 0 0
323 2021/02/03 52 1981783 34230 1 0
324 2021/02/04 51 1981834 34230 0 0
325 2021/02/05 58 1981892 34230 0 0
326 2021/02/06 34 1981926 34230 0 0
327 2021/02/07 34 1981960 34230 0 0
328 2021/02/08 45 1982005 34230 0 0
329 2021/02/09 46 1982051 34230 0 0
330 2021/02/10 65 1982116 34230 0 0
331 2021/02/11 40 1982156 34230 0 0
332 2021/02/12 41 1982197 34230 0 0
333 2021/02/13 33 1982230 34230 0 0
334 2021/02/14 20 1982250 34230 0 0
335 2021/02/15 39 1982289 34230 0 0
336 2021/02/16 28 1982317 34230 0 0
337 2021/02/17 30 1982347 34230 0 0
338 2021/02/18 27 1982374 34230 0 0
339 2021/02/19 22 1982396 34230 0 0
340 2021/02/20 15 1982411 34230 0 0
341 2021/02/21 37 1982448 34230 0 0
342 2021/02/22 36 1982484 34230 0 0
343 2021/02/23 30 1982514 34230 0 0
344 2021/02/24 27 1982541 34230 0 0
345 2021/02/25 35 1982576 34230 0 0
346 2021/02/26 43 1982619 34230 0 0
347 2021/02/27 22 1982641 34230 0 0
348 2021/02/28 32 1982673 34230 0 0
349 2021/03/01 39 1982712 34230 0 0
350 2021/03/02 34 1982746 34230 0 0
351 2021/03/03 47 1982793 34230 0 0
352 2021/03/04 21 1982814 34230 0 0
353 2021/03/05 16 1982830 34230 0 0
354 2021/03/06 17 1982847 34230 0 0
355 2021/03/07 20 1982867 34230 0 0
356 2021/03/08 24 1982891 34230 0 0
357 2021/03/09 20 1982911 34230 0 0
358 2021/03/10 15 1982926 34230 0 0
359 2021/03/11 3 1982929 34230 0 0
360 2021/03/12 0 1982929 34230 0 2
