dates I C D F E
1 2020/03/18 0 0 0 0 1
2 2020/03/19 0 0 0 0 1
3 2020/03/20 0 0 0 0 1
4 2020/03/21 0 0 0 0 1
5 2020/03/22 0 0 0 0 1
6 2020/03/23 0 0 0 0 1
7 2020/03/24 0 0 0 0 1
8 2020/03/25 0 0 0 0 1
9 2020/03/26 0 0 0 0 2
10 2020/03/27 0 0 0 0 1
11 2020/03/28 1 1 1 1 1
12 2020/03/29 0 1 2 1 1
13 2020/03/30 0 1 3 1 1
14 2020/03/31 0 1 4 1 1
15 2020/04/01 2 3 7 3 1
16 2020/04/02 0 3 10 3 1
17 2020/04/03 0 3 13 3 1
18 2020/04/04 0 3 16 3 1
19 2020/04/05 0 3 19 3 1
20 2020/04/06 1 4 23 4 1
21 2020/04/07 0 4 27 4 1
22 2020/04/08 0 4 31 4 1
23 2020/04/09 0 4 35 4 1
24 2020/04/10 0 4 39 4 1
25 2020/04/11 0 4 43 4 1
26 2020/04/12 0 4 47 4 1
27 2020/04/13 0 4 51 4 1
28 2020/04/14 0 4 55 4 1
29 2020/04/15 0 4 59 4 1
30 2020/04/16 0 4 63 4 1
31 2020/04/17 0 4 67 4 1
32 2020/04/18 0 4 71 4 1
33 2020/04/19 0 4 75 4 1
34 2020/04/20 0 4 79 4 1
35 2020/04/21 0 4 83 4 1
36 2020/04/22 0 4 87 4 1
37 2020/04/23 0 4 91 4 1
38 2020/04/24 0 4 95 4 1
39 2020/04/25 0 4 99 4 1
40 2020/04/26 0 4 103 4 1
41 2020/04/27 0 4 107 4 1
42 2020/04/28 0 4 111 4 1
43 2020/04/29 0 4 115 4 1
44 2020/04/30 0 4 119 4 1
45 2020/05/01 0 4 123 4 1
46 2020/05/02 0 4 127 4 1
47 2020/05/03 0 4 131 4 1
48 2020/05/04 0 4 135 4 1
49 2020/05/05 0 4 139 4 0
50 2020/05/06 0 4 143 4 0
51 2020/05/07 0 4 147 4 0
52 2020/05/08 0 4 151 4 0
53 2020/05/09 0 4 155 4 0
54 2020/05/10 0 4 159 4 0
55 2020/05/11 0 4 163 4 0
56 2020/05/12 0 4 167 4 0
57 2020/05/13 0 4 171 4 0
58 2020/05/14 0 4 175 4 0
59 2020/05/15 0 4 179 4 0
60 2020/05/16 0 4 183 4 0
61 2020/05/17 0 4 187 4 0
62 2020/05/18 0 4 191 4 0
63 2020/05/19 0 4 195 4 0
64 2020/05/20 0 4 199 4 1
65 2020/05/21 0 4 203 4 0
66 2020/05/22 0 4 207 4 0
67 2020/05/23 0 4 211 4 0
68 2020/05/24 0 4 215 4 0
69 2020/05/25 0 4 219 4 0
70 2020/05/26 0 4 223 4 0
71 2020/05/27 0 4 227 4 0
72 2020/05/28 0 4 231 4 0
73 2020/05/29 0 4 235 4 0
74 2020/05/30 0 4 239 4 0
75 2020/05/31 0 4 243 4 0
76 2020/06/01 0 4 247 4 0
77 2020/06/02 0 4 251 4 0
78 2020/06/03 0 4 255 4 0
79 2020/06/04 0 4 259 4 0
80 2020/06/05 1 5 264 5 0
81 2020/06/06 0 5 269 5 0
82 2020/06/07 0 5 274 5 0
83 2020/06/08 0 5 279 5 0
84 2020/06/09 0 5 284 5 0
85 2020/06/10 0 5 289 5 0
86 2020/06/11 0 5 294 5 0
87 2020/06/12 0 5 299 5 0
88 2020/06/13 0 5 304 5 0
89 2020/06/14 0 5 309 5 0
90 2020/06/15 1 6 315 6 0
91 2020/06/16 0 6 321 6 0
92 2020/06/17 0 6 327 6 0
93 2020/06/18 0 6 333 6 0
94 2020/06/19 0 6 339 6 0
95 2020/06/20 0 6 345 6 0
96 2020/06/21 1 7 352 7 0
97 2020/06/22 0 7 359 7 0
98 2020/06/23 2 9 368 9 0
99 2020/06/24 1 10 378 10 0
100 2020/06/25 0 10 388 10 0
101 2020/06/26 1 11 399 11 0
102 2020/06/27 0 11 410 11 0
103 2020/06/28 0 11 421 11 0
104 2020/06/29 1 12 433 12 0
105 2020/06/30 0 12 445 12 0
106 2020/07/01 1 13 458 13 0
107 2020/07/02 2 15 473 15 0
108 2020/07/03 1 16 489 16 0
109 2020/07/04 0 16 505 16 0
110 2020/07/05 0 16 521 16 0
111 2020/07/06 1 17 538 17 0
112 2020/07/07 0 17 555 17 0
113 2020/07/08 2 19 574 19 0
114 2020/07/09 0 19 593 19 0
115 2020/07/10 0 19 612 19 0
116 2020/07/11 2 21 633 21 0
117 2020/07/12 0 21 654 21 0
118 2020/07/13 1 22 676 22 0
119 2020/07/14 2 24 700 24 0
120 2020/07/15 1 25 725 25 0
121 2020/07/16 0 25 750 25 0
122 2020/07/17 2 27 777 27 0
123 2020/07/18 3 30 807 30 0
124 2020/07/19 0 30 837 30 0
125 2020/07/20 0 30 867 30 0
126 2020/07/21 1 31 898 31 0
127 2020/07/22 0 31 929 31 0
128 2020/07/23 1 32 961 32 0
129 2020/07/24 1 33 994 33 0
130 2020/07/25 0 33 1027 33 0
131 2020/07/26 0 33 1060 33 0
132 2020/07/27 0 33 1093 33 0
133 2020/07/28 0 33 1126 33 0
134 2020/07/29 0 33 1159 33 0
135 2020/07/30 0 33 1192 33 0
136 2020/07/31 1 34 1226 34 0
137 2020/08/01 1 35 1261 35 0
138 2020/08/02 1 36 1297 36 0
139 2020/08/03 0 36 1333 36 0
140 2020/08/04 0 36 1369 36 0
141 2020/08/05 0 36 1405 36 0
142 2020/08/06 1 37 1442 37 0
143 2020/08/07 1 38 1480 38 0
144 2020/08/08 0 38 1518 38 0
145 2020/08/09 0 38 1556 38 0
146 2020/08/10 0 38 1594 38 0
147 2020/08/11 0 38 1632 38 0
148 2020/08/12 0 38 1670 38 0
149 2020/08/13 0 38 1708 38 0
150 2020/08/14 0 38 1746 38 0
151 2020/08/15 1 39 1785 39 0
152 2020/08/16 0 39 1824 39 0
153 2020/08/17 0 39 1863 39 0
154 2020/08/18 0 39 1902 39 0
155 2020/08/19 0 39 1941 39 0
156 2020/08/20 0 39 1980 39 0
157 2020/08/21 0 39 2019 39 0
158 2020/08/22 0 39 2058 39 0
159 2020/08/23 0 39 2097 39 0
160 2020/08/24 0 39 2136 39 0
161 2020/08/25 0 39 2175 39 0
162 2020/08/26 0 39 2214 39 0
163 2020/08/27 1 40 2254 40 0
164 2020/08/28 1 41 2295 41 0
165 2020/08/29 0 41 2336 41 0
166 2020/08/30 1 42 2378 42 0
167 2020/08/31 1 43 2421 43 0
168 2020/09/01 1 44 2465 44 0
169 2020/09/02 0 44 2509 44 0
170 2020/09/03 0 44 2553 44 0
171 2020/09/04 0 44 2597 44 0
172 2020/09/05 0 44 2641 44 0
173 2020/09/06 0 44 2685 44 0
174 2020/09/07 1 45 2730 45 0
175 2020/09/08 1 46 2776 46 0
176 2020/09/09 0 46 2822 46 0
177 2020/09/10 2 48 2870 48 0
178 2020/09/11 0 48 2918 48 0
179 2020/09/12 0 48 2966 48 0
180 2020/09/13 0 48 3014 48 0
181 2020/09/14 0 48 3062 48 0
182 2020/09/15 1 49 3111 49 0
183 2020/09/16 0 49 3160 49 0
184 2020/09/17 0 49 3209 49 0
185 2020/09/18 0 49 3258 49 0
186 2020/09/19 0 49 3307 49 0
187 2020/09/20 0 49 3356 49 0
188 2020/09/21 0 49 3405 49 0
189 2020/09/22 0 49 3454 49 0
190 2020/09/23 0 49 3503 49 0
191 2020/09/24 0 49 3552 49 0
192 2020/09/25 0 49 3601 49 0
193 2020/09/26 0 49 3650 49 0
194 2020/09/27 1 50 3700 50 0
195 2020/09/28 0 50 3750 50 0
196 2020/09/29 1 51 3801 51 0
197 2020/09/30 0 51 3852 51 0
198 2020/10/01 0 51 3903 51 0
199 2020/10/02 0 51 3954 51 0
200 2020/10/03 0 51 4005 51 0
201 2020/10/04 0 51 4056 51 0
202 2020/10/05 0 51 4107 51 0
203 2020/10/06 1 52 4159 52 0
204 2020/10/07 0 52 4211 52 0
205 2020/10/08 0 52 4263 52 0
206 2020/10/09 0 52 4315 52 0
207 2020/10/10 0 52 4367 52 0
208 2020/10/11 0 52 4419 52 0
209 2020/10/12 0 52 4471 52 0
210 2020/10/13 0 52 4523 52 0
211 2020/10/14 2 54 4577 54 0
212 2020/10/15 4 58 4635 58 0
213 2020/10/16 3 61 4696 61 0
214 2020/10/17 1 62 4758 62 0
215 2020/10/18 0 62 4820 62 0
216 2020/10/19 2 64 4884 64 0
217 2020/10/20 2 66 4950 66 0
218 2020/10/21 3 69 5019 69 0
219 2020/10/22 3 72 5091 72 0
220 2020/10/23 3 75 5166 75 0
221 2020/10/24 3 78 5244 78 0
222 2020/10/25 6 84 5328 84 0
223 2020/10/26 0 84 5412 84 0
224 2020/10/27 2 86 5498 86 0
225 2020/10/28 3 89 5587 89 0
226 2020/10/29 1 90 5677 90 0
227 2020/10/30 2 92 5769 92 0
228 2020/10/31 3 95 5864 95 0
229 2020/11/01 1 96 5960 96 0
230 2020/11/02 5 101 6061 101 0
231 2020/11/03 8 109 6170 109 0
232 2020/11/04 3 112 6282 112 0
233 2020/11/05 2 114 6396 114 0
234 2020/11/06 9 123 6519 123 0
235 2020/11/07 5 128 6647 128 0
236 2020/11/08 2 130 6777 130 0
237 2020/11/09 5 135 6912 135 0
238 2020/11/10 7 142 7054 142 0
239 2020/11/11 4 146 7200 146 0
240 2020/11/12 2 148 7348 148 0
241 2020/11/13 4 152 7500 152 0
242 2020/11/14 6 158 7658 158 0
243 2020/11/15 5 163 7821 163 1
244 2020/11/16 6 169 7990 169 0
245 2020/11/17 7 176 8166 176 0
246 2020/11/18 8 184 8350 184 0
247 2020/11/19 5 189 8539 189 0
248 2020/11/20 5 194 8733 194 0
249 2020/11/21 3 197 8930 197 0
250 2020/11/22 5 202 9132 202 0
251 2020/11/23 13 215 9347 215 0
252 2020/11/24 4 219 9566 219 0
253 2020/11/25 3 222 9788 222 0
254 2020/11/26 5 227 10015 227 0
255 2020/11/27 8 235 10250 235 0
256 2020/11/28 3 238 10488 238 0
257 2020/11/29 7 245 10733 245 0
258 2020/11/30 5 250 10983 250 0
259 2020/12/01 11 261 11244 261 0
260 2020/12/02 12 273 11517 273 0
261 2020/12/03 13 286 11803 286 0
262 2020/12/04 14 300 12103 300 0
263 2020/12/05 7 307 12410 307 0
264 2020/12/06 7 314 12724 314 0
265 2020/12/07 13 327 13051 327 0
266 2020/12/08 11 338 13389 338 0
267 2020/12/09 10 348 13737 348 0
268 2020/12/10 8 356 14093 356 0
269 2020/12/11 11 367 14460 367 0
270 2020/12/12 8 375 14835 375 0
271 2020/12/13 6 381 15216 381 0
272 2020/12/14 6 387 15603 387 0
273 2020/12/15 12 399 16002 399 0
274 2020/12/16 5 404 16406 404 0
275 2020/12/17 9 413 16819 413 0
276 2020/12/18 9 422 17241 422 0
277 2020/12/19 6 428 17669 428 0
278 2020/12/20 3 431 18100 431 0
279 2020/12/21 8 439 18539 439 0
280 2020/12/22 4 443 18982 443 0
281 2020/12/23 6 449 19431 449 0
282 2020/12/24 7 456 19887 456 0
283 2020/12/25 3 459 20346 459 0
284 2020/12/26 7 466 20812 466 0
285 2020/12/27 3 469 21281 469 0
286 2020/12/28 6 475 21756 475 0
287 2020/12/29 4 479 22235 479 0
288 2020/12/30 9 488 22723 488 0
289 2020/12/31 5 493 23216 493 0
290 2021/01/01 5 498 23714 498 0
291 2021/01/02 5 503 24217 503 0
292 2021/01/03 3 506 24723 506 0
293 2021/01/04 13 519 25242 519 0
294 2021/01/05 10 529 25771 529 0
295 2021/01/06 7 536 26307 536 0
296 2021/01/07 8 544 26851 544 0
297 2021/01/08 2 546 27397 546 0
298 2021/01/09 6 552 27949 552 0
299 2021/01/10 2 554 28503 554 0
300 2021/01/11 10 564 29067 564 0
301 2021/01/12 4 568 29635 568 0
302 2021/01/13 6 574 30209 574 0
303 2021/01/14 2 576 30785 576 0
304 2021/01/15 8 584 31369 584 0
305 2021/01/16 3 587 31956 587 0
306 2021/01/17 2 589 32545 589 0
307 2021/01/18 1 590 33135 590 0
308 2021/01/19 4 594 33729 594 0
309 2021/01/20 7 601 34330 601 0
310 2021/01/21 2 603 34933 603 0
311 2021/01/22 4 607 35540 607 0
312 2021/01/23 2 609 36149 609 0
313 2021/01/24 1 610 36759 610 0
314 2021/01/25 3 613 37372 613 0
315 2021/01/26 3 616 37988 616 0
316 2021/01/27 2 618 38606 618 0
317 2021/01/28 0 618 39224 618 0
318 2021/01/29 1 619 39843 619 0
319 2021/01/30 1 620 40463 620 0
320 2021/01/31 2 622 41085 622 0
321 2021/02/01 1 623 41708 623 0
322 2021/02/02 2 625 42333 625 0
323 2021/02/03 0 625 42958 625 1
324 2021/02/04 0 625 43583 625 0
325 2021/02/05 3 628 44211 628 0
326 2021/02/06 2 630 44841 630 0
327 2021/02/07 0 630 45471 630 0
328 2021/02/08 0 630 46101 630 0
329 2021/02/09 1 631 46732 631 0
330 2021/02/10 0 631 47363 631 0
331 2021/02/11 3 634 47997 634 0
332 2021/02/12 1 635 48632 635 0
333 2021/02/13 1 636 49268 636 0
334 2021/02/14 0 636 49904 636 0
335 2021/02/15 1 637 50541 637 0
336 2021/02/16 0 637 51178 637 1
337 2021/02/17 0 637 51815 637 0
338 2021/02/18 1 638 52453 638 0
339 2021/02/19 0 638 53091 638 0
340 2021/02/20 2 640 53731 640 0
341 2021/02/21 0 640 54371 640 1
342 2021/02/22 0 640 55011 640 0
343 2021/02/23 0 640 55651 640 0
344 2021/02/24 1 641 56292 641 0
345 2021/02/25 2 643 56935 643 0
346 2021/02/26 0 643 57578 643 0
347 2021/02/27 0 643 58221 643 0
348 2021/02/28 0 643 58864 643 0
349 2021/03/01 0 643 59507 643 0
350 2021/03/02 0 643 60150 643 0
351 2021/03/03 2 645 60795 645 1
352 2021/03/04 1 646 61441 646 0
353 2021/03/05 0 646 62087 646 0
354 2021/03/06 0 646 62733 646 2
355 2021/03/07 0 646 63379 646 0
356 2021/03/08 1 647 64026 647 1
357 2021/03/09 1 648 64674 648 0
358 2021/03/10 3 651 65325 651 0
359 2021/03/11 1 652 65977 652 0
360 2021/03/12 1 653 66630 653 0
361 2021/03/13 1 654 67284 654 0
362 2021/03/14 2 656 67940 656 0
363 2021/03/15 2 658 68598 658 0
364 2021/03/16 0 658 69256 658 0
365 2021/03/17 1 659 69915 659 0
366 2021/03/18 1 660 70575 660 0
367 2021/03/19 2 662 71237 662 0
368 2021/03/20 0 662 71899 662 0
369 2021/03/21 3 665 72564 665 0
370 2021/03/22 0 665 73229 665 1
371 2021/03/23 0 665 73894 665 0
372 2021/03/24 0 665 74559 665 0
373 2021/03/25 2 667 75226 667 0
374 2021/03/26 0 667 75893 667 0
375 2021/03/27 1 668 76561 668 0
376 2021/03/28 1 669 77230 669 0
377 2021/03/29 2 671 77901 671 0
378 2021/03/30 1 672 78573 672 0
379 2021/03/31 0 672 79245 672 0
380 2021/04/01 1 673 79918 673 0
381 2021/04/02 0 673 80591 673 0
382 2021/04/03 0 673 81264 673 0
383 2021/04/04 0 673 81937 673 0
384 2021/04/05 0 673 82610 673 0
385 2021/04/06 0 673 83283 673 1
386 2021/04/07 0 673 83956 673 0
387 2021/04/08 0 673 84629 673 0
388 2021/04/09 0 673 85302 673 0
389 2021/04/10 1 674 85976 674 0
390 2021/04/11 0 674 86650 674 0
391 2021/04/12 0 674 87324 674 0
392 2021/04/13 2 676 88000 676 1
393 2021/04/14 1 677 88677 677 0
394 2021/04/15 0 677 89354 677 0
395 2021/04/16 2 679 90033 679 0
396 2021/04/17 1 680 90713 680 0
397 2021/04/18 1 681 91394 681 1
398 2021/04/19 1 682 92076 682 0
399 2021/04/20 0 682 92758 682 0
400 2021/04/21 1 683 93441 683 0
401 2021/04/22 0 683 94124 683 0
402 2021/04/23 1 684 94808 684 0
403 2021/04/24 1 685 95493 685 0
404 2021/04/25 1 686 96179 686 0
405 2021/04/26 1 687 96866 687 0
406 2021/04/27 0 687 97553 687 0
407 2021/04/28 1 688 98241 688 0
408 2021/04/29 0 688 98929 688 0
409 2021/04/30 1 689 99618 689 0
410 2021/05/01 0 689 100307 689 1
411 2021/05/02 1 690 100997 690 0
412 2021/05/03 0 690 101687 690 0
413 2021/05/04 1 691 102378 691 0
414 2021/05/05 1 692 103070 692 0
415 2021/05/06 0 692 103762 692 0
416 2021/05/07 0 692 104454 692 0
417 2021/05/08 0 692 105146 692 0
418 2021/05/09 1 693 105839 693 0
419 2021/05/10 1 694 106533 694 0
420 2021/05/11 1 695 107228 695 0
421 2021/05/12 2 697 107925 697 0
422 2021/05/13 0 697 108622 697 1
423 2021/05/14 0 697 109319 697 0
424 2021/05/15 1 698 110017 698 0
425 2021/05/16 0 698 110715 698 0
426 2021/05/17 1 699 111414 699 0
427 2021/05/18 0 699 112113 699 0
428 2021/05/19 0 699 112812 699 0
429 2021/05/20 0 699 113511 699 0
430 2021/05/21 2 701 114212 701 0
431 2021/05/22 0 701 114913 701 0
432 2021/05/23 1 702 115615 702 0
433 2021/05/24 1 703 116318 703 0
434 2021/05/25 1 704 117022 704 0
435 2021/05/26 0 704 117726 704 0
436 2021/05/27 1 705 118431 705 0
437 2021/05/28 0 705 119136 705 0
438 2021/05/29 2 707 119843 707 0
439 2021/05/30 0 707 120550 707 0
440 2021/05/31 2 709 121259 709 0
441 2021/06/01 1 710 121969 710 0
442 2021/06/02 1 711 122680 711 0
443 2021/06/03 0 711 123391 711 0
444 2021/06/04 0 711 124102 711 0
445 2021/06/05 0 711 124813 711 0
446 2021/06/06 0 711 125524 711 0
447 2021/06/07 0 711 126235 711 0
448 2021/06/08 0 711 126946 711 0
449 2021/06/09 0 711 127657 711 0
450 2021/06/10 1 712 128369 712 1
451 2021/06/11 0 712 129081 712 0
452 2021/06/12 0 712 129793 712 0
453 2021/06/13 0 712 130505 712 0
454 2021/06/14 1 713 131218 713 0
455 2021/06/15 0 713 131931 713 0
456 2021/06/16 1 714 132645 714 0
457 2021/06/17 0 714 133359 714 0
458 2021/06/18 1 715 134074 715 0
459 2021/06/19 0 715 134789 715 0
460 2021/06/20 1 716 135505 716 0
461 2021/06/21 1 717 136222 717 0
462 2021/06/22 2 719 136941 719 0
463 2021/06/23 0 719 137660 719 0
464 2021/06/24 1 720 138380 720 0
465 2021/06/25 1 721 139101 721 0
466 2021/06/26 0 721 139822 721 0
467 2021/06/27 0 721 140543 721 0
468 2021/06/28 0 721 141264 721 0
469 2021/06/29 2 723 141987 723 0
470 2021/06/30 0 723 142710 723 0
471 2021/07/01 0 723 143433 723 0
472 2021/07/02 3 726 144159 726 1
473 2021/07/03 0 726 144885 726 1
474 2021/07/04 0 726 145611 726 1
475 2021/07/05 0 726 146337 726 0
476 2021/07/06 1 727 147064 727 0
477 2021/07/07 1 728 147792 728 0
478 2021/07/08 0 728 148520 728 0
479 2021/07/09 1 729 149249 729 1
480 2021/07/10 2 731 149980 731 1
481 2021/07/11 1 732 150712 732 1
482 2021/07/12 0 732 151444 732 0
483 2021/07/13 0 732 152176 732 0
484 2021/07/14 1 733 152909 733 0
485 2021/07/15 0 733 153642 733 0
486 2021/07/16 1 734 154376 734 1
487 2021/07/17 0 734 155110 734 1
488 2021/07/18 2 736 155846 736 0
489 2021/07/19 0 736 156582 736 0
490 2021/07/20 0 736 157318 736 0
491 2021/07/21 1 737 158055 737 0
492 2021/07/22 0 737 158792 737 0
493 2021/07/23 1 738 159530 738 1
494 2021/07/24 1 739 160269 739 1
495 2021/07/25 1 740 161009 740 0
496 2021/07/26 1 741 161750 741 0
497 2021/07/27 2 743 162493 743 0
498 2021/07/28 0 743 163236 743 0
499 2021/07/29 0 743 163979 743 3
