dates I C D F E
1 2020/03/18 57 57 294 294 1
2 2020/03/19 50 107 638 344 1
3 2020/03/20 80 187 1062 424 1
4 2020/03/21 52 239 1538 476 1
5 2020/03/22 42 281 2056 518 1
6 2020/03/23 76 357 2650 594 1
7 2020/03/24 41 398 3285 635 1
8 2020/03/25 67 465 3987 702 1
9 2020/03/26 71 536 4760 773 1
10 2020/03/27 70 606 5603 843 1
11 2020/03/28 56 662 6502 899 1
12 2020/03/29 68 730 7469 967 3
13 2020/03/30 124 854 8560 1091 1
14 2020/03/31 81 935 9732 1172 1
15 2020/04/01 147 1082 11051 1319 1
16 2020/04/02 168 1250 12538 1487 1
17 2020/04/03 116 1366 14141 1603 1
18 2020/04/04 78 1444 15822 1681 1
19 2020/04/05 102 1546 17605 1783 1
20 2020/04/06 129 1675 19517 1912 1
21 2020/04/07 126 1801 21555 2038 1
22 2020/04/08 156 1957 23749 2194 1
23 2020/04/09 154 2111 26097 2348 1
24 2020/04/10 142 2253 28587 2490 1
25 2020/04/11 65 2318 31142 2555 1
26 2020/04/12 80 2398 33777 2635 1
27 2020/04/13 182 2580 36594 2817 1
28 2020/04/14 140 2720 39551 2957 1
29 2020/04/15 135 2855 42643 3092 1
30 2020/04/16 195 3050 45930 3287 1
31 2020/04/17 118 3168 49335 3405 1
32 2020/04/18 126 3294 52866 3531 1
33 2020/04/19 72 3366 56469 3603 1
34 2020/04/20 142 3508 60214 3745 1
35 2020/04/21 126 3634 64085 3871 1
36 2020/04/22 131 3765 68087 4002 1
37 2020/04/23 103 3868 72192 4105 1
38 2020/04/24 113 3981 76410 4218 1
39 2020/04/25 81 4062 80709 4299 2
40 2020/04/26 88 4150 85096 4387 1
41 2020/04/27 141 4291 89624 4528 1
42 2020/04/28 123 4414 94275 4651 1
43 2020/04/29 95 4509 99021 4746 1
44 2020/04/30 76 4585 103843 4822 1
45 2020/05/01 100 4685 108765 4922 1
46 2020/05/02 63 4748 113750 4985 1
47 2020/05/03 66 4814 118801 5051 1
48 2020/05/04 105 4919 123957 5156 1
49 2020/05/05 93 5012 129206 5249 0
50 2020/05/06 110 5122 134565 5359 0
51 2020/05/07 145 5267 140069 5504 0
52 2020/05/08 116 5383 145689 5620 0
53 2020/05/09 99 5482 151408 5719 0
54 2020/05/10 94 5576 157221 5813 0
55 2020/05/11 122 5698 163156 5935 0
56 2020/05/12 157 5855 169248 6092 0
57 2020/05/13 121 5976 175461 6213 0
58 2020/05/14 123 6099 181797 6336 0
59 2020/05/15 183 6282 188316 6519 0
60 2020/05/16 114 6396 194949 6633 0
61 2020/05/17 87 6483 201669 6720 0
62 2020/05/18 173 6656 208562 6893 0
63 2020/05/19 200 6856 215655 7093 0
64 2020/05/20 159 7015 222907 7252 0
65 2020/05/21 144 7159 230303 7396 0
66 2020/05/22 186 7345 237885 7582 0
67 2020/05/23 115 7460 245582 7697 0
68 2020/05/24 91 7551 253370 7788 0
69 2020/05/25 141 7692 261299 7929 0
70 2020/05/26 231 7923 269459 8160 0
71 2020/05/27 447 8370 278066 8607 0
72 2020/05/28 379 8749 287052 8986 0
73 2020/05/29 402 9151 296440 9388 0
74 2020/05/30 186 9337 306014 9574 0
75 2020/05/31 144 9481 315732 9718 0
76 2020/06/01 256 9737 325706 9974 0
77 2020/06/02 451 10188 336131 10425 0
78 2020/06/03 295 10483 346851 10720 0
79 2020/06/04 275 10758 357846 10995 0
80 2020/06/05 278 11036 369119 11273 0
81 2020/06/06 260 11296 380652 11533 0
82 2020/06/07 179 11475 392364 11712 1
83 2020/06/08 296 11771 404372 12008 0
84 2020/06/09 369 12140 416749 12377 0
85 2020/06/10 378 12518 429504 12755 0
86 2020/06/11 323 12841 442582 13078 0
87 2020/06/12 351 13192 456011 13429 0
88 2020/06/13 337 13529 469777 13766 0
89 2020/06/14 280 13809 483823 14046 0
90 2020/06/15 443 14252 498312 14489 0
91 2020/06/16 622 14874 513423 15111 0
92 2020/06/17 675 15549 529209 15786 0
93 2020/06/18 633 16182 545628 16419 0
94 2020/06/19 613 16795 562660 17032 0
95 2020/06/20 406 17201 580098 17438 0
96 2020/06/21 299 17500 597835 17737 0
97 2020/06/22 705 18205 616277 18442 0
98 2020/06/23 974 19179 635693 19416 0
99 2020/06/24 1020 20199 656129 20436 0
100 2020/06/25 847 21046 677412 21283 0
101 2020/06/26 754 21800 699449 22037 0
102 2020/06/27 462 22262 721948 22499 0
103 2020/06/28 389 22651 744836 22888 0
104 2020/06/29 826 23477 768550 23714 0
105 2020/06/30 1034 24511 793298 24748 0
106 2020/07/01 717 25228 818763 25465 0
107 2020/07/02 841 26069 845069 26306 0
108 2020/07/03 571 26640 871946 26877 0
109 2020/07/04 305 26945 899128 27182 0
110 2020/07/05 368 27313 926678 27550 0
111 2020/07/06 860 28173 955088 28410 0
112 2020/07/07 1050 29223 984548 29460 0
113 2020/07/08 1015 30238 1015023 30475 0
114 2020/07/09 964 31202 1046462 31439 0
115 2020/07/10 895 32097 1078796 32334 0
116 2020/07/11 518 32615 1111648 32852 0
117 2020/07/12 392 33007 1144892 33244 0
118 2020/07/13 757 33764 1178893 34001 0
119 2020/07/14 924 34688 1213818 34925 0
120 2020/07/15 754 35442 1249497 35679 0
121 2020/07/16 780 36222 1285956 36459 0
122 2020/07/17 748 36970 1323163 37207 0
123 2020/07/18 595 37565 1360965 37802 0
124 2020/07/19 352 37917 1399119 38154 0
125 2020/07/20 702 38619 1437975 38856 0
126 2020/07/21 828 39447 1477659 39684 0
127 2020/07/22 700 40147 1518043 40384 0
128 2020/07/23 635 40782 1559062 41019 0
129 2020/07/24 604 41386 1600685 41623 0
130 2020/07/25 424 41810 1642732 42047 0
131 2020/07/26 270 42080 1685049 42317 0
132 2020/07/27 561 42641 1727927 42878 0
133 2020/07/28 680 43321 1771485 43558 0
134 2020/07/29 600 43921 1815643 44158 0
135 2020/07/30 591 44512 1860392 44749 0
136 2020/07/31 542 45054 1905683 45291 0
137 2020/08/01 390 45444 1951364 45681 0
138 2020/08/02 211 45655 1997256 45892 0
139 2020/08/03 433 46088 2043581 46325 0
140 2020/08/04 469 46557 2090375 46794 0
141 2020/08/05 386 46943 2137555 47180 0
142 2020/08/06 391 47334 2185126 47571 0
143 2020/08/07 395 47729 2233092 47966 0
144 2020/08/08 264 47993 2281322 48230 0
145 2020/08/09 203 48196 2329755 48433 0
146 2020/08/10 344 48540 2378532 48777 0
147 2020/08/11 387 48927 2427696 49164 0
148 2020/08/12 360 49287 2477220 49524 0
149 2020/08/13 349 49636 2527093 49873 0
150 2020/08/14 294 49930 2577260 50167 0
151 2020/08/15 229 50159 2627656 50396 0
152 2020/08/16 151 50310 2678203 50547 0
153 2020/08/17 330 50640 2729080 50877 0
154 2020/08/18 329 50969 2780286 51206 0
155 2020/08/19 329 51298 2831821 51535 0
156 2020/08/20 248 51546 2883604 51783 0
157 2020/08/21 218 51764 2935605 52001 0
158 2020/08/22 193 51957 2987799 52194 0
159 2020/08/23 148 52105 3040141 52342 0
160 2020/08/24 269 52374 3092752 52611 0
161 2020/08/25 277 52651 3145640 52888 0
162 2020/08/26 230 52881 3198758 53118 0
163 2020/08/27 241 53122 3252117 53359 0
164 2020/08/28 206 53328 3305682 53565 0
165 2020/08/29 131 53459 3359378 53696 0
166 2020/08/30 111 53570 3413185 53807 0
167 2020/08/31 179 53749 3467171 53986 0
168 2020/09/01 220 53969 3521377 54206 0
169 2020/09/02 219 54188 3575802 54425 0
170 2020/09/03 203 54391 3630430 54628 0
171 2020/09/04 179 54570 3685237 54807 0
172 2020/09/05 113 54683 3740157 54920 0
173 2020/09/06 106 54789 3795183 55026 0
174 2020/09/07 117 54906 3850326 55143 0
175 2020/09/08 275 55181 3905744 55418 1
176 2020/09/09 212 55393 3961374 55630 0
177 2020/09/10 230 55623 4017234 55860 0
178 2020/09/11 318 55941 4073412 56178 0
179 2020/09/12 133 56074 4129723 56311 0
180 2020/09/13 126 56200 4186160 56437 0
181 2020/09/14 207 56407 4242804 56644 0
182 2020/09/15 219 56626 4299667 56863 0
183 2020/09/16 291 56917 4356821 57154 0
184 2020/09/17 193 57110 4414168 57347 0
185 2020/09/18 223 57333 4471738 57570 0
186 2020/09/19 120 57453 4529428 57690 0
187 2020/09/20 121 57574 4587239 57811 0
188 2020/09/21 194 57768 4645244 58005 0
189 2020/09/22 273 58041 4703522 58278 0
190 2020/09/23 484 58525 4762284 58762 0
191 2020/09/24 304 58829 4821350 59066 0
192 2020/09/25 268 59097 4880684 59334 0
193 2020/09/26 176 59273 4940194 59510 0
194 2020/09/27 134 59407 4999838 59644 0
195 2020/09/28 296 59703 5059778 59940 0
196 2020/09/29 299 60002 5120017 60239 0
197 2020/09/30 330 60332 5180586 60569 0
198 2020/10/01 352 60684 5241507 60921 0
199 2020/10/02 250 60934 5302678 61171 0
200 2020/10/03 221 61155 5364070 61392 0
201 2020/10/04 155 61310 5425617 61547 0
202 2020/10/05 286 61596 5487450 61833 0
203 2020/10/06 319 61915 5549602 62152 0
204 2020/10/07 264 62179 5612018 62416 0
205 2020/10/08 347 62526 5674781 62763 0
206 2020/10/09 268 62794 5737812 63031 0
207 2020/10/10 237 63031 5801080 63268 0
208 2020/10/11 203 63234 5864551 63471 0
209 2020/10/12 289 63523 5928311 63760 0
210 2020/10/13 312 63835 5992383 64072 0
211 2020/10/14 319 64154 6056774 64391 0
212 2020/10/15 283 64437 6121448 64674 0
213 2020/10/16 331 64768 6186453 65005 0
214 2020/10/17 225 64993 6251683 65230 0
215 2020/10/18 197 65190 6317110 65427 0
216 2020/10/19 309 65499 6382846 65736 0
217 2020/10/20 429 65928 6449011 66165 0
218 2020/10/21 380 66308 6515556 66545 0
219 2020/10/22 293 66601 6582394 66838 0
220 2020/10/23 334 66935 6649566 67172 0
221 2020/10/24 240 67175 6716978 67412 0
222 2020/10/25 209 67384 6784599 67621 0
223 2020/10/26 452 67836 6852672 68073 0
224 2020/10/27 456 68292 6921201 68529 0
225 2020/10/28 352 68644 6990082 68881 0
226 2020/10/29 398 69042 7059361 69279 0
227 2020/10/30 375 69417 7129015 69654 0
228 2020/10/31 341 69758 7199010 69995 0
229 2020/11/01 356 70114 7269361 70351 0
230 2020/11/02 627 70741 7340339 70978 0
231 2020/11/03 631 71372 7411948 71609 0
232 2020/11/04 615 71987 7484172 72224 0
233 2020/11/05 614 72601 7557010 72838 0
234 2020/11/06 710 73311 7630558 73548 0
235 2020/11/07 444 73755 7704550 73992 0
236 2020/11/08 393 74148 7778935 74385 0
237 2020/11/09 653 74801 7853973 75038 0
238 2020/11/10 781 75582 7929792 75819 0
239 2020/11/11 642 76224 8006253 76461 0
240 2020/11/12 902 77126 8083616 77363 0
241 2020/11/13 926 78052 8161905 78289 0
242 2020/11/14 739 78791 8240933 79028 0
243 2020/11/15 738 79529 8320699 79766 0
244 2020/11/16 1319 80848 8401784 81085 0
245 2020/11/17 1366 82214 8484235 82451 0
246 2020/11/18 1378 83592 8568064 83829 0
247 2020/11/19 1422 85014 8653315 85251 0
248 2020/11/20 1468 86482 8740034 86719 0
249 2020/11/21 1006 87488 8827759 87725 0
250 2020/11/22 771 88259 8916255 88496 0
251 2020/11/23 1590 89849 9006341 90086 0
252 2020/11/24 1773 91622 9098200 91859 0
253 2020/11/25 1745 93367 9191804 93604 0
254 2020/11/26 535 93902 9285943 94139 0
255 2020/11/27 1589 95491 9381671 95728 1
256 2020/11/28 1599 97090 9478998 97327 0
257 2020/11/29 1395 98485 9577720 98722 0
258 2020/11/30 2378 100863 9678820 101100 0
259 2020/12/01 2981 103844 9782901 104081 0
260 2020/12/02 2793 106637 9889775 106874 0
261 2020/12/03 2706 109343 9999355 109580 0
262 2020/12/04 2741 112084 10111676 112321 0
263 2020/12/05 2185 114269 10226182 114506 0
264 2020/12/06 1595 115864 10342283 116101 0
265 2020/12/07 3080 118944 10461464 119181 0
266 2020/12/08 3180 122124 10583825 122361 0
267 2020/12/09 3332 125456 10709518 125693 0
268 2020/12/10 3693 129149 10838904 129386 0
269 2020/12/11 3662 132811 10971952 133048 0
270 2020/12/12 3064 135875 11108064 136112 0
271 2020/12/13 2040 137915 11246216 138152 0
272 2020/12/14 4099 142014 11388467 142251 0
273 2020/12/15 4112 146126 11534830 146363 0
274 2020/12/16 4042 150168 11685235 150405 0
275 2020/12/17 4116 154284 11839756 154521 0
276 2020/12/18 3843 158127 11998120 158364 0
277 2020/12/19 2812 160939 12159296 161176 0
278 2020/12/20 1951 162890 12322423 163127 0
279 2020/12/21 4174 167064 12489724 167301 0
280 2020/12/22 4200 171264 12661225 171501 0
281 2020/12/23 3776 175040 12836502 175277 0
282 2020/12/24 2216 177256 13013995 177493 0
283 2020/12/25 887 178143 13192375 178380 0
284 2020/12/26 3242 181385 13373997 181622 0
285 2020/12/27 2409 183794 13558028 184031 0
286 2020/12/28 4789 188583 13746848 188820 0
287 2020/12/29 4822 193405 13940490 193642 0
288 2020/12/30 4670 198075 14138802 198312 1
289 2020/12/31 3007 201082 14340121 201319 0
290 2021/01/01 1498 202580 14542938 202817 0
291 2021/01/02 3225 205805 14748980 206042 0
292 2021/01/03 2554 208359 14957576 208596 1
293 2021/01/04 4775 213134 15170947 213371 0
294 2021/01/05 4471 217605 15388789 217842 0
295 2021/01/06 4106 221711 15610737 221948 0
296 2021/01/07 4012 225723 15836697 225960 0
297 2021/01/08 3335 229058 16065992 229295 0
298 2021/01/09 2357 231415 16297644 231652 0
299 2021/01/10 1703 233118 16530999 233355 0
300 2021/01/11 3333 236451 16767687 236688 0
301 2021/01/12 3492 239943 17007867 240180 0
302 2021/01/13 3115 243058 17251162 243295 0
303 2021/01/14 3095 246153 17497552 246390 0
304 2021/01/15 2618 248771 17746560 249008 0
305 2021/01/16 1831 250602 17997399 250839 0
306 2021/01/17 1349 251951 18249587 252188 0
307 2021/01/18 2085 254036 18503860 254273 0
308 2021/01/19 2277 256313 18760410 256550 0
309 2021/01/20 2059 258372 19019019 258609 0
310 2021/01/21 2010 260382 19279638 260619 0
311 2021/01/22 1712 262094 19541969 262331 0
312 2021/01/23 1124 263218 19805424 263455 0
313 2021/01/24 874 264092 20069753 264329 0
314 2021/01/25 1598 265690 20335680 265927 0
315 2021/01/26 1679 267369 20603286 267606 0
316 2021/01/27 1333 268702 20872225 268939 0
317 2021/01/28 1172 269874 21142336 270111 0
318 2021/01/29 763 270637 21413210 270874 0
319 2021/01/30 790 271427 21684874 271664 0
320 2021/01/31 590 272017 21957128 272254 0
321 2021/02/01 971 272988 22230353 273225 0
322 2021/02/02 906 273894 22504484 274131 0
323 2021/02/03 833 274727 22779448 274964 0
324 2021/02/04 725 275452 23055137 275689 0
325 2021/02/05 738 276190 23331564 276427 0
326 2021/02/06 406 276596 23608397 276833 0
327 2021/02/07 359 276955 23885589 277192 0
328 2021/02/08 512 277467 24163293 277704 0
329 2021/02/09 558 278025 24441555 278262 0
330 2021/02/10 486 278511 24720303 278748 0
331 2021/02/11 412 278923 24999463 279160 0
332 2021/02/12 365 279288 25278988 279525 0
333 2021/02/13 274 279562 25558787 279799 0
334 2021/02/14 228 279790 25838814 280027 0
335 2021/02/15 314 280104 26119155 280341 1
336 2021/02/16 346 280450 26399842 280687 0
337 2021/02/17 301 280751 26680830 280988 0
338 2021/02/18 275 281026 26962093 281263 0
339 2021/02/19 280 281306 27243636 281543 0
340 2021/02/20 171 281477 27525350 281714 0
341 2021/02/21 151 281628 27807215 281865 0
342 2021/02/22 230 281858 28089310 282095 0
343 2021/02/23 259 282117 28371664 282354 0
344 2021/02/24 233 282350 28654251 282587 0
345 2021/02/25 222 282572 28937060 282809 0
346 2021/02/26 185 282757 29220054 282994 0
347 2021/02/27 144 282901 29503192 283138 0
348 2021/02/28 109 283010 29786439 283247 1
349 2021/03/01 219 283229 30069905 283466 0
350 2021/03/02 215 283444 30353586 283681 0
351 2021/03/03 166 283610 30637433 283847 0
352 2021/03/04 129 283739 30921409 283976 0
353 2021/03/05 124 283863 31205509 284100 0
354 2021/03/06 110 283973 31489719 284210 0
355 2021/03/07 90 284063 31774019 284300 1
356 2021/03/08 144 284207 32058463 284444 1
357 2021/03/09 138 284345 32343045 284582 0
358 2021/03/10 130 284475 32627757 284712 0
359 2021/03/11 136 284611 32912605 284848 0
360 2021/03/12 164 284775 33197617 285012 0
361 2021/03/13 98 284873 33482727 285110 1
362 2021/03/14 87 284960 33767924 285197 1
363 2021/03/15 151 285111 34053272 285348 0
364 2021/03/16 142 285253 34338762 285490 0
365 2021/03/17 102 285355 34624354 285592 0
366 2021/03/18 111 285466 34910057 285703 0
367 2021/03/19 79 285545 35195839 285782 0
368 2021/03/20 82 285627 35481703 285864 0
369 2021/03/21 72 285699 35767639 285936 0
370 2021/03/22 105 285804 36053680 286041 0
371 2021/03/23 92 285896 36339813 286133 0
372 2021/03/24 94 285990 36626040 286227 0
373 2021/03/25 83 286073 36912350 286310 0
374 2021/03/26 95 286168 37198755 286405 0
375 2021/03/27 78 286246 37485238 286483 0
376 2021/03/28 62 286308 37771783 286545 0
377 2021/03/29 103 286411 38058431 286648 0
378 2021/03/30 89 286500 38345168 286737 0
379 2021/03/31 119 286619 38632024 286856 0
380 2021/04/01 99 286718 38918979 286955 0
381 2021/04/02 102 286820 39206036 287057 0
382 2021/04/03 84 286904 39493177 287141 0
383 2021/04/04 77 286981 39780395 287218 0
384 2021/04/05 125 287106 40067738 287343 0
385 2021/04/06 131 287237 40355212 287474 0
386 2021/04/07 177 287414 40642863 287651 0
387 2021/04/08 109 287523 40930623 287760 0
388 2021/04/09 111 287634 41218494 287871 0
389 2021/04/10 82 287716 41506447 287953 0
390 2021/04/11 79 287795 41794479 288032 0
391 2021/04/12 128 287923 42082639 288160 0
392 2021/04/13 107 288030 42370906 288267 0
393 2021/04/14 117 288147 42659290 288384 0
394 2021/04/15 109 288256 42947783 288493 0
395 2021/04/16 100 288356 43236376 288593 0
396 2021/04/17 76 288432 43525045 288669 0
397 2021/04/18 69 288501 43813783 288738 0
398 2021/04/19 89 288590 44102610 288827 0
399 2021/04/20 91 288681 44391528 288918 0
400 2021/04/21 93 288774 44680539 289011 0
401 2021/04/22 95 288869 44969645 289106 0
402 2021/04/23 95 288964 45258846 289201 0
403 2021/04/24 57 289021 45548104 289258 0
404 2021/04/25 67 289088 45837429 289325 0
405 2021/04/26 93 289181 46126847 289418 0
406 2021/04/27 61 289242 46416326 289479 0
407 2021/04/28 73 289315 46705878 289552 0
408 2021/04/29 56 289371 46995486 289608 0
409 2021/04/30 67 289438 47285161 289675 0
410 2021/05/01 53 289491 47574889 289728 0
411 2021/05/02 39 289530 47864656 289767 0
412 2021/05/03 97 289627 48154520 289864 0
413 2021/05/04 72 289699 48444456 289936 1
414 2021/05/05 83 289782 48734475 290019 0
415 2021/05/06 87 289869 49024581 290106 0
416 2021/05/07 73 289942 49314760 290179 0
417 2021/05/08 57 289999 49604996 290236 0
418 2021/05/09 40 290039 49895272 290276 0
419 2021/05/10 79 290118 50185627 290355 0
420 2021/05/11 66 290184 50476048 290421 0
421 2021/05/12 58 290242 50766527 290479 0
422 2021/05/13 68 290310 51057074 290547 0
423 2021/05/14 60 290370 51347681 290607 0
424 2021/05/15 52 290422 51638340 290659 0
425 2021/05/16 43 290465 51929042 290702 0
426 2021/05/17 70 290535 52219814 290772 0
427 2021/05/18 65 290600 52510651 290837 0
428 2021/05/19 51 290651 52801539 290888 0
429 2021/05/20 45 290696 53092472 290933 0
430 2021/05/21 46 290742 53383451 290979 0
431 2021/05/22 27 290769 53674457 291006 0
432 2021/05/23 30 290799 53965493 291036 0
433 2021/05/24 67 290866 54256596 291103 0
434 2021/05/25 54 290920 54547753 291157 0
435 2021/05/26 37 290957 54838947 291194 0
436 2021/05/27 46 291003 55130187 291240 0
437 2021/05/28 35 291038 55421462 291275 1
438 2021/05/29 22 291060 55712759 291297 0
439 2021/05/30 20 291080 56004076 291317 0
440 2021/05/31 21 291101 56295414 291338 0
441 2021/06/01 57 291158 56586809 291395 0
442 2021/06/02 51 291209 56878255 291446 0
443 2021/06/03 55 291264 57169756 291501 0
444 2021/06/04 54 291318 57461311 291555 0
445 2021/06/05 26 291344 57752892 291581 1
446 2021/06/06 35 291379 58044508 291616 0
447 2021/06/07 33 291412 58336157 291649 0
448 2021/06/08 39 291451 58627845 291688 0
449 2021/06/09 33 291484 58919566 291721 1
450 2021/06/10 41 291525 59211328 291762 0
451 2021/06/11 41 291566 59503131 291803 0
452 2021/06/12 32 291598 59794966 291835 0
453 2021/06/13 39 291637 60086840 291874 0
454 2021/06/14 66 291703 60378780 291940 0
455 2021/06/15 54 291757 60670774 291994 0
456 2021/06/16 57 291814 60962825 292051 0
457 2021/06/17 60 291874 61254936 292111 0
458 2021/06/18 46 291920 61547093 292157 1
459 2021/06/19 45 291965 61839295 292202 1
460 2021/06/20 35 292000 62131532 292237 0
461 2021/06/21 67 292067 62423836 292304 0
462 2021/06/22 64 292131 62716204 292368 0
463 2021/06/23 56 292187 63008628 292424 0
464 2021/06/24 78 292265 63301130 292502 0
465 2021/06/25 77 292342 63593709 292579 0
466 2021/06/26 58 292400 63886346 292637 0
467 2021/06/27 47 292447 64179030 292684 0
468 2021/06/28 77 292524 64471791 292761 0
469 2021/06/29 112 292636 64764664 292873 0
470 2021/06/30 88 292724 65057625 292961 0
471 2021/07/01 79 292803 65350665 293040 1
472 2021/07/02 102 292905 65643807 293142 1
473 2021/07/03 76 292981 65937025 293218 1
474 2021/07/04 35 293016 66230278 293253 1
475 2021/07/05 69 293085 66523600 293322 1
476 2021/07/06 87 293172 66817009 293409 0
477 2021/07/07 11 293183 67110429 293420 1
478 2021/07/08 0 293183 67403849 293420 2
