dates I C D F E
1 2020/03/18 20 255 3 0 1
2 2020/03/19 23 278 3 0 1
3 2020/03/20 33 311 3 0 1
4 2020/03/21 21 332 5 2 2
5 2020/03/22 28 360 5 0 1
6 2020/03/23 31 391 7 2 1
7 2020/03/24 33 424 7 0 1
8 2020/03/25 19 443 7 0 1
9 2020/03/26 26 469 8 1 1
10 2020/03/27 33 502 8 0 1
11 2020/03/28 23 525 8 0 1
12 2020/03/29 18 543 9 1 3
13 2020/03/30 40 583 10 1 1
14 2020/03/31 24 607 10 0 1
15 2020/04/01 52 659 11 1 1
16 2020/04/02 32 691 12 1 1
17 2020/04/03 18 709 15 3 1
18 2020/04/04 22 731 18 3 1
19 2020/04/05 18 749 20 2 1
20 2020/04/06 31 780 22 2 1
21 2020/04/07 30 810 23 1 1
22 2020/04/08 30 840 25 2 1
23 2020/04/09 34 874 26 1 1
24 2020/04/10 23 897 28 2 1
25 2020/04/11 9 906 29 1 1
26 2020/04/12 11 917 29 0 1
27 2020/04/13 37 954 32 3 1
28 2020/04/14 12 966 32 0 1
29 2020/04/15 9 975 32 0 1
30 2020/04/16 9 984 32 0 1
31 2020/04/17 8 992 32 0 1
32 2020/04/18 7 999 33 1 1
33 2020/04/19 12 1011 34 1 1
34 2020/04/20 26 1037 35 1 1
35 2020/04/21 11 1048 37 2 1
36 2020/04/22 10 1058 40 3 1
37 2020/04/23 5 1063 40 0 1
38 2020/04/24 12 1075 40 0 1
39 2020/04/25 6 1081 40 0 1
40 2020/04/26 2 1083 41 1 1
41 2020/04/27 9 1092 41 0 1
42 2020/04/28 15 1107 42 1 1
43 2020/04/29 14 1121 42 0 1
44 2020/04/30 22 1143 44 2 1
45 2020/05/01 6 1149 46 2 1
46 2020/05/02 5 1154 46 0 1
47 2020/05/03 3 1157 47 1 1
48 2020/05/04 9 1166 47 0 1
49 2020/05/05 10 1176 49 2 0
50 2020/05/06 7 1183 52 3 0
51 2020/05/07 7 1190 52 0 0
52 2020/05/08 6 1196 53 1 0
53 2020/05/09 5 1201 54 1 0
54 2020/05/10 4 1205 55 1 0
55 2020/05/11 16 1221 55 0 0
56 2020/05/12 15 1236 57 2 0
57 2020/05/13 20 1256 58 1 0
58 2020/05/14 15 1271 58 0 0
59 2020/05/15 12 1283 58 0 0
60 2020/05/16 10 1293 58 0 0
61 2020/05/17 7 1300 58 0 0
62 2020/05/18 11 1311 58 0 0
63 2020/05/19 6 1317 58 0 0
64 2020/05/20 14 1331 58 0 1
65 2020/05/21 10 1341 58 0 0
66 2020/05/22 13 1354 58 0 1
67 2020/05/23 16 1370 58 0 0
68 2020/05/24 16 1386 59 1 0
69 2020/05/25 17 1403 60 1 0
70 2020/05/26 20 1423 60 0 0
71 2020/05/27 26 1449 60 0 0
72 2020/05/28 28 1477 60 0 0
73 2020/05/29 20 1497 61 1 0
74 2020/05/30 23 1520 62 1 0
75 2020/05/31 11 1531 62 0 0
76 2020/06/01 31 1562 62 0 0
77 2020/06/02 39 1601 62 0 0
78 2020/06/03 29 1630 62 0 0
79 2020/06/04 30 1660 63 1 0
80 2020/06/05 27 1687 63 0 0
81 2020/06/06 22 1709 64 1 0
82 2020/06/07 23 1732 65 1 0
83 2020/06/08 46 1778 66 1 0
84 2020/06/09 50 1828 66 0 0
85 2020/06/10 54 1882 66 0 0
86 2020/06/11 39 1921 66 0 0
87 2020/06/12 48 1969 67 1 0
88 2020/06/13 55 2024 67 0 0
89 2020/06/14 54 2078 68 1 0
90 2020/06/15 85 2163 68 0 0
91 2020/06/16 115 2278 68 0 0
92 2020/06/17 110 2388 68 0 0
93 2020/06/18 108 2496 68 0 0
94 2020/06/19 115 2611 68 0 0
95 2020/06/20 84 2695 71 3 1
96 2020/06/21 69 2764 72 1 1
97 2020/06/22 200 2964 73 1 0
98 2020/06/23 214 3178 75 2 0
99 2020/06/24 177 3355 76 1 0
100 2020/06/25 205 3560 76 0 0
101 2020/06/26 221 3781 76 0 0
102 2020/06/27 164 3945 76 0 1
103 2020/06/28 118 4063 77 1 0
104 2020/06/29 228 4291 78 1 1
105 2020/06/30 282 4573 80 2 0
106 2020/07/01 290 4863 81 1 0
107 2020/07/02 251 5114 82 1 0
108 2020/07/03 234 5348 84 2 0
109 2020/07/04 136 5484 85 1 0
110 2020/07/05 167 5651 87 2 0
111 2020/07/06 317 5968 87 0 0
112 2020/07/07 352 6320 90 3 0
113 2020/07/08 342 6662 91 1 0
114 2020/07/09 289 6951 94 3 0
115 2020/07/10 325 7276 95 1 0
116 2020/07/11 257 7533 97 2 0
117 2020/07/12 174 7707 102 5 0
118 2020/07/13 309 8016 104 2 0
119 2020/07/14 295 8311 105 1 0
120 2020/07/15 353 8664 108 3 0
121 2020/07/16 377 9041 109 1 0
122 2020/07/17 315 9356 111 2 0
123 2020/07/18 244 9600 114 3 0
124 2020/07/19 243 9843 121 7 0
125 2020/07/20 386 10229 125 4 0
126 2020/07/21 328 10557 129 4 0
127 2020/07/22 272 10829 133 4 0
128 2020/07/23 265 11094 136 3 0
129 2020/07/24 230 11324 140 4 0
130 2020/07/25 185 11509 148 8 0
131 2020/07/26 148 11657 150 2 0
132 2020/07/27 303 11960 153 3 0
133 2020/07/28 295 12255 154 1 0
134 2020/07/29 251 12506 161 7 0
135 2020/07/30 243 12749 162 1 0
136 2020/07/31 221 12970 168 6 0
137 2020/08/01 181 13151 172 4 0
138 2020/08/02 157 13308 175 3 0
139 2020/08/03 285 13593 184 9 0
140 2020/08/04 197 13790 194 10 0
141 2020/08/05 219 14009 197 3 0
142 2020/08/06 219 14228 202 5 0
143 2020/08/07 231 14459 207 5 0
144 2020/08/08 145 14604 216 9 0
145 2020/08/09 130 14734 224 8 0
146 2020/08/10 278 15012 226 2 0
147 2020/08/11 313 15325 231 5 0
148 2020/08/12 287 15612 233 2 0
149 2020/08/13 215 15827 239 6 0
150 2020/08/14 200 16027 244 5 0
151 2020/08/15 150 16177 249 5 0
152 2020/08/16 110 16287 258 9 0
153 2020/08/17 241 16528 269 11 0
154 2020/08/18 224 16752 271 2 0
155 2020/08/19 229 16981 277 6 0
156 2020/08/20 183 17164 287 10 0
157 2020/08/21 243 17407 293 6 0
158 2020/08/22 123 17530 302 9 0
159 2020/08/23 111 17641 304 2 0
160 2020/08/24 224 17865 311 7 0
161 2020/08/25 198 18063 319 8 0
162 2020/08/26 152 18215 325 6 0
163 2020/08/27 163 18378 328 3 0
164 2020/08/28 199 18577 333 5 0
165 2020/08/29 98 18675 341 8 0
166 2020/08/30 71 18746 347 6 0
167 2020/08/31 180 18926 352 5 0
168 2020/09/01 235 19161 359 7 0
169 2020/09/02 184 19345 366 7 0
170 2020/09/03 234 19579 372 6 0
171 2020/09/04 128 19707 374 2 0
172 2020/09/05 88 19795 379 5 0
173 2020/09/06 90 19885 382 3 0
174 2020/09/07 95 19980 382 0 0
175 2020/09/08 242 20222 388 6 0
176 2020/09/09 235 20457 391 3 0
177 2020/09/10 106 20563 392 1 0
178 2020/09/11 120 20683 396 4 0
179 2020/09/12 87 20770 401 5 0
180 2020/09/13 68 20838 407 6 0
181 2020/09/14 348 21186 411 4 0
182 2020/09/15 193 21379 415 4 0
183 2020/09/16 143 21522 419 4 0
184 2020/09/17 95 21617 424 5 0
185 2020/09/18 233 21850 430 6 0
186 2020/09/19 85 21935 433 3 0
187 2020/09/20 54 21989 436 3 0
188 2020/09/21 187 22176 438 2 0
189 2020/09/22 182 22358 442 4 0
190 2020/09/23 119 22477 445 3 0
191 2020/09/24 77 22554 451 6 0
192 2020/09/25 126 22680 452 1 0
193 2020/09/26 78 22758 458 6 0
194 2020/09/27 57 22815 461 3 0
195 2020/09/28 97 22912 463 2 0
196 2020/09/29 148 23060 468 5 0
197 2020/09/30 121 23181 471 3 0
198 2020/10/01 103 23284 472 1 0
199 2020/10/02 110 23394 474 2 0
200 2020/10/03 63 23457 478 4 0
201 2020/10/04 52 23509 480 2 0
202 2020/10/05 113 23622 485 5 0
203 2020/10/06 104 23726 486 1 0
204 2020/10/07 87 23813 488 2 0
205 2020/10/08 96 23909 490 2 0
206 2020/10/09 108 24017 491 1 0
207 2020/10/10 70 24087 493 2 0
208 2020/10/11 66 24153 497 4 0
209 2020/10/12 140 24293 497 0 0
210 2020/10/13 107 24400 499 2 0
211 2020/10/14 78 24478 503 4 0
212 2020/10/15 143 24621 504 1 0
213 2020/10/16 119 24740 508 4 0
214 2020/10/17 95 24835 510 2 0
215 2020/10/18 85 24920 512 2 0
216 2020/10/19 155 25075 516 4 0
217 2020/10/20 139 25214 519 3 0
218 2020/10/21 126 25340 519 0 0
219 2020/10/22 192 25532 519 0 0
220 2020/10/23 137 25669 520 1 0
221 2020/10/24 107 25776 523 3 0
222 2020/10/25 81 25857 525 2 0
223 2020/10/26 215 26072 529 4 0
224 2020/10/27 183 26255 532 3 0
225 2020/10/28 186 26441 535 3 0
226 2020/10/29 197 26638 536 1 0
227 2020/10/30 212 26850 537 1 1
228 2020/10/31 147 26997 539 2 0
229 2020/11/01 200 27197 540 1 0
230 2020/11/02 318 27515 542 2 0
231 2020/11/03 340 27855 546 4 0
232 2020/11/04 382 28237 546 0 0
233 2020/11/05 347 28584 547 1 0
234 2020/11/06 383 28967 548 1 0
235 2020/11/07 290 29257 554 6 0
236 2020/11/08 251 29508 558 4 0
237 2020/11/09 561 30069 561 3 0
238 2020/11/10 471 30540 567 6 0
239 2020/11/11 410 30950 573 6 0
240 2020/11/12 454 31404 578 5 0
241 2020/11/13 489 31893 582 4 0
242 2020/11/14 317 32210 584 2 0
243 2020/11/15 326 32536 589 5 0
244 2020/11/16 625 33161 595 6 0
245 2020/11/17 640 33801 598 3 0
246 2020/11/18 594 34395 601 3 0
247 2020/11/19 625 35020 605 4 0
248 2020/11/20 517 35537 607 2 0
249 2020/11/21 381 35918 611 4 1
250 2020/11/22 392 36310 621 10 0
251 2020/11/23 731 37041 628 7 0
252 2020/11/24 559 37600 638 10 0
253 2020/11/25 680 38280 649 11 0
254 2020/11/26 340 38620 655 6 0
255 2020/11/27 644 39264 667 12 1
256 2020/11/28 621 39885 673 6 0
257 2020/11/29 582 40467 680 7 0
258 2020/11/30 1075 41542 687 7 0
259 2020/12/01 1078 42620 697 10 0
260 2020/12/02 1047 43667 706 9 0
261 2020/12/03 1030 44697 712 6 0
262 2020/12/04 1048 45745 722 10 0
263 2020/12/05 761 46506 736 14 0
264 2020/12/06 664 47170 747 11 0
265 2020/12/07 1241 48411 766 19 0
266 2020/12/08 1092 49503 772 6 0
267 2020/12/09 1067 50570 784 12 0
268 2020/12/10 1060 51630 805 21 0
269 2020/12/11 893 52523 811 6 0
270 2020/12/12 665 53188 817 6 0
271 2020/12/13 582 53770 824 7 0
272 2020/12/14 1261 55031 837 13 0
273 2020/12/15 1108 56139 847 10 0
274 2020/12/16 1016 57155 858 11 0
275 2020/12/17 971 58126 869 11 0
276 2020/12/18 902 59028 884 15 0
277 2020/12/19 628 59656 896 12 0
278 2020/12/20 531 60187 912 16 0
279 2020/12/21 993 61180 925 13 0
280 2020/12/22 1016 62196 938 13 0
281 2020/12/23 925 63121 951 13 0
282 2020/12/24 645 63766 964 13 0
283 2020/12/25 275 64041 979 15 0
284 2020/12/26 694 64735 995 16 0
285 2020/12/27 622 65357 1014 19 0
286 2020/12/28 1202 66559 1029 15 0
287 2020/12/29 1228 67787 1039 10 0
288 2020/12/30 1037 68824 1049 10 1
289 2020/12/31 871 69695 1062 13 1
290 2021/01/01 517 70212 1072 10 0
291 2021/01/02 601 70813 1085 13 0
292 2021/01/03 642 71455 1095 10 0
293 2021/01/04 1201 72656 1105 10 0
294 2021/01/05 1059 73715 1120 15 0
295 2021/01/06 931 74646 1128 8 0
296 2021/01/07 1019 75665 1146 18 0
297 2021/01/08 905 76570 1152 6 0
298 2021/01/09 576 77146 1161 9 0
299 2021/01/10 524 77670 1170 9 0
300 2021/01/11 954 78624 1179 9 0
301 2021/01/12 919 79543 1187 8 0
302 2021/01/13 744 80287 1195 8 0
303 2021/01/14 654 80941 1205 10 0
304 2021/01/15 637 81578 1222 17 0
305 2021/01/16 418 81996 1230 8 1
306 2021/01/17 373 82369 1241 11 0
307 2021/01/18 593 82962 1253 12 0
308 2021/01/19 677 83639 1267 14 0
309 2021/01/20 532 84171 1273 6 0
310 2021/01/21 565 84736 1284 11 0
311 2021/01/22 479 85215 1297 13 0
312 2021/01/23 330 85545 1312 15 0
313 2021/01/24 227 85772 1321 9 0
314 2021/01/25 573 86345 1327 6 0
315 2021/01/26 452 86797 1338 11 0
316 2021/01/27 354 87151 1342 4 0
317 2021/01/28 366 87517 1347 5 0
318 2021/01/29 366 87883 1358 11 0
319 2021/01/30 254 88137 1364 6 0
320 2021/01/31 194 88331 1374 10 0
321 2021/02/01 441 88772 1383 9 0
322 2021/02/02 397 89169 1391 8 0
323 2021/02/03 292 89461 1397 6 0
324 2021/02/04 323 89784 1405 8 0
325 2021/02/05 303 90087 1413 8 0
326 2021/02/06 179 90266 1421 8 0
327 2021/02/07 218 90484 1428 7 0
328 2021/02/08 333 90817 1436 8 0
329 2021/02/09 288 91105 1446 10 0
330 2021/02/10 310 91415 1451 5 0
331 2021/02/11 248 91663 1458 7 0
332 2021/02/12 246 91909 1461 3 0
333 2021/02/13 204 92113 1467 6 0
334 2021/02/14 168 92281 1473 6 0
335 2021/02/15 207 92488 1477 4 0
336 2021/02/16 327 92815 1486 9 0
337 2021/02/17 255 93070 1489 3 0
338 2021/02/18 155 93225 1494 5 0
339 2021/02/19 163 93388 1500 6 0
340 2021/02/20 121 93509 1504 4 0
341 2021/02/21 125 93634 1510 6 1
342 2021/02/22 212 93846 1514 4 0
343 2021/02/23 166 94012 1516 2 0
344 2021/02/24 157 94169 1518 2 0
345 2021/02/25 153 94322 1521 3 0
346 2021/02/26 159 94481 1524 3 0
347 2021/02/27 123 94604 1528 4 0
348 2021/02/28 82 94686 1530 2 0
349 2021/03/01 184 94870 1532 2 0
350 2021/03/02 145 95015 1535 3 0
351 2021/03/03 167 95182 1540 5 0
352 2021/03/04 159 95341 1541 1 0
353 2021/03/05 133 95474 1545 4 0
354 2021/03/06 99 95573 1553 8 0
355 2021/03/07 88 95661 1554 1 0
356 2021/03/08 177 95838 1557 3 0
357 2021/03/09 172 96010 1559 2 0
358 2021/03/10 168 96178 1561 2 0
359 2021/03/11 130 96308 1561 0 0
360 2021/03/12 140 96448 1563 2 0
361 2021/03/13 123 96571 1567 4 0
362 2021/03/14 86 96657 1570 3 0
363 2021/03/15 176 96833 1572 2 0
364 2021/03/16 154 96987 1574 2 1
365 2021/03/17 135 97122 1578 4 0
366 2021/03/18 127 97249 1580 2 0
367 2021/03/19 151 97400 1581 1 0
368 2021/03/20 102 97502 1582 1 0
369 2021/03/21 110 97612 1583 1 0
370 2021/03/22 195 97807 1585 2 0
371 2021/03/23 177 97984 1585 0 0
372 2021/03/24 192 98176 1586 1 0
373 2021/03/25 174 98350 1588 2 0
374 2021/03/26 144 98494 1588 0 1
375 2021/03/27 100 98594 1589 1 0
376 2021/03/28 90 98684 1592 3 0
377 2021/03/29 174 98858 1593 1 0
378 2021/03/30 193 99051 1595 2 0
379 2021/03/31 136 99187 1596 1 0
380 2021/04/01 177 99364 1598 2 0
381 2021/04/02 143 99507 1598 0 0
382 2021/04/03 107 99614 1598 0 0
383 2021/04/04 108 99722 1599 1 0
384 2021/04/05 200 99922 1600 1 0
385 2021/04/06 161 100083 1600 0 0
386 2021/04/07 208 100291 1603 3 0
387 2021/04/08 166 100457 1603 0 0
388 2021/04/09 142 100599 1603 0 0
389 2021/04/10 155 100754 1603 0 0
390 2021/04/11 102 100856 1605 2 0
391 2021/04/12 169 101025 1608 3 0
392 2021/04/13 173 101198 1609 1 0
393 2021/04/14 175 101373 1611 2 0
394 2021/04/15 173 101546 1611 0 0
395 2021/04/16 128 101674 1613 2 0
396 2021/04/17 99 101773 1613 0 0
397 2021/04/18 110 101883 1615 2 0
398 2021/04/19 176 102059 1619 4 0
399 2021/04/20 133 102192 1621 2 0
400 2021/04/21 138 102330 1623 2 0
401 2021/04/22 126 102456 1623 0 0
402 2021/04/23 149 102605 1623 0 0
403 2021/04/24 87 102692 1626 3 0
404 2021/04/25 84 102776 1630 4 0
405 2021/04/26 169 102945 1631 1 0
406 2021/04/27 172 103117 1632 1 0
407 2021/04/28 127 103244 1633 1 0
408 2021/04/29 123 103367 1635 2 0
409 2021/04/30 132 103499 1637 2 0
410 2021/05/01 101 103600 1640 3 0
411 2021/05/02 79 103679 1643 3 0
412 2021/05/03 135 103814 1643 0 0
413 2021/05/04 153 103967 1645 2 0
414 2021/05/05 129 104096 1646 1 0
415 2021/05/06 90 104186 1648 2 0
416 2021/05/07 116 104302 1649 1 0
417 2021/05/08 73 104375 1650 1 0
418 2021/05/09 84 104459 1651 1 0
419 2021/05/10 144 104603 1652 1 0
420 2021/05/11 113 104716 1653 1 0
421 2021/05/12 97 104813 1654 1 0
422 2021/05/13 96 104909 1655 1 0
423 2021/05/14 85 104994 1655 0 0
424 2021/05/15 88 105082 1657 2 0
425 2021/05/16 73 105155 1657 0 0
426 2021/05/17 115 105270 1658 1 0
427 2021/05/18 106 105376 1659 1 0
428 2021/05/19 99 105475 1662 3 0
429 2021/05/20 77 105552 1664 2 0
430 2021/05/21 95 105647 1665 1 0
431 2021/05/22 67 105714 1665 0 0
432 2021/05/23 73 105787 1666 1 0
433 2021/05/24 117 105904 1668 2 0
434 2021/05/25 115 106019 1668 0 0
435 2021/05/26 80 106099 1668 0 0
436 2021/05/27 86 106185 1669 1 0
437 2021/05/28 74 106259 1669 0 0
438 2021/05/29 58 106317 1671 2 0
439 2021/05/30 29 106346 1672 1 0
440 2021/05/31 45 106391 1673 1 0
441 2021/06/01 97 106488 1676 3 0
442 2021/06/02 73 106561 1677 1 0
443 2021/06/03 64 106625 1678 1 0
444 2021/06/04 78 106703 1678 0 0
445 2021/06/05 52 106755 1678 0 0
446 2021/06/06 51 106806 1679 1 0
447 2021/06/07 86 106892 1679 0 0
448 2021/06/08 79 106971 1681 2 1
449 2021/06/09 61 107032 1682 1 0
450 2021/06/10 63 107095 1682 0 0
451 2021/06/11 62 107157 1683 1 0
452 2021/06/12 60 107217 1683 0 1
453 2021/06/13 60 107277 1684 1 0
454 2021/06/14 73 107350 1685 1 0
455 2021/06/15 52 107402 1686 1 0
456 2021/06/16 74 107476 1686 0 0
457 2021/06/17 71 107547 1687 1 0
458 2021/06/18 64 107611 1688 1 0
459 2021/06/19 47 107658 1688 0 0
460 2021/06/20 44 107702 1689 1 0
461 2021/06/21 108 107810 1690 1 0
462 2021/06/22 111 107921 1692 2 0
463 2021/06/23 101 108022 1692 0 0
464 2021/06/24 94 108116 1692 0 0
465 2021/06/25 88 108204 1692 0 0
466 2021/06/26 74 108278 1694 2 0
467 2021/06/27 69 108347 1695 1 0
468 2021/06/28 133 108480 1696 1 0
469 2021/06/29 134 108614 1698 2 1
470 2021/06/30 153 108767 1700 2 1
471 2021/07/01 138 108905 1701 1 0
472 2021/07/02 121 109026 1701 0 1
473 2021/07/03 81 109107 1701 0 1
474 2021/07/04 75 109182 1702 1 1
475 2021/07/05 164 109346 1704 2 0
476 2021/07/06 181 109527 1704 0 0
477 2021/07/07 207 109734 1704 0 0
478 2021/07/08 189 109923 1705 1 0
479 2021/07/09 219 110142 1706 1 1
480 2021/07/10 151 110293 1710 4 1
481 2021/07/11 152 110445 1713 3 1
482 2021/07/12 272 110717 1715 2 0
483 2021/07/13 216 110933 1716 1 0
484 2021/07/14 303 111236 1716 0 0
485 2021/07/15 327 111563 1719 3 0
486 2021/07/16 299 111862 1719 0 1
487 2021/07/17 215 112077 1723 4 1
488 2021/07/18 234 112311 1724 1 0
489 2021/07/19 426 112737 1727 3 0
490 2021/07/20 358 113095 1732 5 1
491 2021/07/21 438 113533 1734 2 0
492 2021/07/22 409 113942 1734 0 0
493 2021/07/23 425 114367 1738 4 1
494 2021/07/24 350 114717 1743 5 1
495 2021/07/25 310 115027 1744 1 0
496 2021/07/26 542 115569 1746 2 0
497 2021/07/27 585 116154 1747 1 0
498 2021/07/28 597 116751 1750 3 0
499 2021/07/29 644 117395 1751 1 0
500 2021/07/30 549 117944 1752 1 1
501 2021/07/31 439 118383 1758 6 1
502 2021/08/01 399 118782 1760 2 0
503 2021/08/02 717 119499 1765 5 0
504 2021/08/03 706 120205 1769 4 0
505 2021/08/04 716 120921 1771 2 0
506 2021/08/05 742 121663 1773 2 0
507 2021/08/06 710 122373 1781 8 0
508 2021/08/07 474 122847 1787 6 0
509 2021/08/08 489 123336 1794 7 0
510 2021/08/09 823 124159 1799 5 0
511 2021/08/10 822 124981 1806 7 0
512 2021/08/11 849 125830 1817 11 0
513 2021/08/12 801 126631 1821 4 0
514 2021/08/13 763 127394 1828 7 0
515 2021/08/14 464 127858 1832 4 0
516 2021/08/15 484 128342 1839 7 0
517 2021/08/16 801 129143 1847 8 0
518 2021/08/17 794 129937 1855 8 0
519 2021/08/18 779 130716 1863 8 0
520 2021/08/19 761 131477 1872 9 0
521 2021/08/20 685 132162 1880 8 1
522 2021/08/21 475 132637 1889 9 0
523 2021/08/22 495 133132 1902 13 1
524 2021/08/23 776 133908 1908 6 0
525 2021/08/24 768 134676 1919 11 0
526 2021/08/25 670 135346 1930 11 0
527 2021/08/26 704 136050 1941 11 0
528 2021/08/27 541 136591 1950 9 0
529 2021/08/28 431 137022 1964 14 0
530 2021/08/29 386 137408 1968 4 1
531 2021/08/30 741 138149 1976 8 0
532 2021/08/31 651 138800 1983 7 0
533 2021/09/01 659 139459 1988 5 0
534 2021/09/02 606 140065 1995 7 0
535 2021/09/03 571 140636 2002 7 0
536 2021/09/04 357 140993 2008 6 0
537 2021/09/05 301 141294 2012 4 0
538 2021/09/06 435 141729 2017 5 0
539 2021/09/07 634 142363 2025 8 0
540 2021/09/08 550 142913 2033 8 0
541 2021/09/09 469 143382 2037 4 0
542 2021/09/10 482 143864 2047 10 0
543 2021/09/11 348 144212 2050 3 0
544 2021/09/12 285 144497 2054 4 0
545 2021/09/13 491 144988 2069 15 1
546 2021/09/14 478 145466 2074 5 0
547 2021/09/15 363 145829 2080 6 0
548 2021/09/16 420 146249 2086 6 0
549 2021/09/17 348 146597 2094 8 0
550 2021/09/18 200 146797 2105 11 0
551 2021/09/19 184 146981 2110 5 1
552 2021/09/20 356 147337 2116 6 0
553 2021/09/21 374 147711 2121 5 0
554 2021/09/22 383 148094 2127 6 0
555 2021/09/23 312 148406 2132 5 0
556 2021/09/24 341 148747 2137 5 1
557 2021/09/25 191 148938 2142 5 1
558 2021/09/26 169 149107 2147 5 0
559 2021/09/27 397 149504 2152 5 0
560 2021/09/28 297 149801 2153 1 0
561 2021/09/29 310 150111 2154 1 0
562 2021/09/30 297 150408 2156 2 0
563 2021/10/01 289 150697 2156 0 1
564 2021/10/02 156 150853 2156 0 1
565 2021/10/03 157 151010 2156 0 0
566 2021/10/04 367 151377 2156 0 1
567 2021/10/05 159 151536 2156 0 0
568 2021/10/06 28 151564 2156 0 0
569 2021/10/07 0 151564 2156 0 2
