dates I C D F E
1 2020/03/18 28 28 0 0 1
2 2020/03/19 22 50 0 0 1
3 2020/03/20 30 80 0 0 1
4 2020/03/21 27 107 0 0 1
5 2020/03/22 21 128 0 0 1
6 2020/03/23 43 171 1 1 1
7 2020/03/24 30 201 3 2 1
8 2020/03/25 45 246 3 0 1
9 2020/03/26 39 285 4 1 1
10 2020/03/27 66 351 4 0 1
11 2020/03/28 90 441 5 1 1
12 2020/03/29 48 489 6 1 3
13 2020/03/30 52 541 8 2 1
14 2020/03/31 44 585 9 1 1
15 2020/04/01 84 669 10 1 1
16 2020/04/02 50 719 14 4 1
17 2020/04/03 55 774 15 1 1
18 2020/04/04 45 819 16 1 1
19 2020/04/05 48 867 20 4 1
20 2020/04/06 73 940 23 3 1
21 2020/04/07 60 1000 26 3 1
22 2020/04/08 68 1068 27 1 1
23 2020/04/09 57 1125 28 1 1
24 2020/04/10 69 1194 33 5 1
25 2020/04/11 48 1242 36 3 1
26 2020/04/12 36 1278 41 5 1
27 2020/04/13 76 1354 45 4 1
28 2020/04/14 74 1428 51 6 1
29 2020/04/15 56 1484 54 3 1
30 2020/04/16 69 1553 62 8 1
31 2020/04/17 83 1636 66 4 1
32 2020/04/18 38 1674 67 1 1
33 2020/04/19 45 1719 72 5 1
34 2020/04/20 63 1782 78 6 1
35 2020/04/21 84 1866 78 0 1
36 2020/04/22 61 1927 82 4 1
37 2020/04/23 65 1992 86 4 1
38 2020/04/24 65 2057 93 7 1
39 2020/04/25 34 2091 93 0 1
40 2020/04/26 46 2137 93 0 1
41 2020/04/27 98 2235 96 3 1
42 2020/04/28 115 2350 98 2 1
43 2020/04/29 77 2427 100 2 1
44 2020/04/30 87 2514 101 1 1
45 2020/05/01 201 2715 108 7 1
46 2020/05/02 55 2770 116 8 1
47 2020/05/03 39 2809 117 1 2
48 2020/05/04 61 2870 120 3 1
49 2020/05/05 142 3012 123 3 0
50 2020/05/06 93 3105 128 5 0
51 2020/05/07 122 3227 134 6 0
52 2020/05/08 92 3319 136 2 0
53 2020/05/09 48 3367 142 6 0
54 2020/05/10 57 3424 147 5 0
55 2020/05/11 99 3523 152 5 0
56 2020/05/12 110 3633 153 1 0
57 2020/05/13 151 3784 158 5 0
58 2020/05/14 256 4040 161 3 0
59 2020/05/15 178 4218 164 3 0
60 2020/05/16 78 4296 166 2 0
61 2020/05/17 72 4368 168 2 0
62 2020/05/18 150 4518 171 3 0
63 2020/05/19 147 4665 175 4 0
64 2020/05/20 148 4813 178 3 0
65 2020/05/21 126 4939 180 2 0
66 2020/05/22 147 5086 184 4 0
67 2020/05/23 75 5161 191 7 0
68 2020/05/24 94 5255 194 3 0
69 2020/05/25 109 5364 197 3 0
70 2020/05/26 192 5556 200 3 0
71 2020/05/27 170 5726 206 6 0
72 2020/05/28 185 5911 212 6 0
73 2020/05/29 166 6077 213 1 0
74 2020/05/30 106 6183 218 5 0
75 2020/05/31 108 6291 220 2 0
76 2020/06/01 268 6559 221 1 0
77 2020/06/02 208 6767 223 2 0
78 2020/06/03 208 6975 227 4 0
79 2020/06/04 222 7197 230 3 0
80 2020/06/05 267 7464 231 1 0
81 2020/06/06 182 7646 234 3 0
82 2020/06/07 147 7793 234 0 0
83 2020/06/08 283 8076 237 3 0
84 2020/06/09 320 8396 242 5 0
85 2020/06/10 324 8720 245 3 0
86 2020/06/11 293 9013 250 5 0
87 2020/06/12 297 9310 252 2 0
88 2020/06/13 268 9578 256 4 0
89 2020/06/14 226 9804 260 4 0
90 2020/06/15 539 10343 263 3 0
91 2020/06/16 503 10846 263 0 0
92 2020/06/17 543 11389 266 3 0
93 2020/06/18 552 11941 267 1 0
94 2020/06/19 636 12577 270 3 0
95 2020/06/20 407 12984 273 3 0
96 2020/06/21 360 13344 276 3 0
97 2020/06/22 775 14119 278 2 0
98 2020/06/23 774 14893 282 4 0
99 2020/06/24 780 15673 288 6 0
100 2020/06/25 812 16485 292 4 0
101 2020/06/26 752 17237 303 11 0
102 2020/06/27 374 17611 307 4 0
103 2020/06/28 379 17990 314 7 0
104 2020/06/29 749 18739 327 13 0
105 2020/06/30 961 19700 335 8 0
106 2020/07/01 985 20685 339 4 0
107 2020/07/02 900 21585 343 4 0
108 2020/07/03 536 22121 351 8 0
109 2020/07/04 391 22512 358 7 0
110 2020/07/05 428 22940 366 8 0
111 2020/07/06 876 23816 388 22 0
112 2020/07/07 856 24672 394 6 0
113 2020/07/08 868 25540 399 5 0
114 2020/07/09 852 26392 406 7 0
115 2020/07/10 870 27262 413 7 0
116 2020/07/11 522 27784 419 6 0
117 2020/07/12 436 28220 431 12 0
118 2020/07/13 908 29128 446 15 0
119 2020/07/14 873 30001 458 12 0
120 2020/07/15 849 30850 474 16 0
121 2020/07/16 784 31634 487 13 0
122 2020/07/17 852 32486 506 19 0
123 2020/07/18 515 33001 514 8 0
124 2020/07/19 458 33459 528 14 0
125 2020/07/20 770 34229 548 20 0
126 2020/07/21 811 35040 564 16 0
127 2020/07/22 644 35684 577 13 0
128 2020/07/23 521 36205 599 22 0
129 2020/07/24 517 36722 610 11 0
130 2020/07/25 372 37094 636 26 0
131 2020/07/26 278 37372 645 9 0
132 2020/07/27 639 38011 659 14 0
133 2020/07/28 588 38599 670 11 0
134 2020/07/29 524 39123 689 19 0
135 2020/07/30 489 39612 700 11 0
136 2020/07/31 523 40135 708 8 0
137 2020/08/01 330 40465 719 11 0
138 2020/08/02 234 40699 732 13 0
139 2020/08/03 601 41300 743 11 0
140 2020/08/04 527 41827 759 16 0
141 2020/08/05 549 42376 772 13 0
142 2020/08/06 466 42842 781 9 0
143 2020/08/07 403 43245 798 17 0
144 2020/08/08 246 43491 809 11 0
145 2020/08/09 195 43686 818 9 0
146 2020/08/10 474 44160 826 8 0
147 2020/08/11 375 44535 839 13 0
148 2020/08/12 342 44877 849 10 0
149 2020/08/13 341 45218 864 15 0
150 2020/08/14 393 45611 876 12 0
151 2020/08/15 185 45796 881 5 0
152 2020/08/16 150 45946 895 14 0
153 2020/08/17 421 46367 901 6 0
154 2020/08/18 342 46709 912 11 0
155 2020/08/19 282 46991 918 6 0
156 2020/08/20 296 47287 927 9 0
157 2020/08/21 259 47546 935 8 0
158 2020/08/22 120 47666 940 5 0
159 2020/08/23 129 47795 951 11 0
160 2020/08/24 269 48064 959 8 0
161 2020/08/25 262 48326 964 5 0
162 2020/08/26 234 48560 968 4 0
163 2020/08/27 207 48767 974 6 0
164 2020/08/28 226 48993 979 5 0
165 2020/08/29 114 49107 987 8 0
166 2020/08/30 114 49221 995 8 0
167 2020/08/31 255 49476 996 1 0
168 2020/09/01 211 49687 1004 8 0
169 2020/09/02 206 49893 1009 5 0
170 2020/09/03 164 50057 1016 7 0
171 2020/09/04 163 50220 1019 3 0
172 2020/09/05 93 50313 1022 3 0
173 2020/09/06 74 50387 1030 8 1
174 2020/09/07 109 50496 1033 3 1
175 2020/09/08 224 50720 1038 5 1
176 2020/09/09 192 50912 1043 5 0
177 2020/09/10 198 51110 1046 3 0
178 2020/09/11 186 51296 1051 5 0
179 2020/09/12 100 51396 1054 3 0
180 2020/09/13 91 51487 1057 3 1
181 2020/09/14 286 51773 1064 7 0
182 2020/09/15 224 51997 1068 4 0
183 2020/09/16 213 52210 1072 4 0
184 2020/09/17 224 52434 1077 5 1
185 2020/09/18 200 52634 1084 7 0
186 2020/09/19 143 52777 1088 4 0
187 2020/09/20 154 52931 1092 4 1
188 2020/09/21 321 53252 1094 2 0
189 2020/09/22 284 53536 1096 2 0
190 2020/09/23 273 53809 1096 0 0
191 2020/09/24 294 54103 1099 3 0
192 2020/09/25 337 54440 1103 4 1
193 2020/09/26 153 54593 1106 3 0
194 2020/09/27 133 54726 1109 3 0
195 2020/09/28 436 55162 1114 5 0
196 2020/09/29 342 55504 1117 3 0
197 2020/09/30 306 55810 1119 2 0
198 2020/10/01 276 56086 1121 2 0
199 2020/10/02 292 56378 1126 5 0
200 2020/10/03 185 56563 1130 4 0
201 2020/10/04 172 56735 1133 3 0
202 2020/10/05 443 57178 1136 3 0
203 2020/10/06 306 57484 1141 5 0
204 2020/10/07 315 57799 1148 7 0
205 2020/10/08 347 58146 1151 3 0
206 2020/10/09 362 58508 1153 2 0
207 2020/10/10 241 58749 1158 5 0
208 2020/10/11 163 58912 1161 3 0
209 2020/10/12 453 59365 1165 4 0
210 2020/10/13 370 59735 1170 5 0
211 2020/10/14 340 60075 1173 3 0
212 2020/10/15 322 60397 1175 2 0
213 2020/10/16 338 60735 1179 4 0
214 2020/10/17 267 61002 1182 3 0
215 2020/10/18 272 61274 1185 3 0
216 2020/10/19 500 61774 1186 1 0
217 2020/10/20 448 62222 1188 2 0
218 2020/10/21 375 62597 1191 3 0
219 2020/10/22 404 63001 1195 4 0
220 2020/10/23 402 63403 1201 6 0
221 2020/10/24 286 63689 1205 4 0
222 2020/10/25 241 63930 1210 5 0
223 2020/10/26 542 64472 1212 2 0
224 2020/10/27 470 64942 1217 5 0
225 2020/10/28 463 65405 1220 3 0
226 2020/10/29 460 65865 1227 7 1
227 2020/10/30 568 66433 1228 1 0
228 2020/10/31 417 66850 1233 5 0
229 2020/11/01 421 67271 1238 5 0
230 2020/11/02 840 68111 1243 5 0
231 2020/11/03 858 68969 1245 2 0
232 2020/11/04 809 69778 1252 7 0
233 2020/11/05 794 70572 1260 8 0
234 2020/11/06 824 71396 1265 5 0
235 2020/11/07 591 71987 1270 5 0
236 2020/11/08 515 72502 1279 9 0
237 2020/11/09 1237 73739 1282 3 0
238 2020/11/10 1050 74789 1287 5 0
239 2020/11/11 1167 75956 1293 6 0
240 2020/11/12 1287 77243 1300 7 0
241 2020/11/13 1376 78619 1309 9 0
242 2020/11/14 1050 79669 1316 7 0
243 2020/11/15 935 80604 1322 6 0
244 2020/11/16 2142 82746 1330 8 0
245 2020/11/17 1824 84570 1339 9 0
246 2020/11/18 1806 86376 1346 7 0
247 2020/11/19 1750 88126 1357 11 0
248 2020/11/20 1894 90020 1364 7 0
249 2020/11/21 1362 91382 1374 10 0
250 2020/11/22 872 92254 1381 7 0
251 2020/11/23 2343 94597 1391 10 0
252 2020/11/24 2101 96698 1397 6 0
253 2020/11/25 2322 99020 1411 14 1
254 2020/11/26 819 99839 1419 8 1
255 2020/11/27 1625 101464 1435 16 0
256 2020/11/28 1481 102945 1446 11 0
257 2020/11/29 1374 104319 1460 14 1
258 2020/11/30 3295 107614 1476 16 1
259 2020/12/01 3686 111300 1489 13 0
260 2020/12/02 3431 114731 1503 14 0
261 2020/12/03 3507 118238 1522 19 0
262 2020/12/04 3251 121489 1544 22 0
263 2020/12/05 2173 123662 1574 30 1
264 2020/12/06 1419 125081 1603 29 0
265 2020/12/07 4037 129118 1629 26 0
266 2020/12/08 3892 133010 1654 25 0
267 2020/12/09 4206 137216 1677 23 0
268 2020/12/10 4180 141396 1711 34 0
269 2020/12/11 4147 145543 1742 31 0
270 2020/12/12 2581 148124 1767 25 0
271 2020/12/13 1418 149542 1793 26 0
272 2020/12/14 5057 154599 1826 33 0
273 2020/12/15 4621 159220 1863 37 0
274 2020/12/16 4560 163780 1902 39 0
275 2020/12/17 4738 168518 1944 42 0
276 2020/12/18 4067 172585 1994 50 0
277 2020/12/19 2298 174883 2036 42 0
278 2020/12/20 1412 176295 2073 37 0
279 2020/12/21 5186 181481 2116 43 0
280 2020/12/22 4923 186404 2171 55 0
281 2020/12/23 4679 191083 2217 46 0
282 2020/12/24 2000 193083 2273 56 0
283 2020/12/25 964 194047 2335 62 0
284 2020/12/26 2685 196732 2388 53 0
285 2020/12/27 1625 198357 2440 52 0
286 2020/12/28 5093 203450 2504 64 0
287 2020/12/29 5108 208558 2561 57 0
288 2020/12/30 4852 213410 2618 57 0
289 2020/12/31 2564 215974 2666 48 1
290 2021/01/01 1531 217505 2718 52 0
291 2021/01/02 2835 220340 2767 49 0
292 2021/01/03 1620 221960 2820 53 1
293 2021/01/04 5323 227283 2883 63 0
294 2021/01/05 4216 231499 2942 59 0
295 2021/01/06 3956 235455 2992 50 0
296 2021/01/07 3734 239189 3059 67 0
297 2021/01/08 3581 242770 3118 59 0
298 2021/01/09 1895 244665 3178 60 0
299 2021/01/10 1170 245835 3219 41 0
300 2021/01/11 3607 249442 3266 47 0
301 2021/01/12 2829 252271 3328 62 0
302 2021/01/13 2553 254824 3376 48 0
303 2021/01/14 2357 257181 3426 50 1
304 2021/01/15 1948 259129 3479 53 1
305 2021/01/16 1141 260270 3537 58 0
306 2021/01/17 750 261020 3586 49 0
307 2021/01/18 2139 263159 3619 33 0
308 2021/01/19 1794 264953 3665 46 0
309 2021/01/20 1768 266721 3708 43 0
310 2021/01/21 1354 268075 3741 33 0
311 2021/01/22 1349 269424 3783 42 0
312 2021/01/23 822 270246 3812 29 0
313 2021/01/24 543 270789 3845 33 0
314 2021/01/25 1307 272096 3878 33 0
315 2021/01/26 947 273043 3914 36 0
316 2021/01/27 976 274019 3948 34 0
317 2021/01/28 854 274873 3982 34 0
318 2021/01/29 692 275565 4022 40 0
319 2021/01/30 514 276079 4042 20 0
320 2021/01/31 410 276489 4064 22 0
321 2021/02/01 1038 277527 4100 36 0
322 2021/02/02 689 278216 4127 27 0
323 2021/02/03 665 278881 4140 13 0
324 2021/02/04 478 279359 4162 22 0
325 2021/02/05 548 279907 4188 26 0
326 2021/02/06 331 280238 4205 17 0
327 2021/02/07 300 280538 4230 25 0
328 2021/02/08 578 281116 4251 21 0
329 2021/02/09 399 281515 4275 24 0
330 2021/02/10 368 281883 4298 23 0
331 2021/02/11 357 282240 4318 20 0
332 2021/02/12 320 282560 4339 21 0
333 2021/02/13 188 282748 4354 15 0
334 2021/02/14 138 282886 4376 22 0
335 2021/02/15 314 283200 4388 12 0
336 2021/02/16 267 283467 4401 13 0
337 2021/02/17 226 283693 4418 17 0
338 2021/02/18 211 283904 4429 11 0
339 2021/02/19 215 284119 4445 16 0
340 2021/02/20 116 284235 4452 7 0
341 2021/02/21 96 284331 4461 9 0
342 2021/02/22 244 284575 4468 7 0
343 2021/02/23 184 284759 4475 7 0
344 2021/02/24 195 284954 4486 11 0
345 2021/02/25 145 285099 4494 8 0
346 2021/02/26 145 285244 4503 9 0
347 2021/02/27 110 285354 4511 8 0
348 2021/02/28 71 285425 4518 7 0
349 2021/03/01 135 285560 4527 9 0
350 2021/03/02 148 285708 4531 4 0
351 2021/03/03 134 285842 4538 7 0
352 2021/03/04 140 285982 4544 6 0
353 2021/03/05 136 286118 4548 4 0
354 2021/03/06 93 286211 4553 5 0
355 2021/03/07 74 286285 4558 5 0
356 2021/03/08 161 286446 4567 9 0
357 2021/03/09 104 286550 4573 6 0
358 2021/03/10 117 286667 4577 4 0
359 2021/03/11 96 286763 4579 2 0
360 2021/03/12 91 286854 4584 5 0
361 2021/03/13 52 286906 4588 4 0
362 2021/03/14 51 286957 4589 1 0
363 2021/03/15 130 287087 4591 2 0
364 2021/03/16 95 287182 4595 4 0
365 2021/03/17 115 287297 4598 3 0
366 2021/03/18 116 287413 4600 2 0
367 2021/03/19 76 287489 4602 2 1
368 2021/03/20 65 287554 4609 7 1
369 2021/03/21 64 287618 4609 0 0
370 2021/03/22 91 287709 4613 4 0
371 2021/03/23 89 287798 4614 1 0
372 2021/03/24 82 287880 4616 2 0
373 2021/03/25 89 287969 4619 3 0
374 2021/03/26 83 288052 4625 6 0
375 2021/03/27 58 288110 4626 1 0
376 2021/03/28 63 288173 4627 1 0
377 2021/03/29 115 288288 4630 3 0
378 2021/03/30 98 288386 4632 2 0
379 2021/03/31 109 288495 4635 3 0
380 2021/04/01 95 288590 4636 1 0
381 2021/04/02 115 288705 4637 1 0
382 2021/04/03 71 288776 4639 2 0
383 2021/04/04 64 288840 4640 1 0
384 2021/04/05 141 288981 4644 4 0
385 2021/04/06 111 289092 4645 1 0
386 2021/04/07 113 289205 4647 2 0
387 2021/04/08 117 289322 4650 3 0
388 2021/04/09 99 289421 4652 2 0
389 2021/04/10 71 289492 4654 2 0
390 2021/04/11 62 289554 4656 2 0
391 2021/04/12 108 289662 4656 0 0
392 2021/04/13 110 289772 4658 2 0
393 2021/04/14 115 289887 4659 1 0
394 2021/04/15 69 289956 4660 1 0
395 2021/04/16 90 290046 4660 0 0
396 2021/04/17 47 290093 4661 1 0
397 2021/04/18 52 290145 4661 0 0
398 2021/04/19 90 290235 4662 1 0
399 2021/04/20 82 290317 4662 0 0
400 2021/04/21 76 290393 4664 2 0
401 2021/04/22 72 290465 4665 1 1
402 2021/04/23 72 290537 4665 0 1
403 2021/04/24 49 290586 4665 0 0
404 2021/04/25 47 290633 4666 1 0
405 2021/04/26 77 290710 4667 1 0
406 2021/04/27 51 290761 4668 1 0
407 2021/04/28 68 290829 4668 0 0
408 2021/04/29 72 290901 4669 1 0
409 2021/04/30 72 290973 4669 0 0
410 2021/05/01 50 291023 4670 1 0
411 2021/05/02 42 291065 4671 1 0
412 2021/05/03 94 291159 4672 1 0
413 2021/05/04 64 291223 4672 0 0
414 2021/05/05 74 291297 4672 0 0
415 2021/05/06 65 291362 4672 0 0
416 2021/05/07 59 291421 4672 0 0
417 2021/05/08 32 291453 4673 1 0
418 2021/05/09 29 291482 4674 1 0
419 2021/05/10 79 291561 4674 0 0
420 2021/05/11 45 291606 4674 0 0
421 2021/05/12 63 291669 4674 0 0
422 2021/05/13 42 291711 4675 1 0
423 2021/05/14 54 291765 4675 0 1
424 2021/05/15 29 291794 4675 0 0
425 2021/05/16 24 291818 4675 0 0
426 2021/05/17 84 291902 4675 0 0
427 2021/05/18 41 291943 4675 0 1
428 2021/05/19 9 291952 4675 0 0
429 2021/05/20 0 291952 4675 0 2
