dates I C D F E
1 2020/03/18 1 1 19 19 2
2 2020/03/19 1 2 39 20 2
3 2020/03/20 3 5 62 23 2
4 2020/03/21 0 5 85 23 2
5 2020/03/22 2 7 110 25 2
6 2020/03/23 5 12 140 30 2
7 2020/03/24 1 13 171 31 2
8 2020/03/25 1 14 203 32 2
9 2020/03/26 2 16 237 34 2
10 2020/03/27 0 16 271 34 2
11 2020/03/28 1 17 306 35 2
12 2020/03/29 0 17 341 35 4
13 2020/03/30 1 18 377 36 2
14 2020/03/31 0 18 413 36 2
15 2020/04/01 0 18 449 36 2
16 2020/04/02 3 21 488 39 2
17 2020/04/03 2 23 529 41 2
18 2020/04/04 0 23 570 41 2
19 2020/04/05 0 23 611 41 2
20 2020/04/06 0 23 652 41 2
21 2020/04/07 2 25 695 43 2
22 2020/04/08 2 27 740 45 2
23 2020/04/09 0 27 785 45 2
24 2020/04/10 0 27 830 45 2
25 2020/04/11 0 27 875 45 2
26 2020/04/12 0 27 920 45 2
27 2020/04/13 2 29 967 47 2
28 2020/04/14 1 30 1015 48 2
29 2020/04/15 3 33 1066 51 2
30 2020/04/16 0 33 1117 51 2
31 2020/04/17 0 33 1168 51 2
32 2020/04/18 0 33 1219 51 2
33 2020/04/19 0 33 1270 51 2
34 2020/04/20 2 35 1323 53 2
35 2020/04/21 0 35 1376 53 2
36 2020/04/22 1 36 1430 54 2
37 2020/04/23 1 37 1485 55 2
38 2020/04/24 3 40 1543 58 2
39 2020/04/25 0 40 1601 58 2
40 2020/04/26 0 40 1659 58 2
41 2020/04/27 0 40 1717 58 2
42 2020/04/28 2 42 1777 60 2
43 2020/04/29 1 43 1838 61 2
44 2020/04/30 0 43 1899 61 2
45 2020/05/01 0 43 1960 61 2
46 2020/05/02 0 43 2021 61 2
47 2020/05/03 0 43 2082 61 2
48 2020/05/04 0 43 2143 61 2
49 2020/05/05 2 45 2206 63 0
50 2020/05/06 1 46 2270 64 0
51 2020/05/07 1 47 2335 65 0
52 2020/05/08 0 47 2400 65 0
53 2020/05/09 0 47 2465 65 0
54 2020/05/10 1 48 2531 66 0
55 2020/05/11 0 48 2597 66 0
56 2020/05/12 2 50 2665 68 0
57 2020/05/13 0 50 2733 68 0
58 2020/05/14 0 50 2801 68 0
59 2020/05/15 2 52 2871 70 0
60 2020/05/16 3 55 2944 73 0
61 2020/05/17 5 60 3022 78 0
62 2020/05/18 1 61 3101 79 0
63 2020/05/19 2 63 3182 81 0
64 2020/05/20 2 65 3265 83 0
65 2020/05/21 1 66 3349 84 0
66 2020/05/22 3 69 3436 87 0
67 2020/05/23 1 70 3524 88 0
68 2020/05/24 5 75 3617 93 0
69 2020/05/25 1 76 3711 94 0
70 2020/05/26 1 77 3806 95 1
71 2020/05/27 5 82 3906 100 0
72 2020/05/28 3 85 4009 103 0
73 2020/05/29 1 86 4113 104 0
74 2020/05/30 0 86 4217 104 0
75 2020/05/31 1 87 4322 105 0
76 2020/06/01 6 93 4433 111 0
77 2020/06/02 3 96 4547 114 0
78 2020/06/03 1 97 4662 115 0
79 2020/06/04 6 103 4783 121 0
80 2020/06/05 2 105 4906 123 0
81 2020/06/06 2 107 5031 125 0
82 2020/06/07 10 117 5166 135 0
83 2020/06/08 3 120 5304 138 0
84 2020/06/09 7 127 5449 145 0
85 2020/06/10 6 133 5600 151 1
86 2020/06/11 9 142 5760 160 0
87 2020/06/12 6 148 5926 166 0
88 2020/06/13 7 155 6099 173 0
89 2020/06/14 7 162 6279 180 0
90 2020/06/15 11 173 6470 191 0
91 2020/06/16 6 179 6667 197 0
92 2020/06/17 8 187 6872 205 0
93 2020/06/18 5 192 7082 210 0
94 2020/06/19 6 198 7298 216 0
95 2020/06/20 1 199 7515 217 0
96 2020/06/21 4 203 7736 221 0
97 2020/06/22 14 217 7971 235 0
98 2020/06/23 9 226 8215 244 0
99 2020/06/24 14 240 8473 258 0
100 2020/06/25 4 244 8735 262 0
101 2020/06/26 8 252 9005 270 0
102 2020/06/27 4 256 9279 274 0
103 2020/06/28 7 263 9560 281 0
104 2020/06/29 11 274 9852 292 0
105 2020/06/30 15 289 10159 307 0
106 2020/07/01 11 300 10477 318 0
107 2020/07/02 9 309 10804 327 0
108 2020/07/03 8 317 11139 335 0
109 2020/07/04 7 324 11481 342 0
110 2020/07/05 13 337 11836 355 0
111 2020/07/06 19 356 12210 374 0
112 2020/07/07 15 371 12599 389 0
113 2020/07/08 18 389 13006 407 0
114 2020/07/09 16 405 13429 423 0
115 2020/07/10 16 421 13868 439 0
116 2020/07/11 9 430 14316 448 0
117 2020/07/12 15 445 14779 463 0
118 2020/07/13 15 460 15257 478 0
119 2020/07/14 13 473 15748 491 0
120 2020/07/15 19 492 16258 510 0
121 2020/07/16 9 501 16777 519 0
122 2020/07/17 17 518 17313 536 0
123 2020/07/18 15 533 17864 551 0
124 2020/07/19 15 548 18430 566 0
125 2020/07/20 16 564 19012 582 0
126 2020/07/21 18 582 19612 600 0
127 2020/07/22 11 593 20223 611 0
128 2020/07/23 14 607 20848 625 0
129 2020/07/24 15 622 21488 640 0
130 2020/07/25 7 629 22135 647 0
131 2020/07/26 16 645 22798 663 0
132 2020/07/27 12 657 23473 675 0
133 2020/07/28 14 671 24162 689 0
134 2020/07/29 10 681 24861 699 0
135 2020/07/30 15 696 25575 714 0
136 2020/07/31 13 709 26302 727 0
137 2020/08/01 8 717 27037 735 0
138 2020/08/02 12 729 27784 747 0
139 2020/08/03 14 743 28545 761 0
140 2020/08/04 12 755 29318 773 0
141 2020/08/05 15 770 30106 788 0
142 2020/08/06 9 779 30903 797 0
143 2020/08/07 8 787 31708 805 0
144 2020/08/08 6 793 32519 811 0
145 2020/08/09 8 801 33338 819 0
146 2020/08/10 19 820 34176 838 0
147 2020/08/11 13 833 35027 851 0
148 2020/08/12 12 845 35890 863 0
149 2020/08/13 14 859 36767 877 0
150 2020/08/14 29 888 37673 906 0
151 2020/08/15 17 905 38596 923 0
152 2020/08/16 13 918 39532 936 0
153 2020/08/17 29 947 40497 965 0
154 2020/08/18 15 962 41477 980 0
155 2020/08/19 20 982 42477 1000 0
156 2020/08/20 17 999 43494 1017 0
157 2020/08/21 13 1012 44524 1030 0
158 2020/08/22 10 1022 45564 1040 0
159 2020/08/23 16 1038 46620 1056 0
160 2020/08/24 14 1052 47690 1070 0
161 2020/08/25 21 1073 48781 1091 0
162 2020/08/26 16 1089 49888 1107 0
163 2020/08/27 15 1104 51010 1122 0
164 2020/08/28 16 1120 52148 1138 0
165 2020/08/29 16 1136 53302 1154 0
166 2020/08/30 9 1145 54465 1163 0
167 2020/08/31 10 1155 55638 1173 0
168 2020/09/01 16 1171 56827 1189 0
169 2020/09/02 12 1183 58028 1201 0
170 2020/09/03 13 1196 59242 1214 0
171 2020/09/04 11 1207 60467 1225 0
172 2020/09/05 9 1216 61701 1234 0
173 2020/09/06 2 1218 62937 1236 0
174 2020/09/07 2 1220 64175 1238 0
175 2020/09/08 6 1226 65419 1244 0
176 2020/09/09 7 1233 66670 1251 0
177 2020/09/10 4 1237 67925 1255 0
178 2020/09/11 6 1243 69186 1261 0
179 2020/09/12 10 1253 70457 1271 0
180 2020/09/13 3 1256 71731 1274 0
181 2020/09/14 7 1263 73012 1281 0
182 2020/09/15 15 1278 74308 1296 0
183 2020/09/16 7 1285 75611 1303 0
184 2020/09/17 8 1293 76922 1311 0
185 2020/09/18 3 1296 78236 1314 0
186 2020/09/19 8 1304 79558 1322 0
187 2020/09/20 4 1308 80884 1326 0
188 2020/09/21 11 1319 82221 1337 0
189 2020/09/22 2 1321 83560 1339 0
190 2020/09/23 6 1327 84905 1345 0
191 2020/09/24 6 1333 86256 1351 0
192 2020/09/25 2 1335 87609 1353 0
193 2020/09/26 1 1336 88963 1354 0
194 2020/09/27 1 1337 90318 1355 0
195 2020/09/28 0 1337 91673 1355 0
196 2020/09/29 3 1340 93031 1358 0
197 2020/09/30 5 1345 94394 1363 0
198 2020/10/01 3 1348 95760 1366 0
199 2020/10/02 3 1351 97129 1369 0
200 2020/10/03 4 1355 98502 1373 0
201 2020/10/04 0 1355 99875 1373 0
202 2020/10/05 0 1355 101248 1373 0
203 2020/10/06 3 1358 102624 1376 0
204 2020/10/07 1 1359 104001 1377 0
205 2020/10/08 3 1362 105381 1380 0
206 2020/10/09 5 1367 106766 1385 0
207 2020/10/10 5 1372 108156 1390 0
208 2020/10/11 2 1374 109548 1392 0
209 2020/10/12 1 1375 110941 1393 0
210 2020/10/13 3 1378 112337 1396 0
211 2020/10/14 8 1386 113741 1404 0
212 2020/10/15 2 1388 115147 1406 0
213 2020/10/16 3 1391 116556 1409 0
214 2020/10/17 3 1394 117968 1412 0
215 2020/10/18 4 1398 119384 1416 0
216 2020/10/19 7 1405 120807 1423 0
217 2020/10/20 7 1412 122237 1430 0
218 2020/10/21 3 1415 123670 1433 0
219 2020/10/22 1 1416 125104 1434 0
220 2020/10/23 4 1420 126542 1438 0
221 2020/10/24 2 1422 127982 1440 0
222 2020/10/25 5 1427 129427 1445 0
223 2020/10/26 7 1434 130879 1452 0
224 2020/10/27 8 1442 132339 1460 0
225 2020/10/28 3 1445 133802 1463 0
226 2020/10/29 9 1454 135274 1472 0
227 2020/10/30 7 1461 136753 1479 0
228 2020/10/31 6 1467 138238 1485 0
229 2020/11/01 7 1474 139730 1492 0
230 2020/11/02 14 1488 141236 1506 0
231 2020/11/03 12 1500 142754 1518 0
232 2020/11/04 12 1512 144284 1530 0
233 2020/11/05 15 1527 145829 1545 0
234 2020/11/06 15 1542 147389 1560 0
235 2020/11/07 9 1551 148958 1569 0
236 2020/11/08 12 1563 150539 1581 0
237 2020/11/09 15 1578 152135 1596 0
238 2020/11/10 9 1587 153740 1605 0
239 2020/11/11 15 1602 155360 1620 0
240 2020/11/12 14 1616 156994 1634 0
241 2020/11/13 19 1635 158647 1653 0
242 2020/11/14 11 1646 160311 1664 0
243 2020/11/15 15 1661 161990 1679 0
244 2020/11/16 25 1686 163694 1704 0
245 2020/11/17 19 1705 165417 1723 0
246 2020/11/18 15 1720 167155 1738 0
247 2020/11/19 25 1745 168918 1763 0
248 2020/11/20 23 1768 170704 1786 0
249 2020/11/21 12 1780 172502 1798 0
250 2020/11/22 19 1799 174319 1817 0
251 2020/11/23 30 1829 176166 1847 0
252 2020/11/24 28 1857 178041 1875 0
253 2020/11/25 32 1889 179948 1907 0
254 2020/11/26 22 1911 181877 1929 0
255 2020/11/27 27 1938 183833 1956 0
256 2020/11/28 34 1972 185823 1990 0
257 2020/11/29 44 2016 187857 2034 0
258 2020/11/30 43 2059 189934 2077 0
259 2020/12/01 50 2109 192061 2127 0
260 2020/12/02 55 2164 194243 2182 0
261 2020/12/03 63 2227 196488 2245 0
262 2020/12/04 45 2272 198778 2290 0
263 2020/12/05 28 2300 201096 2318 0
264 2020/12/06 41 2341 203455 2359 0
265 2020/12/07 35 2376 205849 2394 0
266 2020/12/08 49 2425 208292 2443 0
267 2020/12/09 53 2478 210788 2496 0
268 2020/12/10 77 2555 213361 2573 0
269 2020/12/11 56 2611 215990 2629 0
270 2020/12/12 48 2659 218667 2677 0
271 2020/12/13 52 2711 221396 2729 0
272 2020/12/14 67 2778 224192 2796 0
273 2020/12/15 66 2844 227054 2862 0
274 2020/12/16 74 2918 229990 2936 0
275 2020/12/17 90 3008 233016 3026 0
276 2020/12/18 65 3073 236107 3091 0
277 2020/12/19 46 3119 239244 3137 0
278 2020/12/20 43 3162 242424 3180 0
279 2020/12/21 80 3242 245684 3260 0
280 2020/12/22 77 3319 249021 3337 0
281 2020/12/23 88 3407 252446 3425 0
282 2020/12/24 62 3469 255933 3487 0
283 2020/12/25 27 3496 259447 3514 0
284 2020/12/26 38 3534 262999 3552 0
285 2020/12/27 79 3613 266630 3631 0
286 2020/12/28 90 3703 270351 3721 0
287 2020/12/29 77 3780 274149 3798 0
288 2020/12/30 125 3905 278072 3923 1
289 2020/12/31 78 3983 282073 4001 1
290 2021/01/01 20 4003 286094 4021 0
291 2021/01/02 37 4040 290152 4058 0
292 2021/01/03 82 4122 294292 4140 0
293 2021/01/04 100 4222 298532 4240 0
294 2021/01/05 110 4332 302882 4350 0
295 2021/01/06 103 4435 307335 4453 0
296 2021/01/07 74 4509 311862 4527 0
297 2021/01/08 67 4576 316456 4594 0
298 2021/01/09 41 4617 321091 4635 0
299 2021/01/10 47 4664 325773 4682 0
300 2021/01/11 94 4758 330549 4776 0
301 2021/01/12 78 4836 335403 4854 0
302 2021/01/13 67 4903 340324 4921 0
303 2021/01/14 57 4960 345302 4978 0
304 2021/01/15 37 4997 350317 5015 0
305 2021/01/16 44 5041 355376 5059 0
306 2021/01/17 36 5077 360471 5095 0
307 2021/01/18 37 5114 365603 5132 0
308 2021/01/19 52 5166 370787 5184 0
309 2021/01/20 47 5213 376018 5231 0
310 2021/01/21 31 5244 381280 5262 0
311 2021/01/22 33 5277 386575 5295 0
312 2021/01/23 24 5301 391894 5319 0
313 2021/01/24 24 5325 397237 5343 0
314 2021/01/25 44 5369 402624 5387 0
315 2021/01/26 37 5406 408048 5424 0
316 2021/01/27 14 5420 413486 5438 0
317 2021/01/28 15 5435 418939 5453 0
318 2021/01/29 18 5453 424410 5471 0
319 2021/01/30 8 5461 429889 5479 0
320 2021/01/31 18 5479 435386 5497 0
321 2021/02/01 22 5501 440905 5519 0
322 2021/02/02 18 5519 446442 5537 0
323 2021/02/03 13 5532 451992 5550 0
324 2021/02/04 18 5550 457560 5568 0
325 2021/02/05 14 5564 463142 5582 0
326 2021/02/06 11 5575 468735 5593 0
327 2021/02/07 18 5593 474346 5611 0
328 2021/02/08 19 5612 479976 5630 0
329 2021/02/09 5 5617 485611 5635 0
330 2021/02/10 12 5629 491258 5647 0
331 2021/02/11 14 5643 496919 5661 0
332 2021/02/12 9 5652 502589 5670 0
333 2021/02/13 16 5668 508275 5686 0
334 2021/02/14 14 5682 513975 5700 0
335 2021/02/15 8 5690 519683 5708 0
336 2021/02/16 9 5699 525400 5717 0
337 2021/02/17 8 5707 531125 5725 0
338 2021/02/18 6 5713 536856 5731 0
339 2021/02/19 3 5716 542590 5734 1
340 2021/02/20 5 5721 548329 5739 0
341 2021/02/21 12 5733 554080 5751 0
342 2021/02/22 10 5743 559841 5761 0
343 2021/02/23 2 5745 565604 5763 0
344 2021/02/24 7 5752 571374 5770 0
345 2021/02/25 1 5753 577145 5771 0
346 2021/02/26 5 5758 582921 5776 1
347 2021/02/27 1 5759 588698 5777 0
348 2021/02/28 1 5760 594476 5778 0
349 2021/03/01 10 5770 600264 5788 0
350 2021/03/02 5 5775 606057 5793 1
351 2021/03/03 7 5782 611857 5800 0
352 2021/03/04 1 5783 617658 5801 0
353 2021/03/05 0 5783 623459 5801 0
354 2021/03/06 1 5784 629261 5802 0
355 2021/03/07 5 5789 635068 5807 0
356 2021/03/08 3 5792 640878 5810 0
357 2021/03/09 6 5798 646694 5816 0
358 2021/03/10 3 5801 652513 5819 0
359 2021/03/11 7 5808 658339 5826 0
360 2021/03/12 4 5812 664169 5830 0
361 2021/03/13 1 5813 670000 5831 0
362 2021/03/14 3 5816 675834 5834 0
363 2021/03/15 6 5822 681674 5840 0
364 2021/03/16 2 5824 687516 5842 0
365 2021/03/17 0 5824 693358 5842 0
366 2021/03/18 0 5824 699200 5842 2
