dates I C D F E
1 2020/03/18 7 68 0 0 1
2 2020/03/19 6 74 0 0 1
3 2020/03/20 2 76 0 0 1
4 2020/03/21 3 79 0 0 1
5 2020/03/22 4 83 0 0 1
6 2020/03/23 5 88 0 0 1
7 2020/03/24 6 94 0 0 1
8 2020/03/25 2 96 0 0 1
9 2020/03/26 3 99 0 0 1
10 2020/03/27 5 104 0 0 1
11 2020/03/28 2 106 0 0 1
12 2020/03/29 2 108 0 0 2
13 2020/03/30 5 113 0 0 1
14 2020/03/31 2 115 0 0 1
15 2020/04/01 3 118 0 0 1
16 2020/04/02 4 122 0 0 1
17 2020/04/03 5 127 0 0 1
18 2020/04/04 0 127 1 1 1
19 2020/04/05 0 127 1 0 1
20 2020/04/06 2 129 1 0 1
21 2020/04/07 2 131 1 0 1
22 2020/04/08 5 136 1 0 1
23 2020/04/09 2 138 1 0 1
24 2020/04/10 7 145 1 0 1
25 2020/04/11 0 145 1 0 1
26 2020/04/12 0 145 1 0 1
27 2020/04/13 2 147 1 0 1
28 2020/04/14 5 152 1 0 1
29 2020/04/15 2 154 1 0 1
30 2020/04/16 6 160 1 0 1
31 2020/04/17 4 164 1 0 1
32 2020/04/18 7 171 1 0 1
33 2020/04/19 4 175 1 0 1
34 2020/04/20 5 180 1 0 1
35 2020/04/21 13 193 1 0 1
36 2020/04/22 4 197 1 0 1
37 2020/04/23 9 206 1 0 1
38 2020/04/24 4 210 1 0 1
39 2020/04/25 3 213 1 0 1
40 2020/04/26 1 214 1 0 1
41 2020/04/27 3 217 1 0 1
42 2020/04/28 7 224 1 0 1
43 2020/04/29 6 230 1 0 1
44 2020/04/30 2 232 1 0 1
45 2020/05/01 3 235 1 0 1
46 2020/05/02 3 238 1 0 1
47 2020/05/03 6 244 1 0 1
48 2020/05/04 3 247 1 0 1
49 2020/05/05 3 250 1 0 0
50 2020/05/06 1 251 1 0 0
51 2020/05/07 3 254 1 0 0
52 2020/05/08 11 265 1 0 0
53 2020/05/09 3 268 1 0 0
54 2020/05/10 4 272 1 0 0
55 2020/05/11 3 275 1 0 0
56 2020/05/12 2 277 1 0 0
57 2020/05/13 3 280 1 0 0
58 2020/05/14 2 282 1 0 0
59 2020/05/15 3 285 1 0 0
60 2020/05/16 1 286 1 0 0
61 2020/05/17 1 287 1 0 0
62 2020/05/18 2 289 1 0 0
63 2020/05/19 4 293 1 0 0
64 2020/05/20 0 293 1 0 0
65 2020/05/21 6 299 1 0 0
66 2020/05/22 0 299 1 0 0
67 2020/05/23 0 299 1 0 0
68 2020/05/24 3 302 1 0 0
69 2020/05/25 2 304 1 0 0
70 2020/05/26 2 306 1 0 0
71 2020/05/27 2 308 1 0 0
72 2020/05/28 5 313 1 0 0
73 2020/05/29 3 316 1 0 0
74 2020/05/30 4 320 1 0 0
75 2020/05/31 5 325 1 0 0
76 2020/06/01 10 335 1 0 0
77 2020/06/02 4 339 1 0 0
78 2020/06/03 5 344 1 0 0
79 2020/06/04 5 349 1 0 0
80 2020/06/05 8 357 1 0 0
81 2020/06/06 7 364 1 0 0
82 2020/06/07 6 370 1 0 0
83 2020/06/08 10 380 1 0 0
84 2020/06/09 6 386 1 0 0
85 2020/06/10 13 399 1 0 0
86 2020/06/11 19 418 1 0 0
87 2020/06/12 14 432 1 0 0
88 2020/06/13 16 448 1 0 0
89 2020/06/14 11 459 1 0 0
90 2020/06/15 15 474 1 0 0
91 2020/06/16 13 487 1 0 0
92 2020/06/17 23 510 1 0 0
93 2020/06/18 17 527 1 0 0
94 2020/06/19 19 546 1 0 0
95 2020/06/20 15 561 1 0 0
96 2020/06/21 13 574 1 0 0
97 2020/06/22 26 600 1 0 0
98 2020/06/23 31 631 1 0 0
99 2020/06/24 30 661 1 0 0
100 2020/06/25 31 692 1 0 0
101 2020/06/26 32 724 1 0 0
102 2020/06/27 15 739 1 0 0
103 2020/06/28 24 763 1 0 0
104 2020/06/29 39 802 1 0 0
105 2020/06/30 34 836 2 1 0
106 2020/07/01 36 872 2 0 0
107 2020/07/02 26 898 2 0 0
108 2020/07/03 45 943 2 0 0
109 2020/07/04 35 978 2 0 0
110 2020/07/05 40 1018 2 0 0
111 2020/07/06 80 1098 2 0 0
112 2020/07/07 58 1156 2 0 0
113 2020/07/08 61 1217 4 2 0
114 2020/07/09 51 1268 4 0 0
115 2020/07/10 39 1307 4 0 0
116 2020/07/11 38 1345 5 1 0
117 2020/07/12 48 1393 5 0 0
118 2020/07/13 46 1439 5 0 0
119 2020/07/14 31 1470 6 1 0
120 2020/07/15 39 1509 6 0 0
121 2020/07/16 43 1552 6 0 0
122 2020/07/17 44 1596 7 1 0
123 2020/07/18 36 1632 7 0 0
124 2020/07/19 32 1664 7 0 0
125 2020/07/20 43 1707 7 0 0
126 2020/07/21 40 1747 7 0 0
127 2020/07/22 48 1795 9 2 0
128 2020/07/23 43 1838 9 0 0
129 2020/07/24 26 1864 10 1 0
130 2020/07/25 24 1888 11 1 0
131 2020/07/26 21 1909 11 0 0
132 2020/07/27 43 1952 13 2 0
133 2020/07/28 45 1997 13 0 0
134 2020/07/29 31 2028 14 1 0
135 2020/07/30 20 2048 15 1 0
136 2020/07/31 34 2082 15 0 0
137 2020/08/01 70 2152 15 0 0
138 2020/08/02 26 2178 15 0 0
139 2020/08/03 62 2240 15 0 0
140 2020/08/04 42 2282 15 0 1
141 2020/08/05 30 2312 16 1 0
142 2020/08/06 23 2335 18 2 0
143 2020/08/07 24 2359 18 0 0
144 2020/08/08 31 2390 18 0 0
145 2020/08/09 23 2413 18 0 0
146 2020/08/10 36 2449 19 1 0
147 2020/08/11 99 2548 20 1 0
148 2020/08/12 57 2605 20 0 0
149 2020/08/13 25 2630 21 1 0
150 2020/08/14 21 2651 21 0 0
151 2020/08/15 15 2666 22 1 0
152 2020/08/16 17 2683 22 0 0
153 2020/08/17 29 2712 22 0 0
154 2020/08/18 33 2745 22 0 0
155 2020/08/19 24 2769 22 0 0
156 2020/08/20 39 2808 22 0 0
157 2020/08/21 20 2828 22 0 0
158 2020/08/22 23 2851 22 0 0
159 2020/08/23 25 2876 22 0 0
160 2020/08/24 42 2918 22 0 0
161 2020/08/25 28 2946 22 0 0
162 2020/08/26 58 3004 22 0 0
163 2020/08/27 28 3032 23 1 0
164 2020/08/28 25 3057 23 0 0
165 2020/08/29 17 3074 24 1 0
166 2020/08/30 24 3098 25 1 0
167 2020/08/31 24 3122 25 0 0
168 2020/09/01 23 3145 25 0 0
169 2020/09/02 26 3171 25 0 0
170 2020/09/03 26 3197 25 0 0
171 2020/09/04 17 3214 26 1 0
172 2020/09/05 15 3229 26 0 0
173 2020/09/06 10 3239 26 0 0
174 2020/09/07 11 3250 26 0 0
175 2020/09/08 37 3287 26 0 0
176 2020/09/09 14 3301 26 0 0
177 2020/09/10 18 3319 26 0 0
178 2020/09/11 13 3332 26 0 0
179 2020/09/12 18 3350 26 0 0
180 2020/09/13 26 3376 26 0 0
181 2020/09/14 36 3412 28 2 0
182 2020/09/15 25 3437 28 0 0
183 2020/09/16 21 3458 29 1 0
184 2020/09/17 29 3487 29 0 1
185 2020/09/18 27 3514 29 0 0
186 2020/09/19 24 3538 29 0 0
187 2020/09/20 21 3559 31 2 0
188 2020/09/21 28 3587 31 0 0
189 2020/09/22 27 3614 31 0 0
190 2020/09/23 17 3631 31 0 0
191 2020/09/24 18 3649 31 0 0
192 2020/09/25 16 3665 31 0 0
193 2020/09/26 10 3675 31 0 0
194 2020/09/27 17 3692 31 0 0
195 2020/09/28 21 3713 31 0 0
196 2020/09/29 21 3734 31 0 0
197 2020/09/30 20 3754 31 0 0
198 2020/10/01 25 3779 31 0 0
199 2020/10/02 27 3806 31 0 0
200 2020/10/03 23 3829 32 1 0
201 2020/10/04 24 3853 32 0 0
202 2020/10/05 25 3878 32 0 0
203 2020/10/06 26 3904 32 0 0
204 2020/10/07 34 3938 32 0 0
205 2020/10/08 30 3968 32 0 0
206 2020/10/09 16 3984 32 0 0
207 2020/10/10 19 4003 32 0 0
208 2020/10/11 20 4023 32 0 0
209 2020/10/12 17 4040 32 0 0
210 2020/10/13 24 4064 32 0 0
211 2020/10/14 11 4075 32 0 0
212 2020/10/15 23 4098 32 0 0
213 2020/10/16 15 4113 32 0 0
214 2020/10/17 14 4127 32 0 1
215 2020/10/18 15 4142 32 0 0
216 2020/10/19 31 4173 32 0 0
217 2020/10/20 16 4189 32 0 0
218 2020/10/21 18 4207 32 0 0
219 2020/10/22 14 4221 32 0 0
220 2020/10/23 16 4237 33 1 0
221 2020/10/24 26 4263 33 0 0
222 2020/10/25 25 4288 34 1 0
223 2020/10/26 42 4330 34 0 0
224 2020/10/27 25 4355 34 0 0
225 2020/10/28 27 4382 34 0 0
226 2020/10/29 41 4423 34 0 0
227 2020/10/30 29 4452 34 0 0
228 2020/10/31 43 4495 34 0 0
229 2020/11/01 69 4564 34 0 0
230 2020/11/02 80 4644 34 0 0
231 2020/11/03 101 4745 34 0 0
232 2020/11/04 84 4829 34 0 0
233 2020/11/05 67 4896 34 0 0
234 2020/11/06 68 4964 34 0 0
235 2020/11/07 63 5027 35 1 0
236 2020/11/08 49 5076 35 0 0
237 2020/11/09 66 5142 35 0 0
238 2020/11/10 82 5224 35 0 0
239 2020/11/11 62 5286 36 1 0
240 2020/11/12 75 5361 36 0 0
241 2020/11/13 64 5425 36 0 0
242 2020/11/14 67 5492 36 0 0
243 2020/11/15 63 5555 36 0 0
244 2020/11/16 123 5678 36 0 0
245 2020/11/17 104 5782 36 0 0
246 2020/11/18 94 5876 36 0 0
247 2020/11/19 75 5951 36 0 0
248 2020/11/20 76 6027 36 0 0
249 2020/11/21 54 6081 38 2 0
250 2020/11/22 52 6133 38 0 0
251 2020/11/23 102 6235 39 1 0
252 2020/11/24 83 6318 39 0 0
253 2020/11/25 63 6381 39 0 0
254 2020/11/26 43 6424 39 0 0
255 2020/11/27 93 6517 41 2 0
256 2020/11/28 83 6600 43 2 0
257 2020/11/29 70 6670 43 0 0
258 2020/11/30 122 6792 44 1 0
259 2020/12/01 135 6927 45 1 0
260 2020/12/02 140 7067 45 0 0
261 2020/12/03 98 7165 47 2 0
262 2020/12/04 169 7334 47 0 0
263 2020/12/05 85 7419 48 1 0
264 2020/12/06 67 7486 49 1 0
265 2020/12/07 167 7653 50 1 0
266 2020/12/08 181 7834 52 2 0
267 2020/12/09 129 7963 55 3 0
268 2020/12/10 218 8181 55 0 0
269 2020/12/11 164 8345 56 1 0
270 2020/12/12 160 8505 60 4 0
271 2020/12/13 95 8600 64 4 0
272 2020/12/14 192 8792 66 2 0
273 2020/12/15 246 9038 69 3 0
274 2020/12/16 109 9147 70 1 0
275 2020/12/17 195 9342 70 0 0
276 2020/12/18 120 9462 74 4 0
277 2020/12/19 99 9561 76 2 0
278 2020/12/20 70 9631 79 3 0
279 2020/12/21 293 9924 81 2 0
280 2020/12/22 188 10112 84 3 0
281 2020/12/23 344 10456 85 1 0
282 2020/12/24 141 10597 86 1 0
283 2020/12/25 68 10665 90 4 1
284 2020/12/26 183 10848 93 3 0
285 2020/12/27 86 10934 96 3 0
286 2020/12/28 407 11341 100 4 0
287 2020/12/29 352 11693 101 1 0
288 2020/12/30 294 11987 104 3 0
289 2020/12/31 266 12253 111 7 0
290 2021/01/01 111 12364 114 3 0
291 2021/01/02 222 12586 119 5 0
292 2021/01/03 134 12720 122 3 0
293 2021/01/04 468 13188 124 2 0
294 2021/01/05 486 13674 129 5 0
295 2021/01/06 399 14073 135 6 0
296 2021/01/07 397 14470 137 2 0
297 2021/01/08 237 14707 138 1 0
298 2021/01/09 133 14840 143 5 0
299 2021/01/10 123 14963 150 7 0
300 2021/01/11 328 15291 152 2 0
301 2021/01/12 370 15661 156 4 0
302 2021/01/13 246 15907 159 3 0
303 2021/01/14 153 16060 163 4 0
304 2021/01/15 159 16219 167 4 0
305 2021/01/16 132 16351 171 4 0
306 2021/01/17 99 16450 172 1 0
307 2021/01/18 122 16572 177 5 0
308 2021/01/19 187 16759 181 4 0
309 2021/01/20 264 17023 186 5 0
310 2021/01/21 182 17205 186 0 0
311 2021/01/22 86 17291 192 6 0
312 2021/01/23 89 17380 195 3 0
313 2021/01/24 63 17443 197 2 0
314 2021/01/25 122 17565 200 3 0
315 2021/01/26 134 17699 204 4 0
316 2021/01/27 81 17780 205 1 0
317 2021/01/28 107 17887 209 4 0
318 2021/01/29 99 17986 210 1 0
319 2021/01/30 61 18047 214 4 0
320 2021/01/31 78 18125 217 3 0
321 2021/02/01 133 18258 220 3 0
322 2021/02/02 118 18376 221 1 0
323 2021/02/03 94 18470 223 2 0
324 2021/02/04 77 18547 224 1 0
325 2021/02/05 66 18613 225 1 0
326 2021/02/06 61 18674 225 0 0
327 2021/02/07 42 18716 226 1 0
328 2021/02/08 72 18788 229 3 0
329 2021/02/09 57 18845 229 0 0
330 2021/02/10 59 18904 231 2 0
331 2021/02/11 79 18983 232 1 0
332 2021/02/12 65 19048 234 2 0
333 2021/02/13 41 19089 236 2 0
334 2021/02/14 28 19117 238 2 0
335 2021/02/15 38 19155 239 1 0
336 2021/02/16 53 19208 239 0 0
337 2021/02/17 45 19253 239 0 0
338 2021/02/18 45 19298 239 0 0
339 2021/02/19 42 19340 239 0 0
340 2021/02/20 30 19370 239 0 1
341 2021/02/21 23 19393 240 1 0
342 2021/02/22 32 19425 241 1 0
343 2021/02/23 37 19462 243 2 0
344 2021/02/24 29 19491 243 0 0
345 2021/02/25 23 19514 244 1 0
346 2021/02/26 21 19535 245 1 0
347 2021/02/27 16 19551 245 0 0
348 2021/02/28 21 19572 246 1 0
349 2021/03/01 35 19607 246 0 0
350 2021/03/02 22 19629 247 1 0
351 2021/03/03 32 19661 248 1 0
352 2021/03/04 26 19687 248 0 0
353 2021/03/05 38 19725 248 0 0
354 2021/03/06 22 19747 248 0 0
355 2021/03/07 18 19765 248 0 0
356 2021/03/08 38 19803 248 0 0
357 2021/03/09 40 19843 248 0 0
358 2021/03/10 18 19861 249 1 0
359 2021/03/11 24 19885 249 0 0
360 2021/03/12 25 19910 249 0 0
361 2021/03/13 14 19924 249 0 0
362 2021/03/14 19 19943 249 0 0
363 2021/03/15 28 19971 249 0 0
364 2021/03/16 29 20000 249 0 0
365 2021/03/17 29 20029 249 0 0
366 2021/03/18 23 20052 250 1 0
367 2021/03/19 29 20081 250 0 0
368 2021/03/20 20 20101 250 0 0
369 2021/03/21 16 20117 250 0 0
370 2021/03/22 32 20149 250 0 0
371 2021/03/23 24 20173 250 0 0
372 2021/03/24 41 20214 250 0 0
373 2021/03/25 30 20244 251 1 0
374 2021/03/26 17 20261 252 1 0
375 2021/03/27 13 20274 253 1 0
376 2021/03/28 11 20285 253 0 0
377 2021/03/29 35 20320 253 0 0
378 2021/03/30 35 20355 253 0 0
379 2021/03/31 20 20375 253 0 0
380 2021/04/01 20 20395 253 0 0
381 2021/04/02 28 20423 253 0 0
382 2021/04/03 17 20440 253 0 0
383 2021/04/04 19 20459 253 0 0
384 2021/04/05 32 20491 253 0 0
385 2021/04/06 37 20528 253 0 0
386 2021/04/07 21 20549 253 0 0
387 2021/04/08 26 20575 253 0 0
388 2021/04/09 19 20594 253 0 0
389 2021/04/10 13 20607 253 0 0
390 2021/04/11 15 20622 253 0 0
391 2021/04/12 26 20648 253 0 0
392 2021/04/13 44 20692 253 0 0
393 2021/04/14 27 20719 253 0 0
394 2021/04/15 24 20743 253 0 0
395 2021/04/16 16 20759 253 0 0
396 2021/04/17 12 20771 253 0 0
397 2021/04/18 10 20781 254 1 0
398 2021/04/19 21 20802 254 0 0
399 2021/04/20 27 20829 254 0 0
400 2021/04/21 23 20852 254 0 0
401 2021/04/22 15 20867 254 0 0
402 2021/04/23 14 20881 254 0 0
403 2021/04/24 8 20889 254 0 0
404 2021/04/25 10 20899 254 0 0
405 2021/04/26 19 20918 254 0 0
406 2021/04/27 8 20926 254 0 0
407 2021/04/28 7 20933 254 0 0
408 2021/04/29 8 20941 254 0 0
409 2021/04/30 11 20952 255 1 0
410 2021/05/01 6 20958 255 0 1
411 2021/05/02 5 20963 256 1 0
412 2021/05/03 20 20983 256 0 0
413 2021/05/04 17 21000 256 0 0
414 2021/05/05 4 21004 256 0 0
415 2021/05/06 8 21012 256 0 0
416 2021/05/07 12 21024 256 0 0
417 2021/05/08 7 21031 256 0 0
418 2021/05/09 11 21042 256 0 0
419 2021/05/10 10 21052 256 0 1
420 2021/05/11 18 21070 256 0 1
421 2021/05/12 7 21077 256 0 0
422 2021/05/13 10 21087 256 0 0
423 2021/05/14 15 21102 256 0 0
424 2021/05/15 3 21105 256 0 0
425 2021/05/16 3 21108 256 0 0
426 2021/05/17 7 21115 256 0 0
427 2021/05/18 9 21124 256 0 0
428 2021/05/19 10 21134 256 0 0
429 2021/05/20 8 21142 256 0 0
430 2021/05/21 12 21154 256 0 0
431 2021/05/22 6 21160 256 0 0
432 2021/05/23 8 21168 256 0 0
433 2021/05/24 10 21178 256 0 0
434 2021/05/25 18 21196 256 0 0
435 2021/05/26 3 21199 256 0 0
436 2021/05/27 5 21204 256 0 0
437 2021/05/28 3 21207 256 0 0
438 2021/05/29 4 21211 256 0 0
439 2021/05/30 2 21213 256 0 0
440 2021/05/31 8 21221 256 0 0
441 2021/06/01 8 21229 256 0 0
442 2021/06/02 5 21234 256 0 2
443 2021/06/03 7 21241 256 0 0
444 2021/06/04 5 21246 256 0 0
445 2021/06/05 3 21249 256 0 0
446 2021/06/06 3 21252 256 0 0
447 2021/06/07 3 21255 256 0 0
448 2021/06/08 13 21268 256 0 1
449 2021/06/09 6 21274 256 0 0
450 2021/06/10 1 21275 256 0 0
451 2021/06/11 3 21278 256 0 0
452 2021/06/12 1 21279 256 0 0
453 2021/06/13 3 21282 256 0 0
454 2021/06/14 6 21288 256 0 0
455 2021/06/15 2 21290 256 0 1
456 2021/06/16 5 21295 256 0 0
457 2021/06/17 5 21300 256 0 0
458 2021/06/18 2 21302 256 0 0
459 2021/06/19 4 21306 256 0 0
460 2021/06/20 2 21308 256 0 0
461 2021/06/21 2 21310 256 0 0
462 2021/06/22 9 21319 256 0 0
463 2021/06/23 3 21322 256 0 0
464 2021/06/24 4 21326 256 0 1
465 2021/06/25 6 21332 256 0 1
466 2021/06/26 3 21335 257 1 0
467 2021/06/27 1 21336 257 0 0
468 2021/06/28 7 21343 257 0 0
469 2021/06/29 4 21347 257 0 2
470 2021/06/30 9 21356 257 0 0
471 2021/07/01 13 21369 258 1 0
472 2021/07/02 15 21384 259 1 1
473 2021/07/03 6 21390 259 0 1
474 2021/07/04 12 21402 259 0 1
475 2021/07/05 6 21408 259 0 0
476 2021/07/06 13 21421 259 0 0
477 2021/07/07 17 21438 259 0 0
478 2021/07/08 9 21447 259 0 0
479 2021/07/09 12 21459 259 0 1
480 2021/07/10 12 21471 259 0 1
481 2021/07/11 11 21482 260 1 0
482 2021/07/12 34 21516 260 0 0
483 2021/07/13 19 21535 260 0 0
484 2021/07/14 26 21561 260 0 0
485 2021/07/15 22 21583 260 0 0
486 2021/07/16 33 21616 260 0 1
487 2021/07/17 18 21634 260 0 1
488 2021/07/18 26 21660 260 0 0
489 2021/07/19 36 21696 260 0 0
490 2021/07/20 45 21741 261 1 0
491 2021/07/21 45 21786 261 0 0
492 2021/07/22 36 21822 261 0 0
493 2021/07/23 35 21857 261 0 1
494 2021/07/24 38 21895 261 0 1
495 2021/07/25 29 21924 261 0 0
496 2021/07/26 71 21995 261 0 0
497 2021/07/27 49 22044 261 0 0
498 2021/07/28 54 22098 261 0 0
499 2021/07/29 60 22158 262 1 0
500 2021/07/30 55 22213 263 1 1
501 2021/07/31 34 22247 263 0 1
502 2021/08/01 56 22303 263 0 0
503 2021/08/02 104 22407 264 1 0
504 2021/08/03 92 22499 264 0 0
505 2021/08/04 135 22634 264 0 1
506 2021/08/05 105 22739 264 0 0
507 2021/08/06 112 22851 265 1 0
508 2021/08/07 67 22918 265 0 0
509 2021/08/08 66 22984 266 1 0
510 2021/08/09 174 23158 266 0 0
511 2021/08/10 137 23295 266 0 0
512 2021/08/11 123 23418 267 1 0
513 2021/08/12 105 23523 267 0 0
514 2021/08/13 87 23610 268 1 0
515 2021/08/14 57 23667 268 0 0
516 2021/08/15 59 23726 269 1 0
517 2021/08/16 190 23916 273 4 0
518 2021/08/17 146 24062 273 0 0
519 2021/08/18 151 24213 273 0 0
520 2021/08/19 147 24360 276 3 0
521 2021/08/20 131 24491 277 1 0
522 2021/08/21 66 24557 277 0 0
523 2021/08/22 51 24608 277 0 0
524 2021/08/23 194 24802 277 0 0
525 2021/08/24 176 24978 279 2 0
526 2021/08/25 141 25119 280 1 0
527 2021/08/26 185 25304 282 2 0
528 2021/08/27 150 25454 282 0 0
529 2021/08/28 33 25487 282 0 0
530 2021/08/29 46 25533 283 1 0
531 2021/08/30 185 25718 283 0 0
532 2021/08/31 108 25826 283 0 0
533 2021/09/01 14 25840 283 0 0
534 2021/09/02 0 25840 283 0 2
