dates I C D F E
1 2020/03/18 6 90 2 0 1
2 2020/03/19 12 102 3 1 1
3 2020/03/20 14 116 3 0 1
4 2020/03/21 15 131 3 0 1
5 2020/03/22 9 140 3 0 1
6 2020/03/23 14 154 3 0 1
7 2020/03/24 12 166 4 1 1
8 2020/03/25 11 177 4 0 1
9 2020/03/26 13 190 5 1 1
10 2020/03/27 11 201 5 0 1
11 2020/03/28 11 212 6 1 1
12 2020/03/29 7 219 7 1 3
13 2020/03/30 9 228 8 1 1
14 2020/03/31 7 235 9 1 1
15 2020/04/01 16 251 10 1 1
16 2020/04/02 11 262 11 1 1
17 2020/04/03 18 280 12 1 1
18 2020/04/04 12 292 12 0 1
19 2020/04/05 23 315 12 0 1
20 2020/04/06 15 330 14 2 1
21 2020/04/07 15 345 15 1 1
22 2020/04/08 18 363 16 1 1
23 2020/04/09 17 380 16 0 1
24 2020/04/10 21 401 16 0 1
25 2020/04/11 12 413 17 1 1
26 2020/04/12 5 418 17 0 1
27 2020/04/13 18 436 18 1 1
28 2020/04/14 14 450 18 0 1
29 2020/04/15 10 460 18 0 1
30 2020/04/16 8 468 18 0 1
31 2020/04/17 15 483 18 0 1
32 2020/04/18 11 494 18 0 1
33 2020/04/19 9 503 18 0 1
34 2020/04/20 18 521 20 2 1
35 2020/04/21 4 525 21 1 1
36 2020/04/22 10 535 21 0 1
37 2020/04/23 11 546 23 2 1
38 2020/04/24 10 556 25 2 1
39 2020/04/25 7 563 26 1 1
40 2020/04/26 7 570 26 0 1
41 2020/04/27 8 578 26 0 1
42 2020/04/28 6 584 26 0 1
43 2020/04/29 6 590 26 0 1
44 2020/04/30 8 598 26 0 1
45 2020/05/01 7 605 26 0 1
46 2020/05/02 4 609 27 1 1
47 2020/05/03 8 617 27 0 1
48 2020/05/04 7 624 27 0 1
49 2020/05/05 14 638 28 1 0
50 2020/05/06 9 647 30 2 0
51 2020/05/07 13 660 30 0 0
52 2020/05/08 13 673 31 1 0
53 2020/05/09 7 680 31 0 0
54 2020/05/10 9 689 31 0 0
55 2020/05/11 15 704 31 0 0
56 2020/05/12 10 714 31 0 0
57 2020/05/13 15 729 31 0 0
58 2020/05/14 21 750 32 1 0
59 2020/05/15 15 765 32 0 0
60 2020/05/16 6 771 33 1 0
61 2020/05/17 8 779 33 0 0
62 2020/05/18 30 809 33 0 0
63 2020/05/19 12 821 33 0 0
64 2020/05/20 22 843 34 1 0
65 2020/05/21 36 879 34 0 0
66 2020/05/22 36 915 35 1 0
67 2020/05/23 13 928 35 0 0
68 2020/05/24 15 943 37 2 0
69 2020/05/25 19 962 37 0 0
70 2020/05/26 26 988 38 1 0
71 2020/05/27 47 1035 38 0 0
72 2020/05/28 41 1076 39 1 0
73 2020/05/29 35 1111 39 0 0
74 2020/05/30 37 1148 39 0 0
75 2020/05/31 38 1186 39 0 0
76 2020/06/01 65 1251 39 0 0
77 2020/06/02 65 1316 39 0 0
78 2020/06/03 66 1382 39 0 0
79 2020/06/04 65 1447 40 1 0
80 2020/06/05 62 1509 40 0 0
81 2020/06/06 79 1588 41 1 0
82 2020/06/07 40 1628 43 2 0
83 2020/06/08 101 1729 45 2 0
84 2020/06/09 107 1836 45 0 0
85 2020/06/10 106 1942 47 2 0
86 2020/06/11 129 2071 47 0 0
87 2020/06/12 112 2183 47 0 0
88 2020/06/13 80 2263 49 2 0
89 2020/06/14 81 2344 49 0 0
90 2020/06/15 151 2495 50 1 0
91 2020/06/16 136 2631 50 0 0
92 2020/06/17 152 2783 51 1 1
93 2020/06/18 172 2955 53 2 0
94 2020/06/19 152 3107 53 0 0
95 2020/06/20 123 3230 54 1 0
96 2020/06/21 83 3313 55 1 0
97 2020/06/22 236 3549 58 3 0
98 2020/06/23 247 3796 59 1 0
99 2020/06/24 259 4055 60 1 0
100 2020/06/25 222 4277 61 1 0
101 2020/06/26 272 4549 62 1 0
102 2020/06/27 214 4763 62 0 0
103 2020/06/28 165 4928 62 0 0
104 2020/06/29 335 5263 63 1 0
105 2020/06/30 358 5621 65 2 0
106 2020/07/01 374 5995 65 0 0
107 2020/07/02 359 6354 68 3 0
108 2020/07/03 347 6701 71 3 0
109 2020/07/04 138 6839 71 0 0
110 2020/07/05 213 7052 75 4 0
111 2020/07/06 319 7371 79 4 0
112 2020/07/07 370 7741 84 5 0
113 2020/07/08 341 8082 87 3 0
114 2020/07/09 342 8424 89 2 0
115 2020/07/10 359 8783 94 5 0
116 2020/07/11 233 9016 97 3 0
117 2020/07/12 178 9194 104 7 1
118 2020/07/13 362 9556 113 9 0
119 2020/07/14 417 9973 120 7 0
120 2020/07/15 427 10400 124 4 0
121 2020/07/16 433 10833 129 5 0
122 2020/07/17 363 11196 134 5 0
123 2020/07/18 245 11441 139 5 0
124 2020/07/19 212 11653 151 12 0
125 2020/07/20 405 12058 160 9 0
126 2020/07/21 357 12415 171 11 0
127 2020/07/22 325 12740 178 7 0
128 2020/07/23 276 13016 185 7 0
129 2020/07/24 219 13235 190 5 0
130 2020/07/25 148 13383 199 9 0
131 2020/07/26 126 13509 210 11 0
132 2020/07/27 292 13801 218 8 0
133 2020/07/28 291 14092 227 9 0
134 2020/07/29 283 14375 234 7 0
135 2020/07/30 248 14623 240 6 0
136 2020/07/31 195 14818 251 11 0
137 2020/08/01 136 14954 257 6 0
138 2020/08/02 72 15026 268 11 0
139 2020/08/03 286 15312 282 14 0
140 2020/08/04 198 15510 290 8 0
141 2020/08/05 129 15639 299 9 0
142 2020/08/06 163 15802 305 6 0
143 2020/08/07 159 15961 312 7 0
144 2020/08/08 84 16045 318 6 0
145 2020/08/09 81 16126 326 8 0
146 2020/08/10 205 16331 334 8 0
147 2020/08/11 182 16513 343 9 0
148 2020/08/12 177 16690 346 3 0
149 2020/08/13 143 16833 351 5 0
150 2020/08/14 154 16987 355 4 0
151 2020/08/15 99 17086 357 2 0
152 2020/08/16 73 17159 365 8 0
153 2020/08/17 202 17361 368 3 0
154 2020/08/18 164 17525 374 6 0
155 2020/08/19 117 17642 380 6 0
156 2020/08/20 127 17769 384 4 0
157 2020/08/21 93 17862 385 1 0
158 2020/08/22 83 17945 388 3 0
159 2020/08/23 56 18001 396 8 0
160 2020/08/24 132 18133 399 3 0
161 2020/08/25 141 18274 405 6 0
162 2020/08/26 127 18401 409 4 0
163 2020/08/27 89 18490 414 5 0
164 2020/08/28 80 18570 419 5 0
165 2020/08/29 53 18623 423 4 0
166 2020/08/30 44 18667 426 3 0
167 2020/08/31 117 18784 429 3 0
168 2020/09/01 87 18871 432 3 0
169 2020/09/02 82 18953 439 7 0
170 2020/09/03 81 19034 443 4 0
171 2020/09/04 77 19111 445 2 0
172 2020/09/05 54 19165 449 4 0
173 2020/09/06 28 19193 450 1 0
174 2020/09/07 49 19242 455 5 1
175 2020/09/08 81 19323 457 2 1
176 2020/09/09 78 19401 460 3 0
177 2020/09/10 64 19465 463 3 0
178 2020/09/11 53 19518 464 1 0
179 2020/09/12 47 19565 466 2 0
180 2020/09/13 28 19593 468 2 0
181 2020/09/14 72 19665 472 4 0
182 2020/09/15 75 19740 474 2 0
183 2020/09/16 52 19792 474 0 0
184 2020/09/17 54 19846 477 3 0
185 2020/09/18 59 19905 480 3 0
186 2020/09/19 43 19948 482 2 0
187 2020/09/20 37 19985 484 2 2
188 2020/09/21 64 20049 486 2 0
189 2020/09/22 58 20107 488 2 0
190 2020/09/23 47 20154 488 0 0
191 2020/09/24 53 20207 489 1 0
192 2020/09/25 37 20244 491 2 0
193 2020/09/26 52 20296 493 2 0
194 2020/09/27 36 20332 495 2 2
195 2020/09/28 60 20392 498 3 0
196 2020/09/29 49 20441 500 2 0
197 2020/09/30 65 20506 500 0 0
198 2020/10/01 83 20589 501 1 0
199 2020/10/02 48 20637 501 0 0
200 2020/10/03 33 20670 504 3 0
201 2020/10/04 26 20696 508 4 1
202 2020/10/05 77 20773 508 0 1
203 2020/10/06 71 20844 509 1 0
204 2020/10/07 40 20884 509 0 0
205 2020/10/08 52 20936 512 3 0
206 2020/10/09 51 20987 512 0 0
207 2020/10/10 29 21016 516 4 0
208 2020/10/11 28 21044 518 2 1
209 2020/10/12 75 21119 518 0 0
210 2020/10/13 63 21182 519 1 0
211 2020/10/14 62 21244 520 1 0
212 2020/10/15 79 21323 520 0 0
213 2020/10/16 73 21396 520 0 0
214 2020/10/17 45 21441 520 0 0
215 2020/10/18 54 21495 523 3 1
216 2020/10/19 82 21577 524 1 1
217 2020/10/20 75 21652 524 0 0
218 2020/10/21 78 21730 524 0 0
219 2020/10/22 76 21806 524 0 0
220 2020/10/23 74 21880 525 1 0
221 2020/10/24 56 21936 525 0 0
222 2020/10/25 51 21987 525 0 0
223 2020/10/26 107 22094 528 3 0
224 2020/10/27 83 22177 528 0 0
225 2020/10/28 91 22268 528 0 0
226 2020/10/29 83 22351 529 1 0
227 2020/10/30 83 22434 529 0 0
228 2020/10/31 66 22500 529 0 0
229 2020/11/01 75 22575 530 1 0
230 2020/11/02 127 22702 533 3 0
231 2020/11/03 139 22841 533 0 0
232 2020/11/04 134 22975 535 2 0
233 2020/11/05 137 23112 536 1 0
234 2020/11/06 163 23275 538 2 0
235 2020/11/07 86 23361 538 0 0
236 2020/11/08 108 23469 539 1 1
237 2020/11/09 192 23661 540 1 1
238 2020/11/10 165 23826 540 0 0
239 2020/11/11 164 23990 541 1 0
240 2020/11/12 159 24149 542 1 0
241 2020/11/13 194 24343 544 2 0
242 2020/11/14 95 24438 544 0 0
243 2020/11/15 91 24529 546 2 0
244 2020/11/16 209 24738 548 2 1
245 2020/11/17 287 25025 549 1 0
246 2020/11/18 272 25297 549 0 0
247 2020/11/19 266 25563 550 1 1
248 2020/11/20 319 25882 551 1 1
249 2020/11/21 152 26034 554 3 0
250 2020/11/22 132 26166 556 2 1
251 2020/11/23 296 26462 558 2 0
252 2020/11/24 349 26811 559 1 0
253 2020/11/25 314 27125 561 2 1
254 2020/11/26 125 27250 563 2 1
255 2020/11/27 253 27503 564 1 0
256 2020/11/28 220 27723 568 4 0
257 2020/11/29 195 27918 571 3 1
258 2020/11/30 741 28659 575 4 0
259 2020/12/01 704 29363 578 3 0
260 2020/12/02 802 30165 582 4 0
261 2020/12/03 620 30785 587 5 0
262 2020/12/04 720 31505 588 1 0
263 2020/12/05 436 31941 595 7 0
264 2020/12/06 259 32200 602 7 0
265 2020/12/07 831 33031 607 5 0
266 2020/12/08 875 33906 611 4 0
267 2020/12/09 893 34799 613 2 0
268 2020/12/10 822 35621 618 5 0
269 2020/12/11 632 36253 629 11 0
270 2020/12/12 343 36596 639 10 0
271 2020/12/13 325 36921 646 7 1
272 2020/12/14 800 37721 651 5 0
273 2020/12/15 840 38561 665 14 0
274 2020/12/16 924 39485 678 13 0
275 2020/12/17 824 40309 684 6 0
276 2020/12/18 728 41037 693 9 0
277 2020/12/19 356 41393 708 15 0
278 2020/12/20 399 41792 721 13 0
279 2020/12/21 836 42628 731 10 1
280 2020/12/22 795 43423 746 15 0
281 2020/12/23 753 44176 757 11 1
282 2020/12/24 523 44699 767 10 0
283 2020/12/25 160 44859 778 11 0
284 2020/12/26 304 45163 789 11 0
285 2020/12/27 386 45549 798 9 0
286 2020/12/28 1037 46586 807 9 0
287 2020/12/29 935 47521 818 11 0
288 2020/12/30 915 48436 830 12 1
289 2020/12/31 687 49123 839 9 0
290 2021/01/01 304 49427 850 11 0
291 2021/01/02 281 49708 864 14 0
292 2021/01/03 363 50071 877 13 1
293 2021/01/04 1101 51172 887 10 0
294 2021/01/05 899 52071 906 19 0
295 2021/01/06 872 52943 926 20 0
296 2021/01/07 762 53705 933 7 0
297 2021/01/08 684 54389 942 9 0
298 2021/01/09 338 54727 950 8 0
299 2021/01/10 345 55072 964 14 0
300 2021/01/11 860 55932 975 11 0
301 2021/01/12 613 56545 989 14 0
302 2021/01/13 650 57195 1000 11 0
303 2021/01/14 625 57820 1012 12 0
304 2021/01/15 512 58332 1025 13 0
305 2021/01/16 230 58562 1036 11 0
306 2021/01/17 241 58803 1045 9 0
307 2021/01/18 366 59169 1053 8 0
308 2021/01/19 523 59692 1062 9 0
309 2021/01/20 382 60074 1076 14 0
310 2021/01/21 403 60477 1086 10 0
311 2021/01/22 308 60785 1096 10 0
312 2021/01/23 182 60967 1102 6 1
313 2021/01/24 122 61089 1108 6 0
314 2021/01/25 424 61513 1122 14 0
315 2021/01/26 293 61806 1129 7 0
316 2021/01/27 254 62060 1134 5 0
317 2021/01/28 269 62329 1147 13 0
318 2021/01/29 265 62594 1154 7 0
319 2021/01/30 148 62742 1160 6 0
320 2021/01/31 134 62876 1162 2 0
321 2021/02/01 404 63280 1173 11 0
322 2021/02/02 204 63484 1183 10 0
323 2021/02/03 219 63703 1191 8 0
324 2021/02/04 225 63928 1197 6 0
325 2021/02/05 226 64154 1201 4 0
326 2021/02/06 148 64302 1209 8 0
327 2021/02/07 77 64379 1212 3 0
328 2021/02/08 271 64650 1217 5 0
329 2021/02/09 161 64811 1223 6 0
330 2021/02/10 174 64985 1231 8 0
331 2021/02/11 141 65126 1237 6 0
332 2021/02/12 170 65296 1243 6 0
333 2021/02/13 94 65390 1248 5 0
334 2021/02/14 68 65458 1253 5 0
335 2021/02/15 99 65557 1258 5 0
336 2021/02/16 165 65722 1264 6 0
337 2021/02/17 120 65842 1272 8 0
338 2021/02/18 101 65943 1277 5 0
339 2021/02/19 85 66028 1288 11 0
340 2021/02/20 71 66099 1295 7 0
341 2021/02/21 72 66171 1295 0 1
342 2021/02/22 149 66320 1298 3 0
343 2021/02/23 101 66421 1300 2 0
344 2021/02/24 98 66519 1303 3 0
345 2021/02/25 110 66629 1304 1 0
346 2021/02/26 83 66712 1306 2 0
347 2021/02/27 81 66793 1315 9 0
348 2021/02/28 46 66839 1316 1 1
349 2021/03/01 108 66947 1317 1 0
350 2021/03/02 107 67054 1324 7 0
351 2021/03/03 106 67160 1326 2 0
352 2021/03/04 111 67271 1331 5 0
353 2021/03/05 92 67363 1334 3 0
354 2021/03/06 78 67441 1335 1 0
355 2021/03/07 74 67515 1337 2 0
356 2021/03/08 134 67649 1341 4 0
357 2021/03/09 115 67764 1344 3 0
358 2021/03/10 128 67892 1348 4 0
359 2021/03/11 101 67993 1349 1 0
360 2021/03/12 112 68105 1349 0 2
361 2021/03/13 70 68175 1349 0 2
362 2021/03/14 56 68231 1352 3 1
363 2021/03/15 128 68359 1354 2 0
364 2021/03/16 104 68463 1355 1 1
365 2021/03/17 102 68565 1358 3 0
366 2021/03/18 82 68647 1358 0 0
367 2021/03/19 100 68747 1361 3 0
368 2021/03/20 70 68817 1362 1 1
369 2021/03/21 41 68858 1365 3 0
370 2021/03/22 122 68980 1365 0 0
371 2021/03/23 91 69071 1365 0 0
372 2021/03/24 96 69167 1365 0 0
373 2021/03/25 71 69238 1365 0 0
374 2021/03/26 96 69334 1366 1 1
375 2021/03/27 62 69396 1366 0 0
376 2021/03/28 60 69456 1367 1 0
377 2021/03/29 125 69581 1369 2 0
378 2021/03/30 86 69667 1372 3 0
379 2021/03/31 87 69754 1372 0 0
380 2021/04/01 88 69842 1373 1 0
381 2021/04/02 83 69925 1373 0 0
382 2021/04/03 64 69989 1374 1 0
383 2021/04/04 41 70030 1375 1 0
384 2021/04/05 101 70131 1375 0 0
385 2021/04/06 87 70218 1375 0 0
386 2021/04/07 83 70301 1376 1 0
387 2021/04/08 68 70369 1376 0 0
388 2021/04/09 70 70439 1379 3 0
389 2021/04/10 63 70502 1380 1 0
390 2021/04/11 35 70537 1381 1 0
391 2021/04/12 88 70625 1383 2 0
392 2021/04/13 71 70696 1385 2 0
393 2021/04/14 108 70804 1385 0 0
394 2021/04/15 70 70874 1386 1 0
395 2021/04/16 81 70955 1389 3 0
396 2021/04/17 66 71021 1391 2 0
397 2021/04/18 39 71060 1392 1 0
398 2021/04/19 81 71141 1394 2 0
399 2021/04/20 79 71220 1394 0 0
400 2021/04/21 73 71293 1395 1 0
401 2021/04/22 54 71347 1397 2 0
402 2021/04/23 59 71406 1399 2 0
403 2021/04/24 56 71462 1400 1 0
404 2021/04/25 43 71505 1402 2 0
405 2021/04/26 95 71600 1403 1 0
406 2021/04/27 66 71666 1404 1 0
407 2021/04/28 53 71719 1404 0 0
408 2021/04/29 80 71799 1404 0 0
409 2021/04/30 65 71864 1404 0 0
410 2021/05/01 51 71915 1405 1 0
411 2021/05/02 48 71963 1406 1 0
412 2021/05/03 64 72027 1407 1 0
413 2021/05/04 51 72078 1407 0 0
414 2021/05/05 61 72139 1409 2 0
415 2021/05/06 52 72191 1410 1 0
416 2021/05/07 55 72246 1412 2 0
417 2021/05/08 40 72286 1412 0 0
418 2021/05/09 29 72315 1415 3 0
419 2021/05/10 44 72359 1415 0 0
420 2021/05/11 37 72396 1416 1 0
421 2021/05/12 47 72443 1420 4 0
422 2021/05/13 54 72497 1420 0 0
423 2021/05/14 41 72538 1422 2 0
424 2021/05/15 33 72571 1423 1 0
425 2021/05/16 26 72597 1423 0 0
426 2021/05/17 48 72645 1424 1 0
427 2021/05/18 38 72683 1425 1 0
428 2021/05/19 46 72729 1426 1 0
429 2021/05/20 43 72772 1427 1 0
430 2021/05/21 38 72810 1427 0 0
431 2021/05/22 19 72829 1428 1 0
432 2021/05/23 22 72851 1428 0 0
433 2021/05/24 49 72900 1430 2 0
434 2021/05/25 32 72932 1430 0 0
435 2021/05/26 40 72972 1430 0 0
436 2021/05/27 41 73013 1431 1 0
437 2021/05/28 32 73045 1431 0 1
438 2021/05/29 30 73075 1431 0 0
439 2021/05/30 16 73091 1431 0 0
440 2021/05/31 17 73108 1431 0 0
441 2021/06/01 47 73155 1431 0 0
442 2021/06/02 32 73187 1431 0 0
443 2021/06/03 31 73218 1433 2 0
444 2021/06/04 28 73246 1434 1 0
445 2021/06/05 19 73265 1435 1 0
446 2021/06/06 16 73281 1435 0 0
447 2021/06/07 32 73313 1436 1 0
448 2021/06/08 45 73358 1439 3 0
449 2021/06/09 44 73402 1439 0 0
450 2021/06/10 25 73427 1439 0 0
451 2021/06/11 33 73460 1439 0 0
452 2021/06/12 17 73477 1439 0 0
453 2021/06/13 19 73496 1440 1 0
454 2021/06/14 31 73527 1442 2 0
455 2021/06/15 29 73556 1442 0 0
456 2021/06/16 39 73595 1443 1 0
457 2021/06/17 37 73632 1445 2 0
458 2021/06/18 23 73655 1445 0 0
459 2021/06/19 18 73673 1445 0 0
460 2021/06/20 16 73689 1445 0 0
461 2021/06/21 43 73732 1445 0 0
462 2021/06/22 41 73773 1445 0 0
463 2021/06/23 30 73803 1446 1 0
464 2021/06/24 39 73842 1446 0 0
465 2021/06/25 48 73890 1446 0 0
466 2021/06/26 33 73923 1446 0 0
467 2021/06/27 29 73952 1447 1 0
468 2021/06/28 36 73988 1447 0 0
469 2021/06/29 49 74037 1447 0 3
470 2021/06/30 48 74085 1448 1 0
471 2021/07/01 61 74146 1448 0 0
472 2021/07/02 51 74197 1449 1 1
473 2021/07/03 32 74229 1449 0 1
474 2021/07/04 35 74264 1449 0 1
475 2021/07/05 67 74331 1449 0 0
476 2021/07/06 70 74401 1449 0 0
477 2021/07/07 69 74470 1452 3 0
478 2021/07/08 76 74546 1455 3 0
479 2021/07/09 88 74634 1455 0 1
480 2021/07/10 72 74706 1456 1 1
481 2021/07/11 57 74763 1456 0 1
482 2021/07/12 115 74878 1457 1 0
483 2021/07/13 94 74972 1457 0 0
484 2021/07/14 117 75089 1458 1 1
485 2021/07/15 91 75180 1458 0 0
486 2021/07/16 115 75295 1458 0 1
487 2021/07/17 93 75388 1458 0 1
488 2021/07/18 86 75474 1458 0 0
489 2021/07/19 174 75648 1460 2 0
490 2021/07/20 166 75814 1460 0 0
491 2021/07/21 172 75986 1462 2 0
492 2021/07/22 189 76175 1463 1 0
493 2021/07/23 142 76317 1464 1 1
494 2021/07/24 100 76417 1466 2 1
495 2021/07/25 127 76544 1469 3 0
496 2021/07/26 253 76797 1471 2 0
497 2021/07/27 235 77032 1473 2 0
498 2021/07/28 259 77291 1477 4 0
499 2021/07/29 249 77540 1478 1 0
500 2021/07/30 256 77796 1479 1 1
501 2021/07/31 153 77949 1480 1 1
502 2021/08/01 165 78114 1483 3 0
503 2021/08/02 366 78480 1488 5 0
504 2021/08/03 338 78818 1490 2 0
505 2021/08/04 346 79164 1491 1 0
506 2021/08/05 353 79517 1492 1 0
507 2021/08/06 359 79876 1496 4 0
508 2021/08/07 147 80023 1500 4 0
509 2021/08/08 163 80186 1503 3 0
510 2021/08/09 448 80634 1504 1 0
511 2021/08/10 382 81016 1507 3 0
512 2021/08/11 391 81407 1509 2 0
513 2021/08/12 401 81808 1510 1 0
514 2021/08/13 392 82200 1514 4 0
515 2021/08/14 213 82413 1520 6 0
516 2021/08/15 214 82627 1523 3 0
517 2021/08/16 485 83112 1524 1 0
518 2021/08/17 498 83610 1531 7 0
519 2021/08/18 469 84079 1533 2 0
520 2021/08/19 444 84523 1537 4 0
521 2021/08/20 440 84963 1539 2 0
522 2021/08/21 225 85188 1542 3 0
523 2021/08/22 212 85400 1544 2 0
524 2021/08/23 451 85851 1546 2 0
525 2021/08/24 424 86275 1550 4 0
526 2021/08/25 434 86709 1555 5 0
527 2021/08/26 378 87087 1559 4 0
528 2021/08/27 374 87461 1563 4 0
529 2021/08/28 181 87642 1569 6 0
530 2021/08/29 162 87804 1573 4 0
531 2021/08/30 439 88243 1577 4 0
532 2021/08/31 328 88571 1585 8 0
533 2021/09/01 440 89011 1589 4 0
534 2021/09/02 321 89332 1595 6 0
535 2021/09/03 267 89599 1599 4 0
536 2021/09/04 146 89745 1601 2 0
537 2021/09/05 113 89858 1608 7 0
538 2021/09/06 163 90021 1616 8 0
539 2021/09/07 332 90353 1620 4 0
540 2021/09/08 332 90685 1629 9 0
541 2021/09/09 271 90956 1633 4 0
542 2021/09/10 273 91229 1633 0 0
543 2021/09/11 175 91404 1635 2 0
544 2021/09/12 140 91544 1636 1 0
545 2021/09/13 328 91872 1639 3 0
546 2021/09/14 283 92155 1644 5 0
547 2021/09/15 239 92394 1646 2 0
548 2021/09/16 271 92665 1648 2 0
549 2021/09/17 231 92896 1653 5 0
550 2021/09/18 132 93028 1655 2 0
551 2021/09/19 105 93133 1657 2 0
552 2021/09/20 293 93426 1657 0 0
553 2021/09/21 241 93667 1658 1 0
554 2021/09/22 227 93894 1662 4 0
555 2021/09/23 222 94116 1664 2 0
556 2021/09/24 156 94272 1667 3 1
557 2021/09/25 110 94382 1668 1 1
558 2021/09/26 76 94458 1668 0 0
559 2021/09/27 197 94655 1668 0 0
560 2021/09/28 179 94834 1668 0 0
561 2021/09/29 143 94977 1668 0 0
562 2021/09/30 150 95127 1668 0 0
563 2021/10/01 105 95232 1668 0 1
564 2021/10/02 43 95275 1668 0 1
565 2021/10/03 38 95313 1668 0 0
566 2021/10/04 160 95473 1668 0 0
567 2021/10/05 110 95583 1668 0 0
568 2021/10/06 16 95599 1668 0 0
569 2021/10/07 0 95599 1668 0 2
