dates I C D F E
1 2020/03/18 26 26 322 322 1
2 2020/03/19 19 45 663 341 1
3 2020/03/20 36 81 1040 377 1
4 2020/03/21 32 113 1449 409 1
5 2020/03/22 36 149 1894 445 1
6 2020/03/23 37 186 2376 482 1
7 2020/03/24 29 215 2887 511 1
8 2020/03/25 32 247 3430 543 1
9 2020/03/26 41 288 4014 584 1
10 2020/03/27 27 315 4625 611 1
11 2020/03/28 25 340 5261 636 1
12 2020/03/29 24 364 5921 660 3
13 2020/03/30 44 408 6625 704 1
14 2020/03/31 40 448 7369 744 1
15 2020/04/01 35 483 8148 779 1
16 2020/04/02 28 511 8955 807 1
17 2020/04/03 27 538 9789 834 1
18 2020/04/04 25 563 10648 859 1
19 2020/04/05 38 601 11545 897 1
20 2020/04/06 48 649 12490 945 1
21 2020/04/07 39 688 13474 984 1
22 2020/04/08 60 748 14518 1044 1
23 2020/04/09 68 816 15630 1112 1
24 2020/04/10 20 836 16762 1132 1
25 2020/04/11 31 867 17925 1163 1
26 2020/04/12 22 889 19110 1185 1
27 2020/04/13 28 917 20323 1213 1
28 2020/04/14 38 955 21574 1251 1
29 2020/04/15 54 1009 22879 1305 1
30 2020/04/16 36 1045 24220 1341 1
31 2020/04/17 45 1090 25606 1386 1
32 2020/04/18 26 1116 27018 1412 1
33 2020/04/19 39 1155 28469 1451 1
34 2020/04/20 33 1188 29953 1484 1
35 2020/04/21 32 1220 31469 1516 1
36 2020/04/22 30 1250 33015 1546 1
37 2020/04/23 37 1287 34598 1583 1
38 2020/04/24 26 1313 36207 1609 1
39 2020/04/25 58 1371 37874 1667 2
40 2020/04/26 25 1396 39566 1692 1
41 2020/04/27 39 1435 41297 1731 1
42 2020/04/28 54 1489 43082 1785 1
43 2020/04/29 35 1524 44902 1820 1
44 2020/04/30 29 1553 46751 1849 1
45 2020/05/01 34 1587 48634 1883 1
46 2020/05/02 44 1631 50561 1927 1
47 2020/05/03 23 1654 52511 1950 1
48 2020/05/04 28 1682 54489 1978 1
49 2020/05/05 38 1720 56505 2016 0
50 2020/05/06 35 1755 58556 2051 0
51 2020/05/07 26 1781 60633 2077 0
52 2020/05/08 32 1813 62742 2109 0
53 2020/05/09 18 1831 64869 2127 0
54 2020/05/10 15 1846 67011 2142 0
55 2020/05/11 20 1866 69173 2162 0
56 2020/05/12 48 1914 71383 2210 0
57 2020/05/13 35 1949 73628 2245 0
58 2020/05/14 28 1977 75901 2273 0
59 2020/05/15 33 2010 78207 2306 0
60 2020/05/16 16 2026 80529 2322 0
61 2020/05/17 23 2049 82874 2345 0
62 2020/05/18 27 2076 85246 2372 0
63 2020/05/19 23 2099 87641 2395 0
64 2020/05/20 34 2133 90070 2429 0
65 2020/05/21 23 2156 92522 2452 0
66 2020/05/22 24 2180 94998 2476 0
67 2020/05/23 18 2198 97492 2494 0
68 2020/05/24 19 2217 100005 2513 0
69 2020/05/25 24 2241 102542 2537 0
70 2020/05/26 37 2278 105116 2574 0
71 2020/05/27 33 2311 107723 2607 0
72 2020/05/28 29 2340 110359 2636 0
73 2020/05/29 34 2374 113029 2670 0
74 2020/05/30 24 2398 115723 2694 0
75 2020/05/31 25 2423 118442 2719 0
76 2020/06/01 36 2459 121197 2755 0
77 2020/06/02 37 2496 123989 2792 0
78 2020/06/03 35 2531 126816 2827 0
79 2020/06/04 31 2562 129674 2858 0
80 2020/06/05 33 2595 132565 2891 0
81 2020/06/06 19 2614 135475 2910 1
82 2020/06/07 15 2629 138400 2925 0
83 2020/06/08 44 2673 141369 2969 0
84 2020/06/09 27 2700 144365 2996 0
85 2020/06/10 25 2725 147386 3021 0
86 2020/06/11 25 2750 150432 3046 1
87 2020/06/12 29 2779 153507 3075 0
88 2020/06/13 34 2813 156616 3109 0
89 2020/06/14 20 2833 159745 3129 0
90 2020/06/15 40 2873 162914 3169 1
91 2020/06/16 44 2917 166127 3213 0
92 2020/06/17 51 2968 169391 3264 0
93 2020/06/18 39 3007 172694 3303 0
94 2020/06/19 49 3056 176046 3352 0
95 2020/06/20 55 3111 179453 3407 0
96 2020/06/21 43 3154 182903 3450 0
97 2020/06/22 106 3260 186459 3556 0
98 2020/06/23 93 3353 190108 3649 0
99 2020/06/24 73 3426 193830 3722 0
100 2020/06/25 63 3489 197615 3785 0
101 2020/06/26 65 3554 201465 3850 0
102 2020/06/27 56 3610 205371 3906 0
103 2020/06/28 55 3665 209332 3961 0
104 2020/06/29 79 3744 213372 4040 0
105 2020/06/30 77 3821 217489 4117 0
106 2020/07/01 105 3926 221711 4222 0
107 2020/07/02 93 4019 226026 4315 0
108 2020/07/03 95 4114 230436 4410 0
109 2020/07/04 47 4161 234893 4457 0
110 2020/07/05 91 4252 239441 4548 0
111 2020/07/06 118 4370 244107 4666 0
112 2020/07/07 121 4491 248894 4787 0
113 2020/07/08 92 4583 253773 4879 0
114 2020/07/09 89 4672 258741 4968 0
115 2020/07/10 133 4805 263842 5101 0
116 2020/07/11 91 4896 269034 5192 0
117 2020/07/12 96 4992 274322 5288 0
118 2020/07/13 149 5141 279759 5437 1
119 2020/07/14 127 5268 285323 5564 0
120 2020/07/15 150 5418 291037 5714 0
121 2020/07/16 114 5532 296865 5828 0
122 2020/07/17 141 5673 302834 5969 0
123 2020/07/18 95 5768 308898 6064 0
124 2020/07/19 102 5870 315064 6166 0
125 2020/07/20 147 6017 321377 6313 1
126 2020/07/21 121 6138 327811 6434 0
127 2020/07/22 109 6247 334354 6543 0
128 2020/07/23 104 6351 341001 6647 0
129 2020/07/24 101 6452 347749 6748 0
130 2020/07/25 94 6546 354591 6842 0
131 2020/07/26 58 6604 361491 6900 0
132 2020/07/27 108 6712 368499 7008 0
133 2020/07/28 87 6799 375594 7095 0
134 2020/07/29 113 6912 382802 7208 0
135 2020/07/30 94 7006 390104 7302 0
136 2020/07/31 100 7106 397506 7402 0
137 2020/08/01 99 7205 405007 7501 0
138 2020/08/02 62 7267 412570 7563 0
139 2020/08/03 118 7385 420251 7681 0
140 2020/08/04 94 7479 428026 7775 0
141 2020/08/05 87 7566 435888 7862 0
142 2020/08/06 93 7659 443843 7955 0
143 2020/08/07 93 7752 451891 8048 0
144 2020/08/08 78 7830 460017 8126 0
145 2020/08/09 66 7896 468209 8192 0
146 2020/08/10 115 8011 476516 8307 1
147 2020/08/11 92 8103 484915 8399 0
148 2020/08/12 96 8199 493410 8495 0
149 2020/08/13 84 8283 501989 8579 0
150 2020/08/14 94 8377 510662 8673 0
151 2020/08/15 59 8436 519394 8732 0
152 2020/08/16 64 8500 528190 8796 0
153 2020/08/17 87 8587 537073 8883 1
154 2020/08/18 72 8659 546028 8955 0
155 2020/08/19 85 8744 555068 9040 0
156 2020/08/20 65 8809 564173 9105 0
157 2020/08/21 86 8895 573364 9191 0
158 2020/08/22 50 8945 582605 9241 0
159 2020/08/23 60 9005 591906 9301 1
160 2020/08/24 95 9100 601302 9396 0
161 2020/08/25 83 9183 610781 9479 0
162 2020/08/26 77 9260 620337 9556 0
163 2020/08/27 75 9335 629968 9631 0
164 2020/08/28 66 9401 639665 9697 0
165 2020/08/29 54 9455 649416 9751 0
166 2020/08/30 28 9483 659195 9779 0
167 2020/08/31 98 9581 669072 9877 1
168 2020/09/01 79 9660 679028 9956 0
169 2020/09/02 69 9729 689053 10025 0
170 2020/09/03 69 9798 699147 10094 0
171 2020/09/04 66 9864 709307 10160 0
172 2020/09/05 40 9904 719507 10200 0
173 2020/09/06 33 9937 729740 10233 0
174 2020/09/07 75 10012 740048 10308 0
175 2020/09/08 51 10063 750407 10359 0
176 2020/09/09 73 10136 760839 10432 0
177 2020/09/10 50 10186 771321 10482 0
178 2020/09/11 77 10263 781880 10559 0
179 2020/09/12 49 10312 792488 10608 0
180 2020/09/13 45 10357 803141 10653 1
181 2020/09/14 78 10435 813872 10731 0
182 2020/09/15 66 10501 824669 10797 0
183 2020/09/16 58 10559 835524 10855 0
184 2020/09/17 47 10606 846426 10902 0
185 2020/09/18 94 10700 857422 10996 0
186 2020/09/19 38 10738 868456 11034 0
187 2020/09/20 33 10771 879523 11067 0
188 2020/09/21 54 10825 890644 11121 0
189 2020/09/22 48 10873 901813 11169 0
190 2020/09/23 44 10917 913026 11213 0
191 2020/09/24 49 10966 924288 11262 0
192 2020/09/25 47 11013 935597 11309 0
193 2020/09/26 35 11048 946941 11344 0
194 2020/09/27 28 11076 958313 11372 0
195 2020/09/28 56 11132 969741 11428 0
196 2020/09/29 34 11166 981203 11462 0
197 2020/09/30 36 11202 992701 11498 0
198 2020/10/01 30 11232 1004229 11528 0
199 2020/10/02 31 11263 1015788 11559 0
200 2020/10/03 23 11286 1027370 11582 0
201 2020/10/04 25 11311 1038977 11607 1
202 2020/10/05 32 11343 1050616 11639 0
203 2020/10/06 39 11382 1062294 11678 0
204 2020/10/07 26 11408 1073998 11704 0
205 2020/10/08 35 11443 1085737 11739 0
206 2020/10/09 37 11480 1097513 11776 0
207 2020/10/10 30 11510 1109319 11806 0
208 2020/10/11 21 11531 1121146 11827 1
209 2020/10/12 43 11574 1133016 11870 0
210 2020/10/13 33 11607 1144919 11903 0
211 2020/10/14 36 11643 1156858 11939 0
212 2020/10/15 32 11675 1168829 11971 0
213 2020/10/16 28 11703 1180828 11999 0
214 2020/10/17 22 11725 1192849 12021 0
215 2020/10/18 28 11753 1204898 12049 0
216 2020/10/19 39 11792 1216986 12088 0
217 2020/10/20 44 11836 1229118 12132 0
218 2020/10/21 47 11883 1241297 12179 1
219 2020/10/22 49 11932 1253525 12228 0
220 2020/10/23 58 11990 1265811 12286 0
221 2020/10/24 31 12021 1278128 12317 0
222 2020/10/25 58 12079 1290503 12375 1
223 2020/10/26 73 12152 1302951 12448 0
224 2020/10/27 60 12212 1315459 12508 0
225 2020/10/28 74 12286 1328041 12582 0
226 2020/10/29 58 12344 1340681 12640 0
227 2020/10/30 79 12423 1353400 12719 0
228 2020/10/31 54 12477 1366173 12773 0
229 2020/11/01 73 12550 1379019 12846 1
230 2020/11/02 122 12672 1391987 12968 0
231 2020/11/03 97 12769 1405052 13065 0
232 2020/11/04 123 12892 1418240 13188 0
233 2020/11/05 83 12975 1431511 13271 0
234 2020/11/06 112 13087 1444894 13383 0
235 2020/11/07 69 13156 1458346 13452 0
236 2020/11/08 59 13215 1471857 13511 0
237 2020/11/09 131 13346 1485499 13642 1
238 2020/11/10 119 13465 1499260 13761 0
239 2020/11/11 117 13582 1513138 13878 0
240 2020/11/12 108 13690 1527124 13986 0
241 2020/11/13 99 13789 1541209 14085 0
242 2020/11/14 93 13882 1555387 14178 0
243 2020/11/15 87 13969 1569652 14265 0
244 2020/11/16 178 14147 1584095 14443 0
245 2020/11/17 158 14305 1598696 14601 0
246 2020/11/18 166 14471 1613463 14767 0
247 2020/11/19 144 14615 1628374 14911 0
248 2020/11/20 155 14770 1643440 15066 0
249 2020/11/21 104 14874 1658610 15170 0
250 2020/11/22 103 14977 1673883 15273 0
251 2020/11/23 170 15147 1689326 15443 0
252 2020/11/24 158 15305 1704927 15601 0
253 2020/11/25 195 15500 1720723 15796 0
254 2020/11/26 105 15605 1736624 15901 0
255 2020/11/27 137 15742 1752662 16038 0
256 2020/11/28 155 15897 1768855 16193 0
257 2020/11/29 177 16074 1785225 16370 0
258 2020/11/30 280 16354 1801875 16650 0
259 2020/12/01 298 16652 1818823 16948 0
260 2020/12/02 280 16932 1836051 17228 0
261 2020/12/03 238 17170 1853517 17466 0
262 2020/12/04 222 17392 1871205 17688 0
263 2020/12/05 189 17581 1889082 17877 0
264 2020/12/06 184 17765 1907143 18061 0
265 2020/12/07 320 18085 1925524 18381 0
266 2020/12/08 289 18374 1944194 18670 0
267 2020/12/09 308 18682 1963172 18978 0
268 2020/12/10 302 18984 1982452 19280 0
269 2020/12/11 315 19299 2002047 19595 0
270 2020/12/12 230 19529 2021872 19825 0
271 2020/12/13 188 19717 2041885 20013 0
272 2020/12/14 341 20058 2062239 20354 0
273 2020/12/15 375 20433 2082968 20729 0
274 2020/12/16 309 20742 2104006 21038 1
275 2020/12/17 257 20999 2125301 21295 0
276 2020/12/18 289 21288 2146885 21584 0
277 2020/12/19 166 21454 2168635 21750 0
278 2020/12/20 150 21604 2190535 21900 0
279 2020/12/21 315 21919 2212750 22215 0
280 2020/12/22 281 22200 2235246 22496 0
281 2020/12/23 268 22468 2258010 22764 0
282 2020/12/24 223 22691 2280997 22987 0
283 2020/12/25 164 22855 2304148 23151 0
284 2020/12/26 276 23131 2327575 23427 0
285 2020/12/27 232 23363 2351234 23659 0
286 2020/12/28 347 23710 2375240 24006 0
287 2020/12/29 363 24073 2399609 24369 0
288 2020/12/30 335 24408 2424313 24704 0
289 2020/12/31 292 24700 2449309 24996 0
290 2021/01/01 224 24924 2474529 25220 0
291 2021/01/02 276 25200 2500025 25496 0
292 2021/01/03 260 25460 2525781 25756 1
293 2021/01/04 498 25958 2552035 26254 1
294 2021/01/05 384 26342 2578673 26638 0
295 2021/01/06 368 26710 2605679 27006 0
296 2021/01/07 372 27082 2633057 27378 0
297 2021/01/08 337 27419 2660772 27715 0
298 2021/01/09 247 27666 2688734 27962 0
299 2021/01/10 175 27841 2716871 28137 0
300 2021/01/11 380 28221 2745388 28517 0
301 2021/01/12 269 28490 2774174 28786 0
302 2021/01/13 276 28766 2803236 29062 0
303 2021/01/14 238 29004 2832536 29300 0
304 2021/01/15 243 29247 2862079 29543 0
305 2021/01/16 170 29417 2891792 29713 0
306 2021/01/17 127 29544 2921632 29840 0
307 2021/01/18 188 29732 2951660 30028 0
308 2021/01/19 205 29937 2981893 30233 0
309 2021/01/20 217 30154 3012343 30450 0
310 2021/01/21 196 30350 3042989 30646 0
311 2021/01/22 177 30527 3073812 30823 0
312 2021/01/23 111 30638 3104746 30934 0
313 2021/01/24 105 30743 3135785 31039 0
314 2021/01/25 189 30932 3167013 31228 0
315 2021/01/26 148 31080 3198389 31376 1
316 2021/01/27 130 31210 3229895 31506 0
317 2021/01/28 142 31352 3261543 31648 0
318 2021/01/29 138 31490 3293329 31786 0
319 2021/01/30 141 31631 3325256 31927 0
320 2021/01/31 100 31731 3357283 32027 0
321 2021/02/01 187 31918 3389497 32214 0
322 2021/02/02 132 32050 3421843 32346 0
323 2021/02/03 156 32206 3454345 32502 0
324 2021/02/04 129 32335 3486976 32631 0
325 2021/02/05 113 32448 3519720 32744 0
326 2021/02/06 89 32537 3552553 32833 0
327 2021/02/07 71 32608 3585457 32904 0
328 2021/02/08 120 32728 3618481 33024 0
329 2021/02/09 95 32823 3651600 33119 0
330 2021/02/10 79 32902 3684798 33198 0
331 2021/02/11 82 32984 3718078 33280 0
332 2021/02/12 83 33067 3751441 33363 0
333 2021/02/13 60 33127 3784864 33423 0
334 2021/02/14 49 33176 3818336 33472 0
335 2021/02/15 72 33248 3851880 33544 0
336 2021/02/16 72 33320 3885496 33616 0
337 2021/02/17 70 33390 3919182 33686 0
338 2021/02/18 77 33467 3952945 33763 0
339 2021/02/19 58 33525 3986766 33821 0
340 2021/02/20 48 33573 4020635 33869 0
341 2021/02/21 42 33615 4054546 33911 0
342 2021/02/22 65 33680 4088522 33976 0
343 2021/02/23 59 33739 4122557 34035 0
344 2021/02/24 49 33788 4156641 34084 0
345 2021/02/25 45 33833 4190770 34129 0
346 2021/02/26 42 33875 4224941 34171 0
347 2021/02/27 30 33905 4259142 34201 0
348 2021/02/28 32 33937 4293375 34233 0
349 2021/03/01 41 33978 4327649 34274 0
350 2021/03/02 44 34022 4361967 34318 0
351 2021/03/03 41 34063 4396326 34359 0
352 2021/03/04 31 34094 4430716 34390 0
353 2021/03/05 34 34128 4465140 34424 0
354 2021/03/06 40 34168 4499604 34464 0
355 2021/03/07 30 34198 4534098 34494 0
356 2021/03/08 34 34232 4568626 34528 0
357 2021/03/09 27 34259 4603181 34555 0
358 2021/03/10 30 34289 4637766 34585 0
359 2021/03/11 34 34323 4672385 34619 0
360 2021/03/12 37 34360 4707041 34656 0
361 2021/03/13 21 34381 4741718 34677 0
362 2021/03/14 17 34398 4776412 34694 0
363 2021/03/15 37 34435 4811143 34731 0
364 2021/03/16 36 34471 4845910 34767 0
365 2021/03/17 29 34500 4880706 34796 0
366 2021/03/18 34 34534 4915536 34830 0
367 2021/03/19 38 34572 4950404 34868 0
368 2021/03/20 45 34617 4985317 34913 1
369 2021/03/21 23 34640 5020253 34936 0
370 2021/03/22 47 34687 5055236 34983 0
371 2021/03/23 42 34729 5090261 35025 0
372 2021/03/24 57 34786 5125343 35082 0
373 2021/03/25 28 34814 5160453 35110 0
374 2021/03/26 39 34853 5195602 35149 0
375 2021/03/27 25 34878 5230776 35174 0
376 2021/03/28 24 34902 5265974 35198 0
377 2021/03/29 47 34949 5301219 35245 0
378 2021/03/30 33 34982 5336497 35278 0
379 2021/03/31 51 35033 5371826 35329 0
380 2021/04/01 43 35076 5407198 35372 0
381 2021/04/02 20 35096 5442590 35392 0
382 2021/04/03 34 35130 5478016 35426 0
383 2021/04/04 18 35148 5513460 35444 1
384 2021/04/05 55 35203 5548959 35499 0
385 2021/04/06 30 35233 5584488 35529 0
386 2021/04/07 43 35276 5620060 35572 0
387 2021/04/08 40 35316 5655672 35612 0
388 2021/04/09 23 35339 5691307 35635 0
389 2021/04/10 42 35381 5726984 35677 0
390 2021/04/11 30 35411 5762691 35707 0
391 2021/04/12 36 35447 5798434 35743 0
392 2021/04/13 33 35480 5834210 35776 0
393 2021/04/14 37 35517 5870023 35813 0
394 2021/04/15 38 35555 5905874 35851 0
395 2021/04/16 20 35575 5941745 35871 0
396 2021/04/17 25 35600 5977641 35896 0
397 2021/04/18 21 35621 6013558 35917 0
398 2021/04/19 35 35656 6049510 35952 0
399 2021/04/20 35 35691 6085497 35987 0
400 2021/04/21 19 35710 6121503 36006 0
401 2021/04/22 20 35730 6157529 36026 0
402 2021/04/23 22 35752 6193577 36048 0
403 2021/04/24 17 35769 6229642 36065 0
404 2021/04/25 29 35798 6265736 36094 0
405 2021/04/26 30 35828 6301860 36124 0
406 2021/04/27 27 35855 6338011 36151 0
407 2021/04/28 28 35883 6374190 36179 0
408 2021/04/29 29 35912 6410398 36208 0
409 2021/04/30 26 35938 6446632 36234 0
410 2021/05/01 11 35949 6482877 36245 0
411 2021/05/02 15 35964 6519137 36260 0
412 2021/05/03 26 35990 6555423 36286 0
413 2021/05/04 26 36016 6591735 36312 0
414 2021/05/05 18 36034 6628065 36330 0
415 2021/05/06 15 36049 6664410 36345 0
416 2021/05/07 15 36064 6700770 36360 0
417 2021/05/08 13 36077 6737143 36373 0
418 2021/05/09 23 36100 6773539 36396 0
419 2021/05/10 26 36126 6809961 36422 0
420 2021/05/11 19 36145 6846402 36441 0
421 2021/05/12 20 36165 6882863 36461 0
422 2021/05/13 19 36184 6919343 36480 0
423 2021/05/14 24 36208 6955847 36504 0
424 2021/05/15 9 36217 6992360 36513 0
425 2021/05/16 16 36233 7028889 36529 0
426 2021/05/17 21 36254 7065439 36550 0
427 2021/05/18 12 36266 7102001 36562 0
428 2021/05/19 20 36286 7138583 36582 0
429 2021/05/20 13 36299 7175178 36595 0
430 2021/05/21 9 36308 7211782 36604 0
431 2021/05/22 7 36315 7248393 36611 0
432 2021/05/23 10 36325 7285014 36621 0
433 2021/05/24 10 36335 7321645 36631 0
434 2021/05/25 17 36352 7358293 36648 1
435 2021/05/26 23 36375 7394964 36671 0
436 2021/05/27 12 36387 7431647 36683 0
437 2021/05/28 5 36392 7468335 36688 0
438 2021/05/29 6 36398 7505029 36694 0
439 2021/05/30 9 36407 7541732 36703 0
440 2021/05/31 17 36424 7578452 36720 0
441 2021/06/01 12 36436 7615184 36732 0
442 2021/06/02 16 36452 7651932 36748 0
443 2021/06/03 20 36472 7688700 36768 0
444 2021/06/04 6 36478 7725474 36774 0
445 2021/06/05 5 36483 7762253 36779 0
446 2021/06/06 9 36492 7799041 36788 0
447 2021/06/07 12 36504 7835841 36800 0
448 2021/06/08 16 36520 7872657 36816 0
449 2021/06/09 15 36535 7909488 36831 0
450 2021/06/10 13 36548 7946332 36844 0
451 2021/06/11 10 36558 7983186 36854 0
452 2021/06/12 5 36563 8020045 36859 0
453 2021/06/13 10 36573 8056914 36869 0
454 2021/06/14 11 36584 8093794 36880 0
455 2021/06/15 13 36597 8130687 36893 0
456 2021/06/16 9 36606 8167589 36902 0
457 2021/06/17 13 36619 8204504 36915 0
458 2021/06/18 10 36629 8241429 36925 0
459 2021/06/19 9 36638 8278363 36934 0
460 2021/06/20 12 36650 8315309 36946 0
461 2021/06/21 21 36671 8352276 36967 0
462 2021/06/22 17 36688 8389260 36984 0
463 2021/06/23 14 36702 8426258 36998 0
464 2021/06/24 24 36726 8463280 37022 0
465 2021/06/25 22 36748 8500324 37044 0
466 2021/06/26 23 36771 8537391 37067 0
467 2021/06/27 32 36803 8574490 37099 0
468 2021/06/28 37 36840 8611626 37136 0
469 2021/06/29 35 36875 8648797 37171 2
470 2021/06/30 35 36910 8686003 37206 0
471 2021/07/01 45 36955 8723254 37251 0
472 2021/07/02 31 36986 8760536 37282 1
473 2021/07/03 47 37033 8797865 37329 1
474 2021/07/04 40 37073 8835234 37369 1
475 2021/07/05 53 37126 8872656 37422 0
476 2021/07/06 87 37213 8910165 37509 0
477 2021/07/07 115 37328 8947789 37624 0
478 2021/07/08 91 37419 8985504 37715 0
479 2021/07/09 78 37497 9023297 37793 1
480 2021/07/10 77 37574 9061167 37870 1
481 2021/07/11 82 37656 9099119 37952 0
482 2021/07/12 126 37782 9137197 38078 0
483 2021/07/13 146 37928 9175421 38224 0
484 2021/07/14 145 38073 9213790 38369 0
485 2021/07/15 139 38212 9252298 38508 0
486 2021/07/16 147 38359 9290953 38655 1
487 2021/07/17 117 38476 9329725 38772 1
488 2021/07/18 118 38594 9368615 38890 0
489 2021/07/19 226 38820 9407731 39116 0
490 2021/07/20 264 39084 9447111 39380 1
491 2021/07/21 249 39333 9486740 39629 0
492 2021/07/22 217 39550 9526586 39846 0
493 2021/07/23 200 39750 9566632 40046 1
494 2021/07/24 161 39911 9606839 40207 1
495 2021/07/25 139 40050 9647185 40346 0
496 2021/07/26 293 40343 9687824 40639 0
497 2021/07/27 300 40643 9728763 40939 0
498 2021/07/28 304 40947 9770006 41243 0
499 2021/07/29 275 41222 9811524 41518 0
500 2021/07/30 165 41387 9853207 41683 1
501 2021/07/31 116 41503 9895006 41799 1
502 2021/08/01 97 41600 9936902 41896 0
503 2021/08/02 201 41801 9978999 42097 0
504 2021/08/03 160 41961 10021256 42257 0
505 2021/08/04 37 41998 10063550 42294 0
506 2021/08/05 0 41998 10105844 42294 2
