dates I C D F E
1 2020/03/18 32 339 1 0 1
2 2020/03/19 23 362 1 0 1
3 2020/03/20 35 397 1 0 1
4 2020/03/21 30 427 1 0 1
5 2020/03/22 38 465 1 0 1
6 2020/03/23 33 498 4 3 1
7 2020/03/24 38 536 7 3 1
8 2020/03/25 41 577 8 1 1
9 2020/03/26 35 612 9 1 1
10 2020/03/27 33 645 11 2 1
11 2020/03/28 26 671 11 0 1
12 2020/03/29 20 691 12 1 3
13 2020/03/30 25 716 14 2 2
14 2020/03/31 24 740 15 1 1
15 2020/04/01 19 759 16 1 1
16 2020/04/02 18 777 19 3 1
17 2020/04/03 21 798 22 3 1
18 2020/04/04 17 815 22 0 1
19 2020/04/05 12 827 24 2 1
20 2020/04/06 20 847 25 1 1
21 2020/04/07 18 865 28 3 1
22 2020/04/08 21 886 29 1 1
23 2020/04/09 15 901 29 0 1
24 2020/04/10 16 917 30 1 1
25 2020/04/11 16 933 31 1 1
26 2020/04/12 12 945 33 2 1
27 2020/04/13 26 971 34 1 1
28 2020/04/14 40 1011 36 2 1
29 2020/04/15 34 1045 36 0 1
30 2020/04/16 49 1094 40 4 1
31 2020/04/17 29 1123 40 0 1
32 2020/04/18 16 1139 41 1 1
33 2020/04/19 22 1161 42 1 1
34 2020/04/20 36 1197 42 0 1
35 2020/04/21 23 1220 43 1 1
36 2020/04/22 46 1266 43 0 1
37 2020/04/23 23 1289 48 5 1
38 2020/04/24 40 1329 52 4 1
39 2020/04/25 23 1352 54 2 1
40 2020/04/26 18 1370 54 0 1
41 2020/04/27 26 1396 54 0 1
42 2020/04/28 22 1418 55 1 1
43 2020/04/29 13 1431 57 2 1
44 2020/04/30 26 1457 57 0 1
45 2020/05/01 30 1487 58 1 1
46 2020/05/02 22 1509 62 4 1
47 2020/05/03 16 1525 64 2 1
48 2020/05/04 28 1553 64 0 1
49 2020/05/05 25 1578 64 0 0
50 2020/05/06 32 1610 68 4 0
51 2020/05/07 31 1641 69 1 0
52 2020/05/08 22 1663 71 2 0
53 2020/05/09 85 1748 71 0 0
54 2020/05/10 19 1767 71 0 0
55 2020/05/11 22 1789 71 0 0
56 2020/05/12 26 1815 72 1 0
57 2020/05/13 26 1841 73 1 0
58 2020/05/14 32 1873 76 3 0
59 2020/05/15 32 1905 77 1 0
60 2020/05/16 22 1927 77 0 0
61 2020/05/17 15 1942 78 1 0
62 2020/05/18 37 1979 80 2 0
63 2020/05/19 38 2017 81 1 0
64 2020/05/20 41 2058 85 4 0
65 2020/05/21 53 2111 85 0 0
66 2020/05/22 37 2148 86 1 1
67 2020/05/23 19 2167 89 3 0
68 2020/05/24 28 2195 89 0 0
69 2020/05/25 35 2230 89 0 0
70 2020/05/26 36 2266 89 0 0
71 2020/05/27 38 2304 89 0 0
72 2020/05/28 40 2344 89 0 0
73 2020/05/29 27 2371 90 1 0
74 2020/05/30 16 2387 90 0 0
75 2020/05/31 24 2411 91 1 0
76 2020/06/01 46 2457 93 2 0
77 2020/06/02 30 2487 94 1 0
78 2020/06/03 35 2522 98 4 0
79 2020/06/04 28 2550 99 1 0
80 2020/06/05 26 2576 99 0 0
81 2020/06/06 25 2601 100 1 0
82 2020/06/07 15 2616 100 0 0
83 2020/06/08 27 2643 101 1 0
84 2020/06/09 31 2674 101 0 0
85 2020/06/10 31 2705 101 0 0
86 2020/06/11 41 2746 102 1 0
87 2020/06/12 38 2784 104 2 0
88 2020/06/13 35 2819 104 0 0
89 2020/06/14 23 2842 104 0 0
90 2020/06/15 57 2899 107 3 0
91 2020/06/16 47 2946 107 0 0
92 2020/06/17 54 3000 108 1 0
93 2020/06/18 47 3047 108 0 0
94 2020/06/19 39 3086 108 0 0
95 2020/06/20 39 3125 109 1 0
96 2020/06/21 48 3173 110 1 0
97 2020/06/22 58 3231 110 0 0
98 2020/06/23 73 3304 112 2 0
99 2020/06/24 65 3369 113 1 0
100 2020/06/25 57 3426 114 1 0
101 2020/06/26 68 3494 116 2 0
102 2020/06/27 52 3546 116 0 0
103 2020/06/28 57 3603 117 1 0
104 2020/06/29 78 3681 117 0 0
105 2020/06/30 54 3735 117 0 0
106 2020/07/01 77 3812 118 1 0
107 2020/07/02 62 3874 118 0 0
108 2020/07/03 81 3955 120 2 1
109 2020/07/04 57 4012 120 0 0
110 2020/07/05 63 4075 120 0 0
111 2020/07/06 111 4186 120 0 0
112 2020/07/07 92 4278 120 0 0
113 2020/07/08 115 4393 120 0 0
114 2020/07/09 121 4514 120 0 0
115 2020/07/10 127 4641 120 0 0
116 2020/07/11 65 4706 120 0 0
117 2020/07/12 68 4774 121 1 0
118 2020/07/13 118 4892 122 1 0
119 2020/07/14 131 5023 123 1 0
120 2020/07/15 93 5116 124 1 0
121 2020/07/16 113 5229 125 1 0
122 2020/07/17 104 5333 125 0 0
123 2020/07/18 96 5429 125 0 0
124 2020/07/19 60 5489 125 0 0
125 2020/07/20 107 5596 125 0 0
126 2020/07/21 101 5697 126 1 0
127 2020/07/22 92 5789 126 0 0
128 2020/07/23 89 5878 126 0 0
129 2020/07/24 105 5983 126 0 1
130 2020/07/25 63 6046 126 0 0
131 2020/07/26 63 6109 126 0 0
132 2020/07/27 106 6215 126 0 0
133 2020/07/28 109 6324 126 0 0
134 2020/07/29 74 6398 127 1 0
135 2020/07/30 88 6486 127 0 0
136 2020/07/31 95 6581 128 1 0
137 2020/08/01 72 6653 129 1 0
138 2020/08/02 55 6708 129 0 0
139 2020/08/03 115 6823 129 0 0
140 2020/08/04 81 6904 129 0 0
141 2020/08/05 106 7010 131 2 0
142 2020/08/06 96 7106 131 0 0
143 2020/08/07 99 7205 131 0 0
144 2020/08/08 59 7264 132 1 0
145 2020/08/09 59 7323 133 1 0
146 2020/08/10 95 7418 133 0 0
147 2020/08/11 77 7495 133 0 0
148 2020/08/12 76 7571 133 0 0
149 2020/08/13 78 7649 133 0 0
150 2020/08/14 62 7711 133 0 0
151 2020/08/15 59 7770 133 0 0
152 2020/08/16 37 7807 134 1 0
153 2020/08/17 76 7883 135 1 0
154 2020/08/18 57 7940 136 1 0
155 2020/08/19 62 8002 136 0 0
156 2020/08/20 67 8069 137 1 0
157 2020/08/21 66 8135 137 0 0
158 2020/08/22 58 8193 137 0 0
159 2020/08/23 47 8240 138 1 0
160 2020/08/24 95 8335 139 1 0
161 2020/08/25 67 8402 139 0 0
162 2020/08/26 60 8462 139 0 0
163 2020/08/27 67 8529 141 2 0
164 2020/08/28 109 8638 141 0 0
165 2020/08/29 47 8685 143 2 0
166 2020/08/30 42 8727 144 1 0
167 2020/08/31 77 8804 144 0 0
168 2020/09/01 70 8874 144 0 0
169 2020/09/02 80 8954 145 1 0
170 2020/09/03 57 9011 146 1 0
171 2020/09/04 74 9085 146 0 0
172 2020/09/05 44 9129 146 0 0
173 2020/09/06 45 9174 147 1 0
174 2020/09/07 53 9227 147 0 0
175 2020/09/08 82 9309 147 0 0
176 2020/09/09 75 9384 147 0 0
177 2020/09/10 61 9445 147 0 0
178 2020/09/11 46 9491 147 0 0
179 2020/09/12 42 9533 148 1 0
180 2020/09/13 45 9578 149 1 0
181 2020/09/14 61 9639 151 2 0
182 2020/09/15 62 9701 151 0 0
183 2020/09/16 70 9771 151 0 0
184 2020/09/17 65 9836 151 0 0
185 2020/09/18 42 9878 152 1 0
186 2020/09/19 40 9918 153 1 0
187 2020/09/20 31 9949 153 0 0
188 2020/09/21 67 10016 153 0 0
189 2020/09/22 52 10068 153 0 0
190 2020/09/23 38 10106 153 0 0
191 2020/09/24 40 10146 154 1 0
192 2020/09/25 48 10194 154 0 0
193 2020/09/26 36 10230 156 2 0
194 2020/09/27 34 10264 156 0 0
195 2020/09/28 68 10332 157 1 0
196 2020/09/29 50 10382 157 0 0
197 2020/09/30 47 10429 157 0 0
198 2020/10/01 42 10471 157 0 0
199 2020/10/02 45 10516 157 0 0
200 2020/10/03 41 10557 158 1 0
201 2020/10/04 26 10583 159 1 0
202 2020/10/05 61 10644 159 0 0
203 2020/10/06 27 10671 160 1 0
204 2020/10/07 33 10704 162 2 0
205 2020/10/08 42 10746 162 0 0
206 2020/10/09 32 10778 162 0 0
207 2020/10/10 28 10806 162 0 0
208 2020/10/11 37 10843 162 0 0
209 2020/10/12 31 10874 162 0 0
210 2020/10/13 48 10922 163 1 0
211 2020/10/14 43 10965 163 0 0
212 2020/10/15 51 11016 164 1 0
213 2020/10/16 40 11056 165 1 0
214 2020/10/17 25 11081 166 1 0
215 2020/10/18 28 11109 166 0 0
216 2020/10/19 59 11168 166 0 0
217 2020/10/20 46 11214 166 0 0
218 2020/10/21 46 11260 167 1 0
219 2020/10/22 49 11309 167 0 0
220 2020/10/23 56 11365 167 0 0
221 2020/10/24 49 11414 168 1 0
222 2020/10/25 39 11453 168 0 0
223 2020/10/26 45 11498 168 0 0
224 2020/10/27 44 11542 169 1 0
225 2020/10/28 49 11591 169 0 0
226 2020/10/29 64 11655 170 1 0
227 2020/10/30 46 11701 170 0 0
228 2020/10/31 59 11760 170 0 0
229 2020/11/01 52 11812 170 0 0
230 2020/11/02 80 11892 171 1 0
231 2020/11/03 109 12001 172 1 0
232 2020/11/04 94 12095 173 1 0
233 2020/11/05 95 12190 173 0 0
234 2020/11/06 94 12284 173 0 0
235 2020/11/07 75 12359 174 1 0
236 2020/11/08 63 12422 174 0 0
237 2020/11/09 119 12541 174 0 0
238 2020/11/10 107 12648 174 0 0
239 2020/11/11 101 12749 174 0 0
240 2020/11/12 115 12864 174 0 0
241 2020/11/13 123 12987 174 0 0
242 2020/11/14 93 13080 175 1 0
243 2020/11/15 108 13188 175 0 0
244 2020/11/16 177 13365 175 0 0
245 2020/11/17 160 13525 175 0 0
246 2020/11/18 162 13687 175 0 0
247 2020/11/19 153 13840 176 1 0
248 2020/11/20 138 13978 176 0 0
249 2020/11/21 133 14111 177 1 0
250 2020/11/22 102 14213 178 1 0
251 2020/11/23 204 14417 178 0 0
252 2020/11/24 192 14609 180 2 0
253 2020/11/25 209 14818 183 3 0
254 2020/11/26 115 14933 184 1 1
255 2020/11/27 187 15120 185 1 0
256 2020/11/28 202 15322 185 0 0
257 2020/11/29 190 15512 185 0 0
258 2020/11/30 334 15846 185 0 0
259 2020/12/01 361 16207 185 0 0
260 2020/12/02 325 16532 187 2 0
261 2020/12/03 362 16894 191 4 0
262 2020/12/04 351 17245 193 2 0
263 2020/12/05 288 17533 193 0 0
264 2020/12/06 257 17790 194 1 0
265 2020/12/07 503 18293 195 1 0
266 2020/12/08 440 18733 195 0 0
267 2020/12/09 398 19131 195 0 0
268 2020/12/10 452 19583 198 3 0
269 2020/12/11 442 20025 200 2 0
270 2020/12/12 272 20297 204 4 0
271 2020/12/13 220 20517 205 1 0
272 2020/12/14 490 21007 209 4 0
273 2020/12/15 500 21507 217 8 0
274 2020/12/16 411 21918 218 1 0
275 2020/12/17 326 22244 223 5 0
276 2020/12/18 373 22617 223 0 0
277 2020/12/19 315 22932 223 0 0
278 2020/12/20 210 23142 226 3 0
279 2020/12/21 436 23578 228 2 0
280 2020/12/22 406 23984 230 2 0
281 2020/12/23 328 24312 236 6 0
282 2020/12/24 303 24615 239 3 0
283 2020/12/25 198 24813 242 3 0
284 2020/12/26 323 25136 244 2 0
285 2020/12/27 338 25474 245 1 0
286 2020/12/28 566 26040 246 1 0
287 2020/12/29 473 26513 251 5 0
288 2020/12/30 542 27055 252 1 0
289 2020/12/31 432 27487 258 6 0
290 2021/01/01 330 27817 263 5 0
291 2021/01/02 449 28266 266 3 0
292 2021/01/03 336 28602 272 6 0
293 2021/01/04 592 29194 282 10 0
294 2021/01/05 562 29756 287 5 0
295 2021/01/06 485 30241 297 10 0
296 2021/01/07 423 30664 303 6 0
297 2021/01/08 511 31175 311 8 0
298 2021/01/09 350 31525 323 12 0
299 2021/01/10 297 31822 331 8 0
300 2021/01/11 489 32311 336 5 0
301 2021/01/12 442 32753 345 9 0
302 2021/01/13 391 33144 349 4 0
303 2021/01/14 343 33487 358 9 0
304 2021/01/15 368 33855 360 2 0
305 2021/01/16 245 34100 366 6 0
306 2021/01/17 166 34266 378 12 0
307 2021/01/18 251 34517 385 7 0
308 2021/01/19 315 34832 395 10 0
309 2021/01/20 285 35117 398 3 0
310 2021/01/21 224 35341 403 5 0
311 2021/01/22 246 35587 408 5 0
312 2021/01/23 220 35807 414 6 0
313 2021/01/24 177 35984 421 7 0
314 2021/01/25 244 36228 423 2 0
315 2021/01/26 234 36462 429 6 0
316 2021/01/27 195 36657 433 4 0
317 2021/01/28 153 36810 440 7 0
318 2021/01/29 169 36979 442 2 0
319 2021/01/30 133 37112 444 2 0
320 2021/01/31 139 37251 447 3 0
321 2021/02/01 191 37442 451 4 0
322 2021/02/02 149 37591 458 7 0
323 2021/02/03 164 37755 459 1 0
324 2021/02/04 138 37893 463 4 0
325 2021/02/05 120 38013 467 4 0
326 2021/02/06 85 38098 468 1 0
327 2021/02/07 68 38166 473 5 0
328 2021/02/08 134 38300 478 5 0
329 2021/02/09 109 38409 479 1 0
330 2021/02/10 130 38539 482 3 0
331 2021/02/11 90 38629 487 5 0
332 2021/02/12 90 38719 487 0 0
333 2021/02/13 72 38791 490 3 0
334 2021/02/14 53 38844 491 1 0
335 2021/02/15 84 38928 491 0 0
336 2021/02/16 77 39005 491 0 0
337 2021/02/17 59 39064 493 2 0
338 2021/02/18 65 39129 495 2 0
339 2021/02/19 62 39191 496 1 0
340 2021/02/20 58 39249 499 3 0
341 2021/02/21 44 39293 499 0 1
342 2021/02/22 61 39354 500 1 0
343 2021/02/23 57 39411 502 2 0
344 2021/02/24 61 39472 503 1 0
345 2021/02/25 37 39509 503 0 0
346 2021/02/26 46 39555 503 0 0
347 2021/02/27 46 39601 506 3 0
348 2021/02/28 41 39642 508 2 0
349 2021/03/01 53 39695 509 1 0
350 2021/03/02 52 39747 511 2 0
351 2021/03/03 52 39799 511 0 0
352 2021/03/04 46 39845 511 0 0
353 2021/03/05 44 39889 511 0 0
354 2021/03/06 32 39921 513 2 0
355 2021/03/07 24 39945 514 1 0
356 2021/03/08 40 39985 514 0 0
357 2021/03/09 49 40034 514 0 0
358 2021/03/10 47 40081 514 0 0
359 2021/03/11 24 40105 514 0 0
360 2021/03/12 38 40143 515 1 0
361 2021/03/13 36 40179 515 0 0
362 2021/03/14 27 40206 515 0 0
363 2021/03/15 39 40245 516 1 0
364 2021/03/16 53 40298 518 2 1
365 2021/03/17 34 40332 519 1 0
366 2021/03/18 30 40362 519 0 0
367 2021/03/19 41 40403 520 1 0
368 2021/03/20 24 40427 521 1 0
369 2021/03/21 34 40461 523 2 0
370 2021/03/22 45 40506 523 0 0
371 2021/03/23 50 40556 523 0 0
372 2021/03/24 57 40613 523 0 0
373 2021/03/25 50 40663 523 0 0
374 2021/03/26 40 40703 524 1 1
375 2021/03/27 35 40738 524 0 0
376 2021/03/28 23 40761 524 0 0
377 2021/03/29 45 40806 524 0 0
378 2021/03/30 42 40848 524 0 0
379 2021/03/31 45 40893 525 1 0
380 2021/04/01 30 40923 525 0 0
381 2021/04/02 41 40964 527 2 0
382 2021/04/03 42 41006 527 0 0
383 2021/04/04 25 41031 528 1 0
384 2021/04/05 43 41074 529 1 0
385 2021/04/06 43 41117 530 1 0
386 2021/04/07 48 41165 530 0 0
387 2021/04/08 44 41209 530 0 0
388 2021/04/09 40 41249 530 0 0
389 2021/04/10 35 41284 530 0 0
390 2021/04/11 33 41317 530 0 0
391 2021/04/12 58 41375 530 0 0
392 2021/04/13 42 41417 530 0 0
393 2021/04/14 45 41462 531 1 1
394 2021/04/15 40 41502 531 0 0
395 2021/04/16 39 41541 531 0 0
396 2021/04/17 29 41570 531 0 0
397 2021/04/18 23 41593 531 0 0
398 2021/04/19 29 41622 533 2 0
399 2021/04/20 33 41655 533 0 0
400 2021/04/21 31 41686 533 0 0
401 2021/04/22 31 41717 533 0 0
402 2021/04/23 27 41744 533 0 0
403 2021/04/24 27 41771 533 0 0
404 2021/04/25 13 41784 533 0 0
405 2021/04/26 34 41818 534 1 1
406 2021/04/27 30 41848 534 0 0
407 2021/04/28 34 41882 534 0 0
408 2021/04/29 25 41907 534 0 0
409 2021/04/30 28 41935 534 0 0
410 2021/05/01 15 41950 534 0 0
411 2021/05/02 29 41979 534 0 0
412 2021/05/03 16 41995 534 0 0
413 2021/05/04 23 42018 534 0 0
414 2021/05/05 26 42044 534 0 0
415 2021/05/06 31 42075 534 0 0
416 2021/05/07 18 42093 534 0 0
417 2021/05/08 16 42109 534 0 0
418 2021/05/09 11 42120 535 1 0
419 2021/05/10 29 42149 535 0 0
420 2021/05/11 19 42168 535 0 0
421 2021/05/12 19 42187 537 2 0
422 2021/05/13 9 42196 537 0 0
423 2021/05/14 18 42214 537 0 1
424 2021/05/15 11 42225 537 0 0
425 2021/05/16 16 42241 537 0 0
426 2021/05/17 11 42252 538 1 0
427 2021/05/18 28 42280 538 0 0
428 2021/05/19 12 42292 538 0 0
429 2021/05/20 7 42299 538 0 0
430 2021/05/21 14 42313 539 1 0
431 2021/05/22 13 42326 539 0 0
432 2021/05/23 10 42336 539 0 0
433 2021/05/24 17 42353 539 0 0
434 2021/05/25 9 42362 539 0 0
435 2021/05/26 10 42372 539 0 0
436 2021/05/27 9 42381 539 0 0
437 2021/05/28 9 42390 540 1 0
438 2021/05/29 6 42396 540 0 0
439 2021/05/30 8 42404 540 0 0
440 2021/05/31 9 42413 541 1 0
441 2021/06/01 16 42429 541 0 1
442 2021/06/02 17 42446 541 0 0
443 2021/06/03 10 42456 541 0 0
444 2021/06/04 13 42469 541 0 0
445 2021/06/05 12 42481 542 1 0
446 2021/06/06 9 42490 542 0 0
447 2021/06/07 17 42507 542 0 0
448 2021/06/08 17 42524 542 0 1
449 2021/06/09 13 42537 542 0 0
450 2021/06/10 16 42553 542 0 0
451 2021/06/11 7 42560 542 0 1
452 2021/06/12 14 42574 542 0 0
453 2021/06/13 5 42579 542 0 0
454 2021/06/14 14 42593 542 0 0
455 2021/06/15 14 42607 542 0 1
456 2021/06/16 13 42620 542 0 1
457 2021/06/17 15 42635 542 0 0
458 2021/06/18 6 42641 542 0 0
459 2021/06/19 11 42652 542 0 0
460 2021/06/20 18 42670 542 0 0
461 2021/06/21 29 42699 542 0 0
462 2021/06/22 17 42716 542 0 0
463 2021/06/23 14 42730 542 0 0
464 2021/06/24 16 42746 542 0 0
465 2021/06/25 25 42771 542 0 1
466 2021/06/26 18 42789 542 0 0
467 2021/06/27 21 42810 542 0 0
468 2021/06/28 29 42839 542 0 0
469 2021/06/29 33 42872 542 0 1
470 2021/06/30 32 42904 542 0 1
471 2021/07/01 38 42942 542 0 0
472 2021/07/02 28 42970 542 0 1
473 2021/07/03 36 43006 542 0 1
474 2021/07/04 25 43031 543 1 1
475 2021/07/05 34 43065 544 1 0
476 2021/07/06 52 43117 545 1 0
477 2021/07/07 75 43192 546 1 0
478 2021/07/08 55 43247 546 0 0
479 2021/07/09 50 43297 546 0 1
480 2021/07/10 45 43342 546 0 1
481 2021/07/11 50 43392 546 0 1
482 2021/07/12 80 43472 546 0 0
483 2021/07/13 93 43565 546 0 0
484 2021/07/14 68 43633 546 0 0
485 2021/07/15 97 43730 546 0 0
486 2021/07/16 104 43834 546 0 1
487 2021/07/17 52 43886 546 0 1
488 2021/07/18 70 43956 546 0 0
489 2021/07/19 114 44070 546 0 0
490 2021/07/20 145 44215 546 0 0
491 2021/07/21 115 44330 546 0 0
492 2021/07/22 92 44422 546 0 0
493 2021/07/23 112 44534 546 0 1
494 2021/07/24 107 44641 546 0 1
495 2021/07/25 116 44757 546 0 0
496 2021/07/26 163 44920 546 0 0
497 2021/07/27 147 45067 546 0 0
498 2021/07/28 150 45217 546 0 0
499 2021/07/29 147 45364 546 0 0
500 2021/07/30 127 45491 546 0 1
501 2021/07/31 123 45614 546 0 1
502 2021/08/01 146 45760 546 0 0
503 2021/08/02 172 45932 546 0 0
504 2021/08/03 162 46094 546 0 0
505 2021/08/04 178 46272 546 0 0
506 2021/08/05 168 46440 547 1 0
507 2021/08/06 161 46601 547 0 0
508 2021/08/07 132 46733 548 1 0
509 2021/08/08 116 46849 548 0 0
510 2021/08/09 175 47024 548 0 0
511 2021/08/10 154 47178 548 0 0
512 2021/08/11 162 47340 548 0 0
513 2021/08/12 153 47493 548 0 0
514 2021/08/13 132 47625 548 0 0
515 2021/08/14 109 47734 549 1 0
516 2021/08/15 108 47842 549 0 0
517 2021/08/16 163 48005 549 0 0
518 2021/08/17 162 48167 549 0 0
519 2021/08/18 146 48313 549 0 0
520 2021/08/19 159 48472 549 0 0
521 2021/08/20 131 48603 549 0 0
522 2021/08/21 109 48712 550 1 0
523 2021/08/22 92 48804 550 0 0
524 2021/08/23 145 48949 550 0 0
525 2021/08/24 129 49078 550 0 0
526 2021/08/25 134 49212 551 1 0
527 2021/08/26 112 49324 551 0 0
528 2021/08/27 123 49447 551 0 0
529 2021/08/28 74 49521 552 1 0
530 2021/08/29 70 49591 552 0 0
531 2021/08/30 105 49696 553 1 0
532 2021/08/31 117 49813 554 1 0
533 2021/09/01 105 49918 554 0 0
534 2021/09/02 104 50022 554 0 0
535 2021/09/03 89 50111 554 0 0
536 2021/09/04 80 50191 554 0 0
537 2021/09/05 47 50238 555 1 0
538 2021/09/06 64 50302 555 0 0
539 2021/09/07 111 50413 556 1 0
540 2021/09/08 90 50503 557 1 0
541 2021/09/09 98 50601 557 0 0
542 2021/09/10 111 50712 557 0 0
543 2021/09/11 57 50769 558 1 0
544 2021/09/12 63 50832 558 0 0
545 2021/09/13 97 50929 559 1 0
546 2021/09/14 78 51007 559 0 0
547 2021/09/15 90 51097 559 0 0
548 2021/09/16 77 51174 559 0 0
549 2021/09/17 59 51233 559 0 0
550 2021/09/18 50 51283 560 1 0
551 2021/09/19 50 51333 560 0 0
552 2021/09/20 85 51418 561 1 0
553 2021/09/21 76 51494 561 0 0
554 2021/09/22 62 51556 561 0 0
555 2021/09/23 66 51622 561 0 0
556 2021/09/24 64 51686 561 0 1
557 2021/09/25 53 51739 561 0 1
558 2021/09/26 52 51791 561 0 0
559 2021/09/27 52 51843 561 0 0
560 2021/09/28 65 51908 561 0 0
561 2021/09/29 39 51947 561 0 0
562 2021/09/30 49 51996 561 0 0
563 2021/10/01 38 52034 561 0 1
564 2021/10/02 34 52068 561 0 1
565 2021/10/03 37 52105 561 0 1
566 2021/10/04 47 52152 561 0 0
567 2021/10/05 43 52195 561 0 0
568 2021/10/06 37 52232 561 0 0
569 2021/10/07 42 52274 561 0 0
570 2021/10/08 27 52301 561 0 1
571 2021/10/09 8 52309 561 0 1
572 2021/10/10 16 52325 561 0 0
573 2021/10/11 32 52357 561 0 0
574 2021/10/12 31 52388 561 0 0
575 2021/10/13 4 52392 561 0 0
576 2021/10/14 0 52392 561 0 2
