dates I C D F E
1 2020/03/18 67 67 0 0 1
2 2020/03/19 85 152 0 0 1
3 2020/03/20 82 234 0 0 1
4 2020/03/21 52 286 1 1 1
5 2020/03/22 78 364 2 1 1
6 2020/03/23 89 453 2 0 1
7 2020/03/24 58 511 6 4 1
8 2020/03/25 66 577 7 1 1
9 2020/03/26 63 640 8 1 1
10 2020/03/27 67 707 8 0 1
11 2020/03/28 57 764 9 1 1
12 2020/03/29 59 823 9 0 3
13 2020/03/30 71 894 11 2 1
14 2020/03/31 72 966 16 5 1
15 2020/04/01 82 1048 17 1 1
16 2020/04/02 70 1118 22 5 1
17 2020/04/03 67 1185 24 2 1
18 2020/04/04 60 1245 26 2 1
19 2020/04/05 48 1293 36 10 1
20 2020/04/06 82 1375 39 3 1
21 2020/04/07 82 1457 44 5 1
22 2020/04/08 77 1534 47 3 1
23 2020/04/09 74 1608 48 1 1
24 2020/04/10 96 1704 49 1 1
25 2020/04/11 61 1765 50 1 1
26 2020/04/12 66 1831 55 5 1
27 2020/04/13 91 1922 61 6 1
28 2020/04/14 84 2006 65 4 1
29 2020/04/15 95 2101 70 5 1
30 2020/04/16 88 2189 75 5 1
31 2020/04/17 108 2297 82 7 1
32 2020/04/18 90 2387 89 7 1
33 2020/04/19 100 2487 96 7 1
34 2020/04/20 167 2654 102 6 1
35 2020/04/21 141 2795 105 3 1
36 2020/04/22 155 2950 106 1 1
37 2020/04/23 128 3078 115 9 1
38 2020/04/24 161 3239 118 3 1
39 2020/04/25 111 3350 121 3 1
40 2020/04/26 100 3450 124 3 1
41 2020/04/27 140 3590 131 7 1
42 2020/04/28 127 3717 136 5 1
43 2020/04/29 130 3847 139 3 1
44 2020/04/30 139 3986 144 5 1
45 2020/05/01 172 4158 145 1 1
46 2020/05/02 91 4249 152 7 1
47 2020/05/03 102 4351 160 8 1
48 2020/05/04 138 4489 165 5 1
49 2020/05/05 141 4630 171 6 0
50 2020/05/06 143 4773 175 4 0
51 2020/05/07 132 4905 182 7 0
52 2020/05/08 157 5062 183 1 0
53 2020/05/09 107 5169 191 8 0
54 2020/05/10 112 5281 197 6 0
55 2020/05/11 152 5433 202 5 0
56 2020/05/12 152 5585 210 8 2
57 2020/05/13 144 5729 213 3 0
58 2020/05/14 135 5864 217 4 0
59 2020/05/15 134 5998 220 3 0
60 2020/05/16 108 6106 229 9 0
61 2020/05/17 83 6189 233 4 0
62 2020/05/18 131 6320 242 9 0
63 2020/05/19 134 6454 246 4 0
64 2020/05/20 144 6598 250 4 0
65 2020/05/21 117 6715 254 4 0
66 2020/05/22 136 6851 258 4 0
67 2020/05/23 86 6937 261 3 0
68 2020/05/24 91 7028 267 6 0
69 2020/05/25 143 7171 271 4 0
70 2020/05/26 175 7346 277 6 0
71 2020/05/27 143 7489 280 3 0
72 2020/05/28 150 7639 284 4 0
73 2020/05/29 156 7795 287 3 0
74 2020/05/30 120 7915 288 1 0
75 2020/05/31 92 8007 294 6 0
76 2020/06/01 195 8202 299 5 0
77 2020/06/02 182 8384 303 4 0
78 2020/06/03 146 8530 305 2 0
79 2020/06/04 148 8678 308 3 0
80 2020/06/05 163 8841 311 3 0
81 2020/06/06 114 8955 314 3 0
82 2020/06/07 119 9074 318 4 0
83 2020/06/08 180 9254 321 3 0
84 2020/06/09 158 9412 324 3 0
85 2020/06/10 184 9596 327 3 0
86 2020/06/11 165 9761 331 4 0
87 2020/06/12 230 9991 334 3 0
88 2020/06/13 170 10161 337 3 0
89 2020/06/14 171 10332 339 2 0
90 2020/06/15 374 10706 341 2 0
91 2020/06/16 340 11046 343 2 0
92 2020/06/17 362 11408 346 3 0
93 2020/06/18 380 11788 352 6 0
94 2020/06/19 422 12210 353 1 0
95 2020/06/20 361 12571 355 2 0
96 2020/06/21 323 12894 358 3 0
97 2020/06/22 547 13441 361 3 0
98 2020/06/23 491 13932 367 6 0
99 2020/06/24 520 14452 371 4 0
100 2020/06/25 500 14952 374 3 0
101 2020/06/26 538 15490 376 2 0
102 2020/06/27 365 15855 380 4 0
103 2020/06/28 364 16219 382 2 0
104 2020/06/29 546 16765 387 5 0
105 2020/06/30 576 17341 392 5 0
106 2020/07/01 704 18045 400 8 0
107 2020/07/02 560 18605 411 11 0
108 2020/07/03 463 19068 416 5 0
109 2020/07/04 456 19524 420 4 0
110 2020/07/05 460 19984 424 4 0
111 2020/07/06 688 20672 429 5 0
112 2020/07/07 712 21384 431 2 0
113 2020/07/08 716 22100 441 10 0
114 2020/07/09 568 22668 444 3 0
115 2020/07/10 593 23261 452 8 0
116 2020/07/11 381 23642 460 8 0
117 2020/07/12 385 24027 469 9 0
118 2020/07/13 627 24654 481 12 0
119 2020/07/14 568 25222 489 8 0
120 2020/07/15 620 25842 498 9 0
121 2020/07/16 468 26310 507 9 0
122 2020/07/17 487 26797 512 5 0
123 2020/07/18 387 27184 516 4 0
124 2020/07/19 303 27487 520 4 0
125 2020/07/20 500 27987 528 8 0
126 2020/07/21 441 28428 533 5 0
127 2020/07/22 449 28877 540 7 0
128 2020/07/23 388 29265 546 6 0
129 2020/07/24 374 29639 551 5 0
130 2020/07/25 300 29939 559 8 0
131 2020/07/26 261 30200 566 7 0
132 2020/07/27 396 30596 570 4 0
133 2020/07/28 374 30970 574 4 0
134 2020/07/29 350 31320 581 7 0
135 2020/07/30 325 31645 584 3 0
136 2020/07/31 348 31993 589 5 0
137 2020/08/01 234 32227 594 5 0
138 2020/08/02 217 32444 597 3 0
139 2020/08/03 337 32781 602 5 0
140 2020/08/04 312 33093 605 3 0
141 2020/08/05 293 33386 611 6 0
142 2020/08/06 224 33610 616 5 0
143 2020/08/07 266 33876 619 3 0
144 2020/08/08 185 34061 623 4 0
145 2020/08/09 190 34251 626 3 0
146 2020/08/10 289 34540 628 2 0
147 2020/08/11 266 34806 634 6 0
148 2020/08/12 267 35073 637 3 0
149 2020/08/13 209 35282 641 4 0
150 2020/08/14 236 35518 648 7 1
151 2020/08/15 193 35711 656 8 0
152 2020/08/16 166 35877 659 3 1
153 2020/08/17 263 36140 661 2 0
154 2020/08/18 265 36405 664 3 0
155 2020/08/19 292 36697 670 6 0
156 2020/08/20 249 36946 672 2 0
157 2020/08/21 221 37167 674 2 0
158 2020/08/22 204 37371 677 3 0
159 2020/08/23 182 37553 680 3 1
160 2020/08/24 321 37874 682 2 0
161 2020/08/25 286 38160 686 4 0
162 2020/08/26 278 38438 690 4 0
163 2020/08/27 338 38776 697 7 0
164 2020/08/28 269 39045 697 0 0
165 2020/08/29 229 39274 701 4 0
166 2020/08/30 265 39539 706 5 1
167 2020/08/31 400 39939 714 8 0
168 2020/09/01 366 40305 714 0 0
169 2020/09/02 358 40663 716 2 0
170 2020/09/03 318 40981 718 2 0
171 2020/09/04 314 41295 721 3 0
172 2020/09/05 232 41527 726 5 0
173 2020/09/06 192 41719 731 5 1
174 2020/09/07 248 41967 734 3 0
175 2020/09/08 399 42366 736 2 0
176 2020/09/09 316 42682 739 3 0
177 2020/09/10 289 42971 745 6 0
178 2020/09/11 265 43236 748 3 0
179 2020/09/12 224 43460 750 2 0
180 2020/09/13 197 43657 754 4 1
181 2020/09/14 324 43981 760 6 0
182 2020/09/15 310 44291 765 5 0
183 2020/09/16 317 44608 769 4 0
184 2020/09/17 289 44897 771 2 0
185 2020/09/18 276 45173 774 3 0
186 2020/09/19 249 45422 778 4 0
187 2020/09/20 227 45649 782 4 1
188 2020/09/21 373 46022 786 4 0
189 2020/09/22 283 46305 789 3 0
190 2020/09/23 307 46612 791 2 0
191 2020/09/24 274 46886 794 3 0
192 2020/09/25 269 47155 796 2 0
193 2020/09/26 202 47357 805 9 0
194 2020/09/27 204 47561 808 3 0
195 2020/09/28 343 47904 808 0 0
196 2020/09/29 316 48220 812 4 0
197 2020/09/30 274 48494 813 1 0
198 2020/10/01 302 48796 814 1 0
199 2020/10/02 282 49078 819 5 0
200 2020/10/03 251 49329 821 2 0
201 2020/10/04 231 49560 822 1 0
202 2020/10/05 365 49925 825 3 0
203 2020/10/06 338 50263 829 4 0
204 2020/10/07 336 50599 833 4 0
205 2020/10/08 316 50915 837 4 0
206 2020/10/09 280 51195 843 6 0
207 2020/10/10 274 51469 851 8 0
208 2020/10/11 227 51696 852 1 0
209 2020/10/12 348 52044 854 2 0
210 2020/10/13 290 52334 854 0 0
211 2020/10/14 294 52628 855 1 0
212 2020/10/15 316 52944 858 3 0
213 2020/10/16 284 53228 861 3 0
214 2020/10/17 241 53469 864 3 0
215 2020/10/18 221 53690 868 4 0
216 2020/10/19 388 54078 873 5 0
217 2020/10/20 383 54461 876 3 0
218 2020/10/21 330 54791 876 0 0
219 2020/10/22 348 55139 878 2 0
220 2020/10/23 383 55522 881 3 0
221 2020/10/24 306 55828 884 3 0
222 2020/10/25 276 56104 887 3 0
223 2020/10/26 464 56568 891 4 0
224 2020/10/27 390 56958 893 2 0
225 2020/10/28 473 57431 897 4 0
226 2020/10/29 380 57811 900 3 0
227 2020/10/30 460 58271 902 2 0
228 2020/10/31 402 58673 904 2 0
229 2020/11/01 451 59124 909 5 0
230 2020/11/02 684 59808 912 3 0
231 2020/11/03 723 60531 914 2 0
232 2020/11/04 673 61204 915 1 0
233 2020/11/05 640 61844 920 5 0
234 2020/11/06 626 62470 921 1 0
235 2020/11/07 516 62986 925 4 0
236 2020/11/08 511 63497 929 4 1
237 2020/11/09 838 64335 929 0 0
238 2020/11/10 854 65189 933 4 0
239 2020/11/11 886 66075 939 6 0
240 2020/11/12 938 67013 944 5 0
241 2020/11/13 979 67992 951 7 0
242 2020/11/14 846 68838 957 6 0
243 2020/11/15 764 69602 962 5 0
244 2020/11/16 1496 71098 971 9 0
245 2020/11/17 1306 72404 976 5 0
246 2020/11/18 1254 73658 984 8 0
247 2020/11/19 1290 74948 989 5 0
248 2020/11/20 1246 76194 993 4 0
249 2020/11/21 993 77187 999 6 0
250 2020/11/22 778 77965 1007 8 0
251 2020/11/23 1735 79700 1011 4 0
252 2020/11/24 1465 81165 1017 6 0
253 2020/11/25 1412 82577 1021 4 0
254 2020/11/26 657 83234 1026 5 0
255 2020/11/27 1615 84849 1035 9 0
256 2020/11/28 1197 86046 1043 8 0
257 2020/11/29 1256 87302 1048 5 0
258 2020/11/30 2410 89712 1052 4 0
259 2020/12/01 2368 92080 1059 7 0
260 2020/12/02 2257 94337 1071 12 0
261 2020/12/03 1915 96252 1086 15 0
262 2020/12/04 1806 98058 1099 13 0
263 2020/12/05 1486 99544 1110 11 0
264 2020/12/06 1351 100895 1123 13 0
265 2020/12/07 3041 103936 1141 18 0
266 2020/12/08 2798 106734 1156 15 0
267 2020/12/09 3380 110114 1170 14 0
268 2020/12/10 2983 113097 1199 29 0
269 2020/12/11 2537 115634 1211 12 0
270 2020/12/12 1965 117599 1231 20 0
271 2020/12/13 1628 119227 1247 16 0
272 2020/12/14 3603 122830 1266 19 0
273 2020/12/15 3750 126580 1295 29 0
274 2020/12/16 3572 130152 1313 18 0
275 2020/12/17 3113 133265 1334 21 0
276 2020/12/18 2796 136061 1370 36 0
277 2020/12/19 2173 138234 1393 23 0
278 2020/12/20 1760 139994 1413 20 0
279 2020/12/21 3714 143708 1444 31 0
280 2020/12/22 3471 147179 1475 31 0
281 2020/12/23 3350 150529 1499 24 0
282 2020/12/24 2429 152958 1522 23 0
283 2020/12/25 1081 154039 1555 33 0
284 2020/12/26 2478 156517 1591 36 0
285 2020/12/27 2525 159042 1618 27 0
286 2020/12/28 4406 163448 1662 44 0
287 2020/12/29 4753 168201 1712 50 0
288 2020/12/30 4224 172425 1749 37 0
289 2020/12/31 3629 176054 1778 29 0
290 2021/01/01 1738 177792 1823 45 0
291 2021/01/02 3062 180854 1851 28 0
292 2021/01/03 2586 183440 1891 40 0
293 2021/01/04 5278 188718 1918 27 0
294 2021/01/05 4596 193314 1956 38 0
295 2021/01/06 4184 197498 1995 39 0
296 2021/01/07 3542 201040 2038 43 0
297 2021/01/08 3335 204375 2072 34 0
298 2021/01/09 2541 206916 2108 36 0
299 2021/01/10 1700 208616 2145 37 0
300 2021/01/11 3689 212305 2193 48 0
301 2021/01/12 3306 215611 2234 41 0
302 2021/01/13 2936 218547 2280 46 0
303 2021/01/14 2629 221176 2324 44 0
304 2021/01/15 2409 223585 2382 58 0
305 2021/01/16 1760 225345 2422 40 0
306 2021/01/17 1293 226638 2471 49 0
307 2021/01/18 2216 228854 2507 36 0
308 2021/01/19 2665 231519 2549 42 0
309 2021/01/20 2437 233956 2592 43 0
310 2021/01/21 1866 235822 2627 35 0
311 2021/01/22 1790 237612 2660 33 0
312 2021/01/23 1248 238860 2696 36 0
313 2021/01/24 1063 239923 2736 40 0
314 2021/01/25 1645 241568 2768 32 0
315 2021/01/26 1617 243185 2801 33 0
316 2021/01/27 1499 244684 2841 40 0
317 2021/01/28 1334 246018 2872 31 0
318 2021/01/29 1161 247179 2903 31 0
319 2021/01/30 944 248123 2932 29 0
320 2021/01/31 763 248886 2968 36 0
321 2021/02/01 1319 250205 3012 44 0
322 2021/02/02 1222 251427 3039 27 0
323 2021/02/03 1049 252476 3066 27 0
324 2021/02/04 905 253381 3097 31 0
325 2021/02/05 798 254179 3120 23 0
326 2021/02/06 582 254761 3144 24 0
327 2021/02/07 498 255259 3162 18 0
328 2021/02/08 789 256048 3190 28 0
329 2021/02/09 748 256796 3205 15 0
330 2021/02/10 653 257449 3239 34 0
331 2021/02/11 584 258033 3254 15 0
332 2021/02/12 566 258599 3272 18 0
333 2021/02/13 387 258986 3293 21 0
334 2021/02/14 333 259319 3310 17 0
335 2021/02/15 495 259814 3334 24 0
336 2021/02/16 520 260334 3354 20 0
337 2021/02/17 470 260804 3371 17 0
338 2021/02/18 381 261185 3381 10 0
339 2021/02/19 351 261536 3395 14 0
340 2021/02/20 291 261827 3413 18 0
341 2021/02/21 245 262072 3429 16 0
342 2021/02/22 442 262514 3442 13 1
343 2021/02/23 409 262923 3460 18 0
344 2021/02/24 380 263303 3468 8 0
345 2021/02/25 298 263601 3482 14 0
346 2021/02/26 295 263896 3495 13 0
347 2021/02/27 228 264124 3502 7 0
348 2021/02/28 188 264312 3511 9 0
349 2021/03/01 299 264611 3519 8 0
350 2021/03/02 318 264929 3530 11 0
351 2021/03/03 250 265179 3543 13 0
352 2021/03/04 257 265436 3551 8 0
353 2021/03/05 257 265693 3555 4 1
354 2021/03/06 233 265926 3563 8 0
355 2021/03/07 189 266115 3570 7 0
356 2021/03/08 282 266397 3575 5 1
357 2021/03/09 245 266642 3582 7 0
358 2021/03/10 235 266877 3585 3 0
359 2021/03/11 220 267097 3592 7 0
360 2021/03/12 168 267265 3593 1 0
361 2021/03/13 160 267425 3595 2 0
362 2021/03/14 158 267583 3601 6 0
363 2021/03/15 237 267820 3606 5 1
364 2021/03/16 247 268067 3613 7 0
365 2021/03/17 229 268296 3616 3 1
366 2021/03/18 208 268504 3618 2 0
367 2021/03/19 152 268656 3621 3 0
368 2021/03/20 134 268790 3627 6 0
369 2021/03/21 170 268960 3629 2 0
370 2021/03/22 259 269219 3632 3 0
371 2021/03/23 213 269432 3633 1 0
372 2021/03/24 245 269677 3638 5 0
373 2021/03/25 219 269896 3640 2 0
374 2021/03/26 227 270123 3644 4 0
375 2021/03/27 179 270302 3646 2 0
376 2021/03/28 172 270474 3648 2 0
377 2021/03/29 267 270741 3650 2 0
378 2021/03/30 266 271007 3654 4 0
379 2021/03/31 236 271243 3656 2 0
380 2021/04/01 227 271470 3657 1 0
381 2021/04/02 218 271688 3658 1 0
382 2021/04/03 179 271867 3659 1 0
383 2021/04/04 170 272037 3660 1 0
384 2021/04/05 300 272337 3661 1 0
385 2021/04/06 243 272580 3661 0 0
386 2021/04/07 246 272826 3662 1 0
387 2021/04/08 217 273043 3664 2 0
388 2021/04/09 223 273266 3667 3 0
389 2021/04/10 183 273449 3669 2 0
390 2021/04/11 202 273651 3669 0 0
391 2021/04/12 281 273932 3670 1 0
392 2021/04/13 248 274180 3672 2 0
393 2021/04/14 220 274400 3676 4 0
394 2021/04/15 180 274580 3676 0 0
395 2021/04/16 220 274800 3677 1 0
396 2021/04/17 125 274925 3679 2 0
397 2021/04/18 89 275014 3681 2 0
398 2021/04/19 171 275185 3683 2 0
399 2021/04/20 97 275282 3684 1 0
400 2021/04/21 16 275298 3684 0 0
401 2021/04/22 0 275298 3684 0 2
