dates I C D F E
1 2020/03/18 57 781 10 0 1
2 2020/03/19 48 829 10 0 1
3 2020/03/20 66 895 12 2 1
4 2020/03/21 36 931 14 2 1
5 2020/03/22 60 991 16 2 1
6 2020/03/23 62 1053 21 5 1
7 2020/03/24 47 1100 22 1 1
8 2020/03/25 69 1169 29 7 1
9 2020/03/26 44 1213 29 0 1
10 2020/03/27 43 1256 30 1 1
11 2020/03/28 37 1293 32 2 1
12 2020/03/29 19 1312 34 2 3
13 2020/03/30 55 1367 36 2 1
14 2020/03/31 31 1398 37 1 2
15 2020/04/01 49 1447 40 3 1
16 2020/04/02 40 1487 42 2 1
17 2020/04/03 50 1537 43 1 1
18 2020/04/04 34 1571 45 2 1
19 2020/04/05 50 1621 47 2 1
20 2020/04/06 44 1665 48 1 1
21 2020/04/07 51 1716 49 1 1
22 2020/04/08 68 1784 51 2 1
23 2020/04/09 44 1828 55 4 1
24 2020/04/10 68 1896 56 1 1
25 2020/04/11 49 1945 61 5 1
26 2020/04/12 41 1986 67 6 1
27 2020/04/13 24 2010 68 1 1
28 2020/04/14 40 2050 70 2 1
29 2020/04/15 33 2083 74 4 1
30 2020/04/16 34 2117 77 3 1
31 2020/04/17 26 2143 82 5 1
32 2020/04/18 28 2171 86 4 1
33 2020/04/19 30 2201 88 2 1
34 2020/04/20 36 2237 93 5 1
35 2020/04/21 24 2261 96 3 1
36 2020/04/22 41 2302 99 3 1
37 2020/04/23 13 2315 100 1 1
38 2020/04/24 30 2345 101 1 1
39 2020/04/25 28 2373 102 1 1
40 2020/04/26 17 2390 105 3 1
41 2020/04/27 19 2409 107 2 1
42 2020/04/28 20 2429 109 2 1
43 2020/04/29 30 2459 110 1 1
44 2020/04/30 18 2477 113 3 1
45 2020/05/01 35 2512 115 2 1
46 2020/05/02 10 2522 118 3 1
47 2020/05/03 10 2532 120 2 1
48 2020/05/04 27 2559 124 4 1
49 2020/05/05 14 2573 124 0 0
50 2020/05/06 42 2615 126 2 0
51 2020/05/07 15 2630 126 0 0
52 2020/05/08 37 2667 127 1 0
53 2020/05/09 22 2689 129 2 0
54 2020/05/10 11 2700 129 0 0
55 2020/05/11 24 2724 131 2 0
56 2020/05/12 16 2740 132 1 0
57 2020/05/13 30 2770 133 1 0
58 2020/05/14 17 2787 134 1 0
59 2020/05/15 21 2808 135 1 0
60 2020/05/16 25 2833 136 1 0
61 2020/05/17 15 2848 136 0 0
62 2020/05/18 38 2886 136 0 0
63 2020/05/19 31 2917 136 0 0
64 2020/05/20 45 2962 136 0 0
65 2020/05/21 20 2982 137 1 0
66 2020/05/22 19 3001 137 0 0
67 2020/05/23 18 3019 137 0 0
68 2020/05/24 13 3032 137 0 0
69 2020/05/25 19 3051 138 1 0
70 2020/05/26 32 3083 138 0 0
71 2020/05/27 33 3116 138 0 0
72 2020/05/28 32 3148 140 2 0
73 2020/05/29 39 3187 140 0 0
74 2020/05/30 28 3215 140 0 0
75 2020/05/31 16 3231 142 2 0
76 2020/06/01 44 3275 143 1 0
77 2020/06/02 38 3313 144 1 0
78 2020/06/03 50 3363 144 0 0
79 2020/06/04 39 3402 144 0 0
80 2020/06/05 32 3434 145 1 0
81 2020/06/06 25 3459 145 0 0
82 2020/06/07 41 3500 145 0 0
83 2020/06/08 51 3551 145 0 0
84 2020/06/09 45 3596 146 1 0
85 2020/06/10 67 3663 147 1 0
86 2020/06/11 51 3714 147 0 0
87 2020/06/12 66 3780 148 1 0
88 2020/06/13 41 3821 148 0 1
89 2020/06/14 41 3862 148 0 0
90 2020/06/15 92 3954 148 0 0
91 2020/06/16 100 4054 148 0 0
92 2020/06/17 106 4160 148 0 0
93 2020/06/18 91 4251 148 0 0
94 2020/06/19 100 4351 149 1 0
95 2020/06/20 74 4425 150 1 0
96 2020/06/21 72 4497 150 0 0
97 2020/06/22 138 4635 150 0 0
98 2020/06/23 160 4795 152 2 0
99 2020/06/24 146 4941 153 1 0
100 2020/06/25 130 5071 154 1 0
101 2020/06/26 148 5219 154 0 0
102 2020/06/27 101 5320 154 0 0
103 2020/06/28 105 5425 154 0 1
104 2020/06/29 160 5585 156 2 0
105 2020/06/30 172 5757 156 0 0
106 2020/07/01 200 5957 156 0 0
107 2020/07/02 187 6144 157 1 0
108 2020/07/03 126 6270 158 1 0
109 2020/07/04 111 6381 160 2 0
110 2020/07/05 191 6572 163 3 0
111 2020/07/06 289 6861 165 2 0
112 2020/07/07 270 7131 166 1 1
113 2020/07/08 270 7401 166 0 0
114 2020/07/09 233 7634 171 5 0
115 2020/07/10 257 7891 171 0 0
116 2020/07/11 224 8115 171 0 0
117 2020/07/12 160 8275 172 1 0
118 2020/07/13 240 8515 173 1 0
119 2020/07/14 324 8839 175 2 0
120 2020/07/15 327 9166 176 1 0
121 2020/07/16 303 9469 178 2 0
122 2020/07/17 280 9749 179 1 0
123 2020/07/18 217 9966 181 2 0
124 2020/07/19 150 10116 182 1 0
125 2020/07/20 244 10360 183 1 0
126 2020/07/21 228 10588 184 1 0
127 2020/07/22 263 10851 185 1 0
128 2020/07/23 245 11096 188 3 1
129 2020/07/24 218 11314 189 1 0
130 2020/07/25 164 11478 191 2 0
131 2020/07/26 134 11612 192 1 0
132 2020/07/27 230 11842 192 0 0
133 2020/07/28 267 12109 196 4 1
134 2020/07/29 235 12344 196 0 0
135 2020/07/30 208 12552 198 2 0
136 2020/07/31 238 12790 199 1 0
137 2020/08/01 221 13011 201 2 0
138 2020/08/02 151 13162 203 2 0
139 2020/08/03 218 13380 206 3 0
140 2020/08/04 276 13656 210 4 0
141 2020/08/05 300 13956 211 1 0
142 2020/08/06 235 14191 211 0 0
143 2020/08/07 229 14420 211 0 0
144 2020/08/08 199 14619 211 0 0
145 2020/08/09 151 14770 212 1 0
146 2020/08/10 270 15040 212 0 0
147 2020/08/11 260 15300 214 2 0
148 2020/08/12 221 15521 215 1 1
149 2020/08/13 176 15697 218 3 0
150 2020/08/14 223 15920 219 1 0
151 2020/08/15 166 16086 221 2 0
152 2020/08/16 96 16182 224 3 0
153 2020/08/17 198 16380 225 1 0
154 2020/08/18 220 16600 227 2 0
155 2020/08/19 173 16773 232 5 0
156 2020/08/20 145 16918 234 2 0
157 2020/08/21 171 17089 237 3 0
158 2020/08/22 152 17241 239 2 0
159 2020/08/23 107 17348 241 2 0
160 2020/08/24 194 17542 245 4 0
161 2020/08/25 204 17746 246 1 0
162 2020/08/26 172 17918 252 6 0
163 2020/08/27 177 18095 252 0 0
164 2020/08/28 183 18278 255 3 0
165 2020/08/29 131 18409 256 1 0
166 2020/08/30 97 18506 259 3 0
167 2020/08/31 176 18682 260 1 0
168 2020/09/01 189 18871 263 3 0
169 2020/09/02 178 19049 264 1 0
170 2020/09/03 153 19202 265 1 0
171 2020/09/04 180 19382 267 2 0
172 2020/09/05 108 19490 268 1 1
173 2020/09/06 85 19575 272 4 0
174 2020/09/07 101 19676 272 0 0
175 2020/09/08 158 19834 276 4 0
176 2020/09/09 176 20010 276 0 0
177 2020/09/10 131 20141 277 1 0
178 2020/09/11 114 20255 279 2 0
179 2020/09/12 90 20345 280 1 0
180 2020/09/13 84 20429 285 5 0
181 2020/09/14 135 20564 289 4 0
182 2020/09/15 188 20752 292 3 0
183 2020/09/16 136 20888 292 0 0
184 2020/09/17 119 21007 294 2 0
185 2020/09/18 115 21122 294 0 1
186 2020/09/19 97 21219 298 4 1
187 2020/09/20 89 21308 299 1 0
188 2020/09/21 120 21428 300 1 0
189 2020/09/22 101 21529 302 2 0
190 2020/09/23 117 21646 304 2 0
191 2020/09/24 110 21756 306 2 0
192 2020/09/25 88 21844 306 0 0
193 2020/09/26 63 21907 310 4 0
194 2020/09/27 71 21978 314 4 0
195 2020/09/28 109 22087 316 2 0
196 2020/09/29 116 22203 318 2 0
197 2020/09/30 133 22336 321 3 0
198 2020/10/01 105 22441 321 0 0
199 2020/10/02 101 22542 323 2 0
200 2020/10/03 81 22623 325 2 0
201 2020/10/04 80 22703 328 3 0
202 2020/10/05 136 22839 330 2 0
203 2020/10/06 115 22954 331 1 0
204 2020/10/07 95 23049 331 0 0
205 2020/10/08 127 23176 336 5 0
206 2020/10/09 102 23278 337 1 0
207 2020/10/10 102 23380 337 0 0
208 2020/10/11 92 23472 340 3 0
209 2020/10/12 142 23614 342 2 0
210 2020/10/13 114 23728 342 0 0
211 2020/10/14 126 23854 343 1 0
212 2020/10/15 148 24002 345 2 0
213 2020/10/16 117 24119 345 0 0
214 2020/10/17 85 24204 345 0 0
215 2020/10/18 89 24293 347 2 0
216 2020/10/19 174 24467 349 2 0
217 2020/10/20 151 24618 349 0 0
218 2020/10/21 136 24754 353 4 0
219 2020/10/22 125 24879 355 2 0
220 2020/10/23 155 25034 359 4 0
221 2020/10/24 101 25135 361 2 0
222 2020/10/25 87 25222 362 1 0
223 2020/10/26 187 25409 363 1 0
224 2020/10/27 190 25599 365 2 0
225 2020/10/28 142 25741 365 0 0
226 2020/10/29 144 25885 366 1 0
227 2020/10/30 152 26037 368 2 0
228 2020/10/31 149 26186 369 1 0
229 2020/11/01 168 26354 373 4 0
230 2020/11/02 277 26631 377 4 0
231 2020/11/03 289 26920 378 1 0
232 2020/11/04 275 27195 384 6 0
233 2020/11/05 261 27456 385 1 0
234 2020/11/06 268 27724 386 1 0
235 2020/11/07 243 27967 387 1 0
236 2020/11/08 205 28172 390 3 0
237 2020/11/09 374 28546 391 1 1
238 2020/11/10 395 28941 392 1 0
239 2020/11/11 341 29282 394 2 0
240 2020/11/12 354 29636 395 1 0
241 2020/11/13 375 30011 396 1 0
242 2020/11/14 325 30336 397 1 0
243 2020/11/15 285 30621 401 4 0
244 2020/11/16 454 31075 403 2 0
245 2020/11/17 567 31642 410 7 0
246 2020/11/18 549 32191 411 1 0
247 2020/11/19 465 32656 415 4 0
248 2020/11/20 558 33214 416 1 0
249 2020/11/21 421 33635 419 3 0
250 2020/11/22 381 34016 421 2 0
251 2020/11/23 677 34693 422 1 0
252 2020/11/24 649 35342 427 5 0
253 2020/11/25 786 36128 430 3 0
254 2020/11/26 447 36575 433 3 0
255 2020/11/27 640 37215 435 2 0
256 2020/11/28 677 37892 440 5 0
257 2020/11/29 746 38638 444 4 0
258 2020/11/30 1205 39843 447 3 0
259 2020/12/01 1207 41050 452 5 0
260 2020/12/02 1254 42304 459 7 0
261 2020/12/03 1117 43421 469 10 0
262 2020/12/04 1195 44616 473 4 0
263 2020/12/05 918 45534 478 5 0
264 2020/12/06 735 46269 486 8 0
265 2020/12/07 1372 47641 497 11 0
266 2020/12/08 1382 49023 503 6 0
267 2020/12/09 1302 50325 511 8 0
268 2020/12/10 1142 51467 520 9 0
269 2020/12/11 1136 52603 531 11 0
270 2020/12/12 1007 53610 542 11 0
271 2020/12/13 954 54564 549 7 0
272 2020/12/14 1427 55991 562 13 0
273 2020/12/15 1559 57550 582 20 0
274 2020/12/16 1434 58984 593 11 0
275 2020/12/17 1239 60223 611 18 0
276 2020/12/18 1168 61391 623 12 0
277 2020/12/19 867 62258 644 21 0
278 2020/12/20 807 63065 659 15 0
279 2020/12/21 1402 64467 684 25 0
280 2020/12/22 1192 65659 703 19 1
281 2020/12/23 1165 66824 718 15 0
282 2020/12/24 907 67731 733 15 0
283 2020/12/25 602 68333 754 21 0
284 2020/12/26 1116 69449 773 19 0
285 2020/12/27 1061 70510 800 27 0
286 2020/12/28 1621 72131 819 19 0
287 2020/12/29 1490 73621 840 21 0
288 2020/12/30 1543 75164 859 19 1
289 2020/12/31 1265 76429 878 19 0
290 2021/01/01 763 77192 911 33 0
291 2021/01/02 1268 78460 930 19 0
292 2021/01/03 1168 79628 955 25 0
293 2021/01/04 1552 81180 968 13 0
294 2021/01/05 1752 82932 986 18 0
295 2021/01/06 1533 84465 1001 15 0
296 2021/01/07 1402 85867 1018 17 0
297 2021/01/08 1220 87087 1035 17 0
298 2021/01/09 1026 88113 1060 25 0
299 2021/01/10 841 88954 1072 12 0
300 2021/01/11 1176 90130 1095 23 0
301 2021/01/12 1198 91328 1121 26 0
302 2021/01/13 1060 92388 1138 17 0
303 2021/01/14 975 93363 1155 17 1
304 2021/01/15 892 94255 1180 25 0
305 2021/01/16 649 94904 1200 20 0
306 2021/01/17 461 95365 1221 21 0
307 2021/01/18 759 96124 1240 19 0
308 2021/01/19 900 97024 1260 20 0
309 2021/01/20 785 97809 1278 18 0
310 2021/01/21 680 98489 1290 12 0
311 2021/01/22 621 99110 1307 17 0
312 2021/01/23 441 99551 1323 16 0
313 2021/01/24 355 99906 1337 14 0
314 2021/01/25 652 100558 1349 12 0
315 2021/01/26 570 101128 1362 13 0
316 2021/01/27 476 101604 1378 16 0
317 2021/01/28 403 102007 1392 14 0
318 2021/01/29 465 102472 1406 14 0
319 2021/01/30 367 102839 1410 4 0
320 2021/01/31 351 103190 1421 11 0
321 2021/02/01 549 103739 1438 17 0
322 2021/02/02 415 104154 1448 10 0
323 2021/02/03 463 104617 1465 17 0
324 2021/02/04 315 104932 1477 12 0
325 2021/02/05 348 105280 1487 10 0
326 2021/02/06 250 105530 1492 5 0
327 2021/02/07 221 105751 1501 9 0
328 2021/02/08 340 106091 1506 5 0
329 2021/02/09 325 106416 1517 11 0
330 2021/02/10 307 106723 1529 12 0
331 2021/02/11 238 106961 1541 12 0
332 2021/02/12 256 107217 1550 9 0
333 2021/02/13 169 107386 1555 5 0
334 2021/02/14 184 107570 1560 5 0
335 2021/02/15 200 107770 1568 8 0
336 2021/02/16 234 108004 1572 4 0
337 2021/02/17 253 108257 1581 9 0
338 2021/02/18 232 108489 1586 5 0
339 2021/02/19 225 108714 1591 5 0
340 2021/02/20 213 108927 1599 8 0
341 2021/02/21 176 109103 1604 5 0
342 2021/02/22 225 109328 1608 4 0
343 2021/02/23 211 109539 1614 6 0
344 2021/02/24 196 109735 1616 2 0
345 2021/02/25 153 109888 1619 3 0
346 2021/02/26 164 110052 1627 8 0
347 2021/02/27 130 110182 1632 5 0
348 2021/02/28 147 110329 1634 2 0
349 2021/03/01 198 110527 1638 4 0
350 2021/03/02 158 110685 1640 2 0
351 2021/03/03 178 110863 1641 1 0
352 2021/03/04 156 111019 1644 3 0
353 2021/03/05 133 111152 1648 4 0
354 2021/03/06 96 111248 1650 2 0
355 2021/03/07 95 111343 1651 1 0
356 2021/03/08 147 111490 1654 3 0
357 2021/03/09 126 111616 1657 3 0
358 2021/03/10 111 111727 1662 5 0
359 2021/03/11 106 111833 1667 5 0
360 2021/03/12 130 111963 1671 4 0
361 2021/03/13 94 112057 1672 1 0
362 2021/03/14 85 112142 1673 1 0
363 2021/03/15 127 112269 1674 1 0
364 2021/03/16 101 112370 1675 1 1
365 2021/03/17 117 112487 1677 2 0
366 2021/03/18 93 112580 1680 3 0
367 2021/03/19 117 112697 1682 2 1
368 2021/03/20 74 112771 1683 1 0
369 2021/03/21 92 112863 1684 1 0
370 2021/03/22 129 112992 1687 3 0
371 2021/03/23 119 113111 1689 2 0
372 2021/03/24 117 113228 1691 2 0
373 2021/03/25 113 113341 1694 3 0
374 2021/03/26 102 113443 1694 0 0
375 2021/03/27 98 113541 1695 1 0
376 2021/03/28 97 113638 1696 1 0
377 2021/03/29 99 113737 1699 3 0
378 2021/03/30 106 113843 1699 0 0
379 2021/03/31 123 113966 1699 0 0
380 2021/04/01 126 114092 1699 0 0
381 2021/04/02 113 114205 1701 2 0
382 2021/04/03 111 114316 1703 2 0
383 2021/04/04 108 114424 1708 5 0
384 2021/04/05 166 114590 1709 1 0
385 2021/04/06 165 114755 1710 1 0
386 2021/04/07 170 114925 1711 1 0
387 2021/04/08 130 115055 1713 2 0
388 2021/04/09 106 115161 1713 0 0
389 2021/04/10 84 115245 1715 2 0
390 2021/04/11 96 115341 1716 1 0
391 2021/04/12 134 115475 1716 0 0
392 2021/04/13 128 115603 1717 1 0
393 2021/04/14 129 115732 1717 0 1
394 2021/04/15 117 115849 1719 2 0
395 2021/04/16 106 115955 1720 1 0
396 2021/04/17 100 116055 1721 1 0
397 2021/04/18 91 116146 1721 0 0
398 2021/04/19 125 116271 1721 0 0
399 2021/04/20 110 116381 1722 1 0
400 2021/04/21 97 116478 1722 0 0
401 2021/04/22 76 116554 1723 1 0
402 2021/04/23 89 116643 1723 0 0
403 2021/04/24 61 116704 1724 1 0
404 2021/04/25 55 116759 1725 1 0
405 2021/04/26 79 116838 1726 1 0
406 2021/04/27 99 116937 1726 0 0
407 2021/04/28 50 116987 1729 3 0
408 2021/04/29 69 117056 1730 1 0
409 2021/04/30 55 117111 1730 0 0
410 2021/05/01 58 117169 1730 0 0
411 2021/05/02 51 117220 1730 0 0
412 2021/05/03 73 117293 1733 3 0
413 2021/05/04 54 117347 1734 1 0
414 2021/05/05 63 117410 1735 1 0
415 2021/05/06 30 117440 1736 1 0
416 2021/05/07 41 117481 1738 2 0
417 2021/05/08 33 117514 1738 0 0
418 2021/05/09 31 117545 1738 0 0
419 2021/05/10 54 117599 1738 0 0
420 2021/05/11 58 117657 1738 0 0
421 2021/05/12 46 117703 1738 0 0
422 2021/05/13 43 117746 1739 1 0
423 2021/05/14 26 117772 1739 0 0
424 2021/05/15 29 117801 1740 1 0
425 2021/05/16 20 117821 1740 0 1
426 2021/05/17 29 117850 1740 0 0
427 2021/05/18 37 117887 1740 0 1
428 2021/05/19 27 117914 1741 1 0
429 2021/05/20 39 117953 1741 0 0
430 2021/05/21 21 117974 1741 0 0
431 2021/05/22 27 118001 1742 1 0
432 2021/05/23 23 118024 1742 0 0
433 2021/05/24 24 118048 1742 0 0
434 2021/05/25 32 118080 1742 0 0
435 2021/05/26 25 118105 1743 1 1
436 2021/05/27 27 118132 1743 0 0
437 2021/05/28 19 118151 1744 1 0
438 2021/05/29 24 118175 1745 1 0
439 2021/05/30 24 118199 1746 1 0
440 2021/05/31 22 118221 1746 0 0
441 2021/06/01 44 118265 1747 1 0
442 2021/06/02 28 118293 1747 0 0
443 2021/06/03 28 118321 1748 1 0
444 2021/06/04 22 118343 1748 0 0
445 2021/06/05 29 118372 1749 1 0
446 2021/06/06 22 118394 1749 0 0
447 2021/06/07 22 118416 1750 1 0
448 2021/06/08 27 118443 1751 1 0
449 2021/06/09 19 118462 1752 1 0
450 2021/06/10 38 118500 1753 1 0
451 2021/06/11 35 118535 1753 0 0
452 2021/06/12 19 118554 1753 0 0
453 2021/06/13 40 118594 1754 1 0
454 2021/06/14 24 118618 1754 0 0
455 2021/06/15 31 118649 1754 0 0
456 2021/06/16 38 118687 1754 0 0
457 2021/06/17 32 118719 1754 0 0
458 2021/06/18 25 118744 1754 0 0
459 2021/06/19 21 118765 1755 1 0
460 2021/06/20 23 118788 1755 0 0
461 2021/06/21 35 118823 1755 0 0
462 2021/06/22 32 118855 1755 0 0
463 2021/06/23 32 118887 1755 0 0
464 2021/06/24 29 118916 1755 0 0
465 2021/06/25 30 118946 1755 0 1
466 2021/06/26 20 118966 1755 0 0
467 2021/06/27 33 118999 1756 1 0
468 2021/06/28 52 119051 1756 0 0
469 2021/06/29 64 119115 1756 0 2
470 2021/06/30 55 119170 1756 0 0
471 2021/07/01 47 119217 1756 0 0
472 2021/07/02 49 119266 1756 0 1
473 2021/07/03 78 119344 1756 0 1
474 2021/07/04 46 119390 1756 0 1
475 2021/07/05 90 119480 1756 0 0
476 2021/07/06 104 119584 1756 0 0
477 2021/07/07 118 119702 1757 1 1
478 2021/07/08 98 119800 1757 0 0
479 2021/07/09 93 119893 1757 0 1
480 2021/07/10 111 120004 1757 0 1
481 2021/07/11 102 120106 1757 0 0
482 2021/07/12 154 120260 1757 0 0
483 2021/07/13 164 120424 1757 0 0
484 2021/07/14 155 120579 1757 0 0
485 2021/07/15 150 120729 1757 0 1
486 2021/07/16 121 120850 1757 0 1
487 2021/07/17 148 120998 1757 0 1
488 2021/07/18 172 121170 1757 0 0
489 2021/07/19 213 121383 1758 1 0
490 2021/07/20 256 121639 1758 0 0
491 2021/07/21 256 121895 1758 0 0
492 2021/07/22 209 122104 1758 0 0
493 2021/07/23 243 122347 1759 1 1
494 2021/07/24 218 122565 1760 1 1
495 2021/07/25 212 122777 1760 0 0
496 2021/07/26 329 123106 1760 0 0
497 2021/07/27 311 123417 1760 0 0
498 2021/07/28 293 123710 1761 1 0
499 2021/07/29 260 123970 1761 0 0
500 2021/07/30 295 124265 1762 1 1
501 2021/07/31 222 124487 1763 1 1
502 2021/08/01 257 124744 1763 0 0
503 2021/08/02 407 125151 1763 0 0
504 2021/08/03 469 125620 1764 1 0
505 2021/08/04 420 126040 1764 0 0
506 2021/08/05 382 126422 1764 0 0
507 2021/08/06 326 126748 1764 0 0
508 2021/08/07 286 127034 1766 2 0
509 2021/08/08 268 127302 1767 1 1
510 2021/08/09 448 127750 1769 2 0
511 2021/08/10 506 128256 1770 1 1
512 2021/08/11 463 128719 1770 0 1
513 2021/08/12 480 129199 1770 0 0
514 2021/08/13 444 129643 1770 0 0
515 2021/08/14 285 129928 1771 1 0
516 2021/08/15 279 130207 1771 0 0
517 2021/08/16 404 130611 1774 3 0
518 2021/08/17 457 131068 1775 1 0
519 2021/08/18 403 131471 1776 1 0
520 2021/08/19 364 131835 1776 0 0
521 2021/08/20 392 132227 1777 1 0
522 2021/08/21 281 132508 1778 1 0
523 2021/08/22 266 132774 1784 6 0
524 2021/08/23 417 133191 1784 0 0
525 2021/08/24 398 133589 1784 0 0
526 2021/08/25 426 134015 1785 1 0
527 2021/08/26 367 134382 1788 3 1
528 2021/08/27 325 134707 1790 2 0
529 2021/08/28 230 134937 1792 2 0
530 2021/08/29 207 135144 1794 2 0
531 2021/08/30 347 135491 1796 2 0
532 2021/08/31 320 135811 1798 2 0
533 2021/09/01 332 136143 1798 0 0
534 2021/09/02 257 136400 1800 2 0
535 2021/09/03 292 136692 1801 1 0
536 2021/09/04 199 136891 1801 0 0
537 2021/09/05 177 137068 1803 2 0
538 2021/09/06 179 137247 1805 2 0
539 2021/09/07 253 137500 1807 2 0
540 2021/09/08 250 137750 1808 1 0
541 2021/09/09 200 137950 1811 3 0
542 2021/09/10 174 138124 1811 0 0
543 2021/09/11 128 138252 1816 5 0
544 2021/09/12 64 138316 1819 3 0
545 2021/09/13 228 138544 1822 3 0
546 2021/09/14 107 138651 1823 1 0
547 2021/09/15 21 138672 1823 0 0
548 2021/09/16 0 138672 1823 0 2
