dates I C D F E
1 2020/03/18 3 3 0 0 1
2 2020/03/19 2 5 0 0 1
3 2020/03/20 3 8 0 0 1
4 2020/03/21 2 10 0 0 1
5 2020/03/22 2 12 0 0 1
6 2020/03/23 1 13 0 0 1
7 2020/03/24 2 15 0 0 1
8 2020/03/25 5 20 0 0 1
9 2020/03/26 3 23 0 0 1
10 2020/03/27 4 27 0 0 1
11 2020/03/28 0 27 1 1 1
12 2020/03/29 1 28 1 0 2
13 2020/03/30 0 28 1 0 1
14 2020/03/31 3 31 1 0 1
15 2020/04/01 6 37 1 0 1
16 2020/04/02 5 42 1 0 1
17 2020/04/03 2 44 1 0 1
18 2020/04/04 0 44 1 0 1
19 2020/04/05 0 44 1 0 1
20 2020/04/06 0 44 1 0 1
21 2020/04/07 2 46 1 0 1
22 2020/04/08 0 46 1 0 1
23 2020/04/09 1 47 1 0 1
24 2020/04/10 0 47 1 0 1
25 2020/04/11 1 48 1 0 1
26 2020/04/12 0 48 1 0 1
27 2020/04/13 1 49 1 0 1
28 2020/04/14 6 55 2 1 1
29 2020/04/15 8 63 2 0 1
30 2020/04/16 4 67 2 0 2
31 2020/04/17 2 69 2 0 1
32 2020/04/18 1 70 2 0 1
33 2020/04/19 2 72 2 0 1
34 2020/04/20 3 75 2 0 1
35 2020/04/21 2 77 2 0 1
36 2020/04/22 2 79 2 0 1
37 2020/04/23 4 83 2 0 1
38 2020/04/24 1 84 2 0 1
39 2020/04/25 4 88 2 0 1
40 2020/04/26 0 88 2 0 1
41 2020/04/27 0 88 2 0 1
42 2020/04/28 0 88 2 0 1
43 2020/04/29 0 88 2 0 1
44 2020/04/30 1 89 2 0 1
45 2020/05/01 1 90 2 0 1
46 2020/05/02 0 90 2 0 1
47 2020/05/03 1 91 2 0 1
48 2020/05/04 0 91 2 0 1
49 2020/05/05 1 92 2 0 0
50 2020/05/06 3 95 2 0 0
51 2020/05/07 4 99 2 0 0
52 2020/05/08 3 102 2 0 0
53 2020/05/09 4 106 2 0 0
54 2020/05/10 1 107 2 0 0
55 2020/05/11 1 108 2 0 0
56 2020/05/12 3 111 2 0 0
57 2020/05/13 2 113 2 0 0
58 2020/05/14 4 117 2 0 0
59 2020/05/15 2 119 2 0 0
60 2020/05/16 1 120 2 0 0
61 2020/05/17 3 123 2 0 0
62 2020/05/18 11 134 2 0 0
63 2020/05/19 2 136 2 0 0
64 2020/05/20 11 147 2 0 0
65 2020/05/21 3 150 2 0 0
66 2020/05/22 8 158 2 0 1
67 2020/05/23 3 161 2 0 0
68 2020/05/24 2 163 2 0 0
69 2020/05/25 3 166 2 0 0
70 2020/05/26 2 168 2 0 0
71 2020/05/27 2 170 2 0 0
72 2020/05/28 4 174 2 0 1
73 2020/05/29 1 175 2 0 0
74 2020/05/30 3 178 2 0 0
75 2020/05/31 0 178 2 0 0
76 2020/06/01 3 181 2 0 0
77 2020/06/02 4 185 2 0 0
78 2020/06/03 5 190 2 0 0
79 2020/06/04 6 196 2 0 0
80 2020/06/05 6 202 2 0 0
81 2020/06/06 3 205 2 0 0
82 2020/06/07 2 207 2 0 0
83 2020/06/08 8 215 2 0 0
84 2020/06/09 1 216 2 0 0
85 2020/06/10 6 222 2 0 0
86 2020/06/11 4 226 2 0 0
87 2020/06/12 4 230 2 0 0
88 2020/06/13 8 238 2 0 0
89 2020/06/14 6 244 2 0 0
90 2020/06/15 14 258 3 1 0
91 2020/06/16 11 269 3 0 0
92 2020/06/17 16 285 3 0 0
93 2020/06/18 6 291 3 0 0
94 2020/06/19 17 308 3 0 0
95 2020/06/20 10 318 3 0 0
96 2020/06/21 2 320 3 0 0
97 2020/06/22 10 330 3 0 0
98 2020/06/23 13 343 3 0 1
99 2020/06/24 9 352 3 0 0
100 2020/06/25 12 364 3 0 0
101 2020/06/26 12 376 3 0 0
102 2020/06/27 7 383 3 0 0
103 2020/06/28 7 390 3 0 0
104 2020/06/29 24 414 3 0 1
105 2020/06/30 18 432 3 0 0
106 2020/07/01 24 456 3 0 0
107 2020/07/02 21 477 3 0 0
108 2020/07/03 21 498 3 0 0
109 2020/07/04 13 511 3 0 0
110 2020/07/05 10 521 3 0 0
111 2020/07/06 20 541 3 0 1
112 2020/07/07 18 559 3 0 0
113 2020/07/08 33 592 3 0 0
114 2020/07/09 32 624 3 0 0
115 2020/07/10 26 650 3 0 0
116 2020/07/11 27 677 3 0 0
117 2020/07/12 31 708 3 0 0
118 2020/07/13 41 749 3 0 0
119 2020/07/14 36 785 3 0 0
120 2020/07/15 38 823 3 0 0
121 2020/07/16 38 861 3 0 0
122 2020/07/17 42 903 3 0 0
123 2020/07/18 22 925 4 1 0
124 2020/07/19 17 942 4 0 0
125 2020/07/20 43 985 4 0 0
126 2020/07/21 27 1012 4 0 0
127 2020/07/22 32 1044 4 0 0
128 2020/07/23 23 1067 4 0 0
129 2020/07/24 34 1101 4 0 0
130 2020/07/25 20 1121 4 0 0
131 2020/07/26 17 1138 4 0 0
132 2020/07/27 27 1165 4 0 0
133 2020/07/28 22 1187 4 0 0
134 2020/07/29 28 1215 4 0 0
135 2020/07/30 24 1239 4 0 0
136 2020/07/31 27 1266 4 0 0
137 2020/08/01 23 1289 4 0 0
138 2020/08/02 16 1305 4 0 1
139 2020/08/03 20 1325 4 0 1
140 2020/08/04 21 1346 6 2 0
141 2020/08/05 19 1365 6 0 1
142 2020/08/06 21 1386 6 0 0
143 2020/08/07 21 1407 6 0 0
144 2020/08/08 18 1425 6 0 1
145 2020/08/09 14 1439 6 0 1
146 2020/08/10 25 1464 6 0 1
147 2020/08/11 19 1483 6 0 0
148 2020/08/12 22 1505 7 1 0
149 2020/08/13 30 1535 7 0 0
150 2020/08/14 24 1559 7 0 0
151 2020/08/15 23 1582 7 0 0
152 2020/08/16 18 1600 7 0 0
153 2020/08/17 29 1629 7 0 0
154 2020/08/18 19 1648 7 0 0
155 2020/08/19 15 1663 7 0 0
156 2020/08/20 26 1689 7 0 0
157 2020/08/21 13 1702 7 0 0
158 2020/08/22 13 1715 7 0 0
159 2020/08/23 17 1732 7 0 1
160 2020/08/24 23 1755 7 0 0
161 2020/08/25 23 1778 7 0 0
162 2020/08/26 20 1798 7 0 0
163 2020/08/27 12 1810 7 0 0
164 2020/08/28 17 1827 7 0 0
165 2020/08/29 12 1839 7 0 1
166 2020/08/30 12 1851 7 0 1
167 2020/08/31 27 1878 7 0 1
168 2020/09/01 24 1902 7 0 0
169 2020/09/02 23 1925 7 0 0
170 2020/09/03 23 1948 7 0 0
171 2020/09/04 15 1963 7 0 0
172 2020/09/05 18 1981 7 0 0
173 2020/09/06 8 1989 7 0 1
174 2020/09/07 7 1996 7 0 0
175 2020/09/08 27 2023 7 0 0
176 2020/09/09 27 2050 7 0 0
177 2020/09/10 28 2078 7 0 0
178 2020/09/11 17 2095 8 1 0
179 2020/09/12 17 2112 8 0 0
180 2020/09/13 12 2124 8 0 0
181 2020/09/14 34 2158 9 1 0
182 2020/09/15 21 2179 9 0 0
183 2020/09/16 25 2204 9 0 0
184 2020/09/17 45 2249 9 0 0
185 2020/09/18 15 2264 9 0 0
186 2020/09/19 23 2287 10 1 0
187 2020/09/20 14 2301 10 0 0
188 2020/09/21 21 2322 10 0 0
189 2020/09/22 17 2339 11 1 0
190 2020/09/23 24 2363 11 0 0
191 2020/09/24 18 2381 11 0 0
192 2020/09/25 22 2403 12 1 0
193 2020/09/26 13 2416 12 0 0
194 2020/09/27 8 2424 12 0 0
195 2020/09/28 22 2446 12 0 0
196 2020/09/29 10 2456 12 0 0
197 2020/09/30 18 2474 12 0 0
198 2020/10/01 13 2487 13 1 0
199 2020/10/02 14 2501 14 1 1
200 2020/10/03 17 2518 16 2 0
201 2020/10/04 8 2526 17 1 0
202 2020/10/05 16 2542 19 2 0
203 2020/10/06 13 2555 19 0 0
204 2020/10/07 22 2577 19 0 0
205 2020/10/08 12 2589 20 1 1
206 2020/10/09 11 2600 21 1 0
207 2020/10/10 9 2609 21 0 0
208 2020/10/11 14 2623 23 2 0
209 2020/10/12 14 2637 23 0 0
210 2020/10/13 17 2654 23 0 0
211 2020/10/14 18 2672 23 0 0
212 2020/10/15 8 2680 24 1 0
213 2020/10/16 13 2693 24 0 0
214 2020/10/17 13 2706 25 1 1
215 2020/10/18 13 2719 25 0 0
216 2020/10/19 12 2731 26 1 0
217 2020/10/20 21 2752 27 1 0
218 2020/10/21 23 2775 27 0 0
219 2020/10/22 26 2801 27 0 0
220 2020/10/23 17 2818 27 0 0
221 2020/10/24 15 2833 27 0 0
222 2020/10/25 20 2853 27 0 0
223 2020/10/26 27 2880 27 0 0
224 2020/10/27 24 2904 27 0 0
225 2020/10/28 30 2934 27 0 0
226 2020/10/29 30 2964 27 0 0
227 2020/10/30 23 2987 27 0 0
228 2020/10/31 18 3005 27 0 0
229 2020/11/01 35 3040 27 0 0
230 2020/11/02 53 3093 27 0 0
231 2020/11/03 42 3135 27 0 0
232 2020/11/04 51 3186 27 0 0
233 2020/11/05 37 3223 27 0 0
234 2020/11/06 40 3263 27 0 0
235 2020/11/07 36 3299 27 0 0
236 2020/11/08 38 3337 27 0 0
237 2020/11/09 57 3394 27 0 0
238 2020/11/10 61 3455 28 1 0
239 2020/11/11 61 3516 28 0 0
240 2020/11/12 66 3582 28 0 0
241 2020/11/13 79 3661 28 0 0
242 2020/11/14 72 3733 29 1 0
243 2020/11/15 55 3788 29 0 0
244 2020/11/16 136 3924 29 0 0
245 2020/11/17 72 3996 29 0 0
246 2020/11/18 82 4078 29 0 0
247 2020/11/19 93 4171 31 2 0
248 2020/11/20 90 4261 31 0 0
249 2020/11/21 68 4329 32 1 0
250 2020/11/22 57 4386 33 1 1
251 2020/11/23 83 4469 34 1 0
252 2020/11/24 115 4584 35 1 0
253 2020/11/25 115 4699 37 2 0
254 2020/11/26 49 4748 38 1 0
255 2020/11/27 131 4879 38 0 0
256 2020/11/28 71 4950 43 5 0
257 2020/11/29 77 5027 43 0 0
258 2020/11/30 162 5189 44 1 0
259 2020/12/01 139 5328 47 3 0
260 2020/12/02 162 5490 47 0 0
261 2020/12/03 130 5620 50 3 0
262 2020/12/04 136 5756 53 3 0
263 2020/12/05 83 5839 56 3 0
264 2020/12/06 72 5911 56 0 0
265 2020/12/07 170 6081 59 3 0
266 2020/12/08 168 6249 59 0 0
267 2020/12/09 184 6433 61 2 0
268 2020/12/10 156 6589 62 1 0
269 2020/12/11 168 6757 63 1 0
270 2020/12/12 109 6866 67 4 0
271 2020/12/13 95 6961 72 5 0
272 2020/12/14 250 7211 73 1 0
273 2020/12/15 187 7398 76 3 0
274 2020/12/16 182 7580 79 3 0
275 2020/12/17 189 7769 80 1 0
276 2020/12/18 157 7926 82 2 0
277 2020/12/19 114 8040 86 4 0
278 2020/12/20 99 8139 87 1 0
279 2020/12/21 200 8339 87 0 0
280 2020/12/22 215 8554 89 2 0
281 2020/12/23 180 8734 90 1 0
282 2020/12/24 161 8895 90 0 0
283 2020/12/25 62 8957 92 2 1
284 2020/12/26 146 9103 94 2 0
285 2020/12/27 121 9224 98 4 0
286 2020/12/28 252 9476 100 2 0
287 2020/12/29 262 9738 102 2 0
288 2020/12/30 262 10000 103 1 0
289 2020/12/31 183 10183 106 3 1
290 2021/01/01 104 10287 107 1 0
291 2021/01/02 178 10465 107 0 0
292 2021/01/03 147 10612 108 1 1
293 2021/01/04 296 10908 113 5 0
294 2021/01/05 270 11178 114 1 0
295 2021/01/06 263 11441 117 3 0
296 2021/01/07 229 11670 117 0 0
297 2021/01/08 209 11879 118 1 0
298 2021/01/09 144 12023 120 2 0
299 2021/01/10 100 12123 120 0 1
300 2021/01/11 209 12332 124 4 0
301 2021/01/12 168 12500 128 4 0
302 2021/01/13 216 12716 129 1 0
303 2021/01/14 171 12887 130 1 1
304 2021/01/15 138 13025 132 2 1
305 2021/01/16 100 13125 136 4 0
306 2021/01/17 50 13175 139 3 0
307 2021/01/18 113 13288 146 7 0
308 2021/01/19 146 13434 148 2 0
309 2021/01/20 131 13565 149 1 0
310 2021/01/21 117 13682 151 2 0
311 2021/01/22 94 13776 152 1 0
312 2021/01/23 61 13837 157 5 0
313 2021/01/24 59 13896 158 1 0
314 2021/01/25 85 13981 161 3 0
315 2021/01/26 85 14066 162 1 0
316 2021/01/27 61 14127 162 0 0
317 2021/01/28 69 14196 163 1 0
318 2021/01/29 89 14285 164 1 0
319 2021/01/30 56 14341 164 0 0
320 2021/01/31 41 14382 166 2 0
321 2021/02/01 98 14480 166 0 0
322 2021/02/02 53 14533 166 0 0
323 2021/02/03 59 14592 166 0 0
324 2021/02/04 54 14646 167 1 0
325 2021/02/05 33 14679 168 1 0
326 2021/02/06 20 14699 170 2 0
327 2021/02/07 31 14730 171 1 0
328 2021/02/08 54 14784 172 1 0
329 2021/02/09 39 14823 174 2 0
330 2021/02/10 51 14874 176 2 0
331 2021/02/11 35 14909 177 1 0
332 2021/02/12 19 14928 178 1 0
333 2021/02/13 19 14947 182 4 0
334 2021/02/14 27 14974 182 0 0
335 2021/02/15 26 15000 187 5 0
336 2021/02/16 32 15032 187 0 1
337 2021/02/17 18 15050 188 1 0
338 2021/02/18 34 15084 190 2 0
339 2021/02/19 24 15108 190 0 0
340 2021/02/20 13 15121 190 0 0
341 2021/02/21 9 15130 190 0 0
342 2021/02/22 29 15159 192 2 0
343 2021/02/23 27 15186 193 1 0
344 2021/02/24 27 15213 193 0 0
345 2021/02/25 21 15234 193 0 0
346 2021/02/26 18 15252 194 1 0
347 2021/02/27 12 15264 194 0 0
348 2021/02/28 9 15273 194 0 0
349 2021/03/01 29 15302 196 2 0
350 2021/03/02 19 15321 196 0 0
351 2021/03/03 13 15334 197 1 0
352 2021/03/04 11 15345 198 1 0
353 2021/03/05 19 15364 198 0 0
354 2021/03/06 11 15375 198 0 0
355 2021/03/07 10 15385 198 0 0
356 2021/03/08 23 15408 198 0 1
357 2021/03/09 20 15428 199 1 0
358 2021/03/10 20 15448 200 1 0
359 2021/03/11 15 15463 200 0 0
360 2021/03/12 12 15475 201 1 0
361 2021/03/13 12 15487 201 0 0
362 2021/03/14 7 15494 201 0 0
363 2021/03/15 17 15511 202 1 0
364 2021/03/16 6 15517 202 0 1
365 2021/03/17 6 15523 202 0 0
366 2021/03/18 8 15531 202 0 1
367 2021/03/19 10 15541 202 0 0
368 2021/03/20 7 15548 202 0 0
369 2021/03/21 16 15564 202 0 0
370 2021/03/22 7 15571 202 0 0
371 2021/03/23 13 15584 202 0 0
372 2021/03/24 15 15599 202 0 0
373 2021/03/25 13 15612 202 0 1
374 2021/03/26 21 15633 202 0 0
375 2021/03/27 14 15647 202 0 0
376 2021/03/28 5 15652 203 1 0
377 2021/03/29 14 15666 203 0 0
378 2021/03/30 12 15678 203 0 0
379 2021/03/31 7 15685 203 0 0
380 2021/04/01 11 15696 203 0 1
381 2021/04/02 15 15711 203 0 1
382 2021/04/03 9 15720 203 0 2
383 2021/04/04 7 15727 203 0 0
384 2021/04/05 8 15735 203 0 0
385 2021/04/06 8 15743 204 1 0
386 2021/04/07 10 15753 204 0 0
387 2021/04/08 9 15762 205 1 0
388 2021/04/09 7 15769 205 0 0
389 2021/04/10 4 15773 205 0 0
390 2021/04/11 6 15779 205 0 0
391 2021/04/12 16 15795 205 0 0
392 2021/04/13 18 15813 205 0 0
393 2021/04/14 3 15816 205 0 0
394 2021/04/15 9 15825 205 0 0
395 2021/04/16 9 15834 205 0 0
396 2021/04/17 2 15836 205 0 0
397 2021/04/18 5 15841 205 0 0
398 2021/04/19 10 15851 205 0 0
399 2021/04/20 14 15865 205 0 0
400 2021/04/21 13 15878 205 0 0
401 2021/04/22 9 15887 205 0 0
402 2021/04/23 6 15893 205 0 0
403 2021/04/24 3 15896 205 0 0
404 2021/04/25 2 15898 205 0 0
405 2021/04/26 8 15906 205 0 0
406 2021/04/27 4 15910 205 0 0
407 2021/04/28 0 15910 205 0 0
408 2021/04/29 0 15910 205 0 2
