dates I C D F E
1 2020/03/18 13 88 0 0 1
2 2020/03/19 13 101 0 0 1
3 2020/03/20 15 116 0 0 1
4 2020/03/21 16 132 0 0 1
5 2020/03/22 15 147 0 0 1
6 2020/03/23 17 164 0 0 1
7 2020/03/24 21 185 0 0 1
8 2020/03/25 6 191 0 0 1
9 2020/03/26 11 202 0 0 1
10 2020/03/27 16 218 0 0 1
11 2020/03/28 16 234 0 0 1
12 2020/03/29 11 245 0 0 2
13 2020/03/30 11 256 0 0 1
14 2020/03/31 10 266 0 0 1
15 2020/04/01 17 283 1 1 1
16 2020/04/02 18 301 1 0 1
17 2020/04/03 13 314 1 0 1
18 2020/04/04 11 325 2 1 1
19 2020/04/05 9 334 2 0 1
20 2020/04/06 20 354 2 0 1
21 2020/04/07 12 366 2 0 1
22 2020/04/08 15 381 2 0 1
23 2020/04/09 18 399 2 0 1
24 2020/04/10 10 409 2 0 1
25 2020/04/11 12 421 2 0 1
26 2020/04/12 8 429 2 0 1
27 2020/04/13 25 454 2 0 1
28 2020/04/14 19 473 3 1 1
29 2020/04/15 25 498 3 0 1
30 2020/04/16 19 517 3 0 1
31 2020/04/17 13 530 4 1 1
32 2020/04/18 5 535 4 0 1
33 2020/04/19 6 541 4 0 1
34 2020/04/20 9 550 5 1 1
35 2020/04/21 11 561 5 0 1
36 2020/04/22 11 572 5 0 1
37 2020/04/23 8 580 6 1 1
38 2020/04/24 10 590 7 1 1
39 2020/04/25 7 597 7 0 1
40 2020/04/26 8 605 7 0 1
41 2020/04/27 12 617 7 0 1
42 2020/04/28 13 630 8 1 1
43 2020/04/29 6 636 8 0 1
44 2020/04/30 14 650 8 0 1
45 2020/05/01 17 667 8 0 1
46 2020/05/02 8 675 8 0 1
47 2020/05/03 12 687 8 0 1
48 2020/05/04 368 1055 9 1 1
49 2020/05/05 256 1311 10 1 0
50 2020/05/06 226 1537 11 1 0
51 2020/05/07 46 1583 11 0 0
52 2020/05/08 30 1613 11 0 0
53 2020/05/09 13 1626 11 0 0
54 2020/05/10 13 1639 11 0 0
55 2020/05/11 21 1660 11 0 0
56 2020/05/12 20 1680 11 0 0
57 2020/05/13 39 1719 11 0 0
58 2020/05/14 16 1735 11 0 0
59 2020/05/15 18 1753 11 0 1
60 2020/05/16 13 1766 11 0 0
61 2020/05/17 12 1778 11 0 0
62 2020/05/18 26 1804 11 0 0
63 2020/05/19 17 1821 11 0 0
64 2020/05/20 17 1838 11 0 0
65 2020/05/21 22 1860 12 1 0
66 2020/05/22 20 1880 12 0 1
67 2020/05/23 16 1896 12 0 0
68 2020/05/24 11 1907 12 0 0
69 2020/05/25 15 1922 12 0 0
70 2020/05/26 16 1938 12 0 0
71 2020/05/27 24 1962 12 0 0
72 2020/05/28 19 1981 12 0 0
73 2020/05/29 44 2025 12 0 0
74 2020/05/30 30 2055 12 0 0
75 2020/05/31 27 2082 12 0 0
76 2020/06/01 56 2138 14 2 0
77 2020/06/02 40 2178 14 0 0
78 2020/06/03 45 2223 15 1 0
79 2020/06/04 43 2266 16 1 0
80 2020/06/05 39 2305 16 0 0
81 2020/06/06 35 2340 16 0 0
82 2020/06/07 40 2380 16 0 0
83 2020/06/08 61 2441 16 0 0
84 2020/06/09 62 2503 16 0 0
85 2020/06/10 62 2565 16 0 0
86 2020/06/11 56 2621 17 1 0
87 2020/06/12 65 2686 20 3 0
88 2020/06/13 54 2740 21 1 0
89 2020/06/14 58 2798 21 0 0
90 2020/06/15 77 2875 22 1 1
91 2020/06/16 68 2943 23 1 0
92 2020/06/17 67 3010 23 0 0
93 2020/06/18 73 3083 24 1 0
94 2020/06/19 74 3157 26 2 0
95 2020/06/20 73 3230 26 0 0
96 2020/06/21 56 3286 28 2 0
97 2020/06/22 107 3393 29 1 0
98 2020/06/23 92 3485 31 2 0
99 2020/06/24 96 3581 31 0 0
100 2020/06/25 120 3701 33 2 0
101 2020/06/26 106 3807 34 1 0
102 2020/06/27 90 3897 34 0 0
103 2020/06/28 72 3969 34 0 0
104 2020/06/29 145 4114 35 1 0
105 2020/06/30 110 4224 35 0 0
106 2020/07/01 117 4341 36 1 0
107 2020/07/02 120 4461 36 0 0
108 2020/07/03 100 4561 36 0 0
109 2020/07/04 87 4648 38 2 0
110 2020/07/05 75 4723 39 1 0
111 2020/07/06 147 4870 41 2 0
112 2020/07/07 137 5007 42 1 0
113 2020/07/08 128 5135 43 1 0
114 2020/07/09 119 5254 44 1 0
115 2020/07/10 133 5387 44 0 0
116 2020/07/11 97 5484 44 0 0
117 2020/07/12 69 5553 45 1 0
118 2020/07/13 130 5683 45 0 0
119 2020/07/14 114 5797 47 2 0
120 2020/07/15 124 5921 49 2 0
121 2020/07/16 116 6037 50 1 0
122 2020/07/17 96 6133 50 0 0
123 2020/07/18 73 6206 52 2 0
124 2020/07/19 60 6266 52 0 0
125 2020/07/20 104 6370 56 4 0
126 2020/07/21 121 6491 57 1 0
127 2020/07/22 82 6573 57 0 0
128 2020/07/23 85 6658 58 1 0
129 2020/07/24 74 6732 60 2 0
130 2020/07/25 54 6786 64 4 0
131 2020/07/26 35 6821 65 1 0
132 2020/07/27 102 6923 66 1 0
133 2020/07/28 81 7004 66 0 0
134 2020/07/29 63 7067 67 1 0
135 2020/07/30 70 7137 69 2 0
136 2020/07/31 80 7217 70 1 0
137 2020/08/01 67 7284 71 1 0
138 2020/08/02 40 7324 72 1 0
139 2020/08/03 91 7415 74 2 0
140 2020/08/04 44 7459 74 0 0
141 2020/08/05 60 7519 74 0 0
142 2020/08/06 61 7580 76 2 0
143 2020/08/07 60 7640 79 3 1
144 2020/08/08 51 7691 79 0 0
145 2020/08/09 38 7729 79 0 0
146 2020/08/10 87 7816 79 0 0
147 2020/08/11 55 7871 84 5 0
148 2020/08/12 50 7921 88 4 0
149 2020/08/13 60 7981 89 1 0
150 2020/08/14 44 8025 89 0 0
151 2020/08/15 50 8075 91 2 0
152 2020/08/16 28 8103 92 1 0
153 2020/08/17 49 8152 92 0 0
154 2020/08/18 42 8194 93 1 0
155 2020/08/19 42 8236 94 1 1
156 2020/08/20 49 8285 95 1 0
157 2020/08/21 38 8323 97 2 0
158 2020/08/22 41 8364 98 1 0
159 2020/08/23 26 8390 100 2 0
160 2020/08/24 68 8458 102 2 0
161 2020/08/25 41 8499 102 0 0
162 2020/08/26 52 8551 102 0 0
163 2020/08/27 33 8584 102 0 0
164 2020/08/28 38 8622 102 0 0
165 2020/08/29 34 8656 104 2 0
166 2020/08/30 26 8682 104 0 0
167 2020/08/31 60 8742 105 1 0
168 2020/09/01 47 8789 106 1 1
169 2020/09/02 50 8839 108 2 0
170 2020/09/03 55 8894 108 0 0
171 2020/09/04 47 8941 109 1 0
172 2020/09/05 31 8972 110 1 0
173 2020/09/06 17 8989 111 1 1
174 2020/09/07 29 9018 112 1 0
175 2020/09/08 42 9060 113 1 0
176 2020/09/09 34 9094 113 0 0
177 2020/09/10 43 9137 113 0 0
178 2020/09/11 44 9181 114 1 0
179 2020/09/12 34 9215 114 0 0
180 2020/09/13 15 9230 114 0 0
181 2020/09/14 37 9267 114 0 0
182 2020/09/15 26 9293 115 1 0
183 2020/09/16 25 9318 115 0 0
184 2020/09/17 32 9350 115 0 0
185 2020/09/18 24 9374 115 0 0
186 2020/09/19 22 9396 116 1 1
187 2020/09/20 21 9417 116 0 0
188 2020/09/21 34 9451 116 0 0
189 2020/09/22 28 9479 116 0 0
190 2020/09/23 30 9509 116 0 0
191 2020/09/24 28 9537 116 0 0
192 2020/09/25 51 9588 117 1 0
193 2020/09/26 24 9612 117 0 0
194 2020/09/27 11 9623 117 0 0
195 2020/09/28 21 9644 118 1 0
196 2020/09/29 17 9661 118 0 0
197 2020/09/30 20 9681 118 0 0
198 2020/10/01 25 9706 118 0 0
199 2020/10/02 42 9748 119 1 1
200 2020/10/03 22 9770 119 0 0
201 2020/10/04 13 9783 119 0 0
202 2020/10/05 26 9809 119 0 0
203 2020/10/06 22 9831 119 0 0
204 2020/10/07 29 9860 119 0 0
205 2020/10/08 28 9888 120 1 0
206 2020/10/09 30 9918 120 0 0
207 2020/10/10 28 9946 120 0 0
208 2020/10/11 11 9957 120 0 0
209 2020/10/12 30 9987 121 1 0
210 2020/10/13 36 10023 121 0 0
211 2020/10/14 31 10054 123 2 0
212 2020/10/15 35 10089 125 2 0
213 2020/10/16 24 10113 126 1 0
214 2020/10/17 18 10131 126 0 0
215 2020/10/18 19 10150 126 0 0
216 2020/10/19 39 10189 126 0 0
217 2020/10/20 35 10224 126 0 0
218 2020/10/21 29 10253 127 1 0
219 2020/10/22 18 10271 127 0 1
220 2020/10/23 34 10305 128 1 0
221 2020/10/24 16 10321 128 0 0
222 2020/10/25 17 10338 128 0 0
223 2020/10/26 20 10358 129 1 0
224 2020/10/27 23 10381 129 0 0
225 2020/10/28 29 10410 129 0 1
226 2020/10/29 23 10433 130 1 0
227 2020/10/30 33 10466 131 1 0
228 2020/10/31 23 10489 131 0 0
229 2020/11/01 28 10517 131 0 0
230 2020/11/02 51 10568 131 0 0
231 2020/11/03 41 10609 131 0 0
232 2020/11/04 54 10663 131 0 0
233 2020/11/05 38 10701 131 0 0
234 2020/11/06 44 10745 131 0 0
235 2020/11/07 36 10781 133 2 0
236 2020/11/08 42 10823 133 0 0
237 2020/11/09 70 10893 133 0 0
238 2020/11/10 57 10950 133 0 0
239 2020/11/11 67 11017 133 0 0
240 2020/11/12 65 11082 133 0 0
241 2020/11/13 62 11144 133 0 0
242 2020/11/14 52 11196 133 0 0
243 2020/11/15 54 11250 133 0 0
244 2020/11/16 95 11345 134 1 0
245 2020/11/17 64 11409 134 0 0
246 2020/11/18 87 11496 135 1 0
247 2020/11/19 79 11575 135 0 0
248 2020/11/20 80 11655 135 0 0
249 2020/11/21 57 11712 136 1 0
250 2020/11/22 51 11763 137 1 0
251 2020/11/23 135 11898 137 0 1
252 2020/11/24 108 12006 137 0 0
253 2020/11/25 106 12112 137 0 0
254 2020/11/26 50 12162 137 0 0
255 2020/11/27 81 12243 137 0 0
256 2020/11/28 93 12336 137 0 0
257 2020/11/29 102 12438 138 1 0
258 2020/11/30 154 12592 138 0 0
259 2020/12/01 178 12770 138 0 0
260 2020/12/02 140 12910 139 1 0
261 2020/12/03 151 13061 139 0 0
262 2020/12/04 128 13189 140 1 0
263 2020/12/05 106 13295 140 0 0
264 2020/12/06 99 13394 141 1 0
265 2020/12/07 230 13624 142 1 0
266 2020/12/08 241 13865 143 1 0
267 2020/12/09 184 14049 143 0 0
268 2020/12/10 201 14250 145 2 0
269 2020/12/11 176 14426 145 0 0
270 2020/12/12 142 14568 145 0 0
271 2020/12/13 152 14720 145 0 0
272 2020/12/14 264 14984 147 2 0
273 2020/12/15 269 15253 148 1 0
274 2020/12/16 218 15471 150 2 0
275 2020/12/17 242 15713 151 1 0
276 2020/12/18 233 15946 153 2 0
277 2020/12/19 140 16086 153 0 0
278 2020/12/20 155 16241 154 1 0
279 2020/12/21 314 16555 154 0 0
280 2020/12/22 271 16826 154 0 0
281 2020/12/23 261 17087 155 1 0
282 2020/12/24 207 17294 155 0 0
283 2020/12/25 104 17398 158 3 0
284 2020/12/26 223 17621 159 1 0
285 2020/12/27 237 17858 164 5 0
286 2020/12/28 518 18376 170 6 0
287 2020/12/29 457 18833 174 4 0
288 2020/12/30 463 19296 178 4 0
289 2020/12/31 391 19687 183 5 0
290 2021/01/01 242 19929 184 1 0
291 2021/01/02 319 20248 190 6 0
292 2021/01/03 284 20532 195 5 0
293 2021/01/04 717 21249 203 8 0
294 2021/01/05 515 21764 209 6 0
295 2021/01/06 433 22197 211 2 0
296 2021/01/07 480 22677 216 5 0
297 2021/01/08 418 23095 220 4 0
298 2021/01/09 278 23373 223 3 0
299 2021/01/10 208 23581 235 12 0
300 2021/01/11 543 24124 243 8 0
301 2021/01/12 437 24561 245 2 0
302 2021/01/13 408 24969 253 8 0
303 2021/01/14 429 25398 258 5 0
304 2021/01/15 408 25806 267 9 0
305 2021/01/16 275 26081 271 4 0
306 2021/01/17 194 26275 275 4 0
307 2021/01/18 447 26722 286 11 0
308 2021/01/19 373 27095 289 3 0
309 2021/01/20 380 27475 294 5 0
310 2021/01/21 313 27788 298 4 0
311 2021/01/22 283 28071 303 5 0
312 2021/01/23 200 28271 306 3 0
313 2021/01/24 181 28452 310 4 0
314 2021/01/25 314 28766 317 7 0
315 2021/01/26 230 28996 322 5 0
316 2021/01/27 171 29167 325 3 0
317 2021/01/28 174 29341 332 7 0
318 2021/01/29 219 29560 336 4 0
319 2021/01/30 130 29690 347 11 0
320 2021/01/31 141 29831 351 4 0
321 2021/02/01 239 30070 356 5 0
322 2021/02/02 170 30240 361 5 0
323 2021/02/03 169 30409 367 6 0
324 2021/02/04 146 30555 370 3 0
325 2021/02/05 132 30687 376 6 0
326 2021/02/06 93 30780 381 5 0
327 2021/02/07 74 30854 383 2 0
328 2021/02/08 136 30990 384 1 0
329 2021/02/09 113 31103 390 6 0
330 2021/02/10 110 31213 395 5 0
331 2021/02/11 89 31302 395 0 0
332 2021/02/12 93 31395 400 5 0
333 2021/02/13 71 31466 402 2 0
334 2021/02/14 51 31517 405 3 0
335 2021/02/15 92 31609 406 1 0
336 2021/02/16 100 31709 409 3 0
337 2021/02/17 73 31782 411 2 0
338 2021/02/18 67 31849 414 3 0
339 2021/02/19 79 31928 416 2 0
340 2021/02/20 64 31992 416 0 0
341 2021/02/21 34 32026 419 3 0
342 2021/02/22 62 32088 420 1 0
343 2021/02/23 65 32153 420 0 0
344 2021/02/24 53 32206 421 1 0
345 2021/02/25 51 32257 423 2 0
346 2021/02/26 76 32333 425 2 0
347 2021/02/27 43 32376 426 1 0
348 2021/02/28 34 32410 426 0 0
349 2021/03/01 51 32461 427 1 0
350 2021/03/02 42 32503 427 0 0
351 2021/03/03 48 32551 429 2 0
352 2021/03/04 37 32588 431 2 0
353 2021/03/05 37 32625 432 1 0
354 2021/03/06 35 32660 432 0 0
355 2021/03/07 31 32691 433 1 0
356 2021/03/08 47 32738 433 0 0
357 2021/03/09 32 32770 433 0 0
358 2021/03/10 41 32811 435 2 0
359 2021/03/11 27 32838 435 0 0
360 2021/03/12 26 32864 435 0 1
361 2021/03/13 23 32887 435 0 0
362 2021/03/14 25 32912 435 0 0
363 2021/03/15 44 32956 435 0 0
364 2021/03/16 22 32978 436 1 0
365 2021/03/17 32 33010 438 2 0
366 2021/03/18 20 33030 439 1 0
367 2021/03/19 42 33072 439 0 0
368 2021/03/20 29 33101 440 1 1
369 2021/03/21 24 33125 440 0 0
370 2021/03/22 39 33164 440 0 0
371 2021/03/23 45 33209 441 1 0
372 2021/03/24 38 33247 441 0 0
373 2021/03/25 27 33274 441 0 0
374 2021/03/26 27 33301 442 1 0
375 2021/03/27 30 33331 443 1 0
376 2021/03/28 23 33354 443 0 0
377 2021/03/29 39 33393 444 1 0
378 2021/03/30 34 33427 444 0 0
379 2021/03/31 25 33452 445 1 0
380 2021/04/01 31 33483 445 0 0
381 2021/04/02 45 33528 445 0 0
382 2021/04/03 28 33556 445 0 0
383 2021/04/04 26 33582 445 0 0
384 2021/04/05 36 33618 445 0 0
385 2021/04/06 32 33650 445 0 0
386 2021/04/07 18 33668 446 1 0
387 2021/04/08 25 33693 446 0 0
388 2021/04/09 24 33717 446 0 0
389 2021/04/10 23 33740 447 1 0
390 2021/04/11 28 33768 447 0 0
391 2021/04/12 34 33802 448 1 0
392 2021/04/13 31 33833 448 0 0
393 2021/04/14 22 33855 448 0 0
394 2021/04/15 29 33884 448 0 0
395 2021/04/16 18 33902 448 0 0
396 2021/04/17 18 33920 448 0 0
397 2021/04/18 31 33951 449 1 0
398 2021/04/19 34 33985 449 0 0
399 2021/04/20 14 33999 449 0 1
400 2021/04/21 18 34017 450 1 0
401 2021/04/22 19 34036 450 0 0
402 2021/04/23 23 34059 450 0 0
403 2021/04/24 10 34069 450 0 0
404 2021/04/25 15 34084 451 1 0
405 2021/04/26 26 34110 451 0 0
406 2021/04/27 31 34141 451 0 0
407 2021/04/28 24 34165 451 0 0
408 2021/04/29 14 34179 452 1 0
409 2021/04/30 16 34195 452 0 0
410 2021/05/01 13 34208 452 0 0
411 2021/05/02 5 34213 452 0 0
412 2021/05/03 14 34227 452 0 0
413 2021/05/04 12 34239 452 0 0
414 2021/05/05 16 34255 452 0 0
415 2021/05/06 14 34269 452 0 0
416 2021/05/07 13 34282 452 0 0
417 2021/05/08 10 34292 452 0 0
418 2021/05/09 13 34305 452 0 0
419 2021/05/10 13 34318 452 0 0
420 2021/05/11 7 34325 452 0 0
421 2021/05/12 9 34334 452 0 0
422 2021/05/13 7 34341 452 0 0
423 2021/05/14 12 34353 452 0 0
424 2021/05/15 10 34363 452 0 0
425 2021/05/16 7 34370 452 0 0
426 2021/05/17 7 34377 452 0 0
427 2021/05/18 7 34384 452 0 0
428 2021/05/19 9 34393 452 0 0
429 2021/05/20 8 34401 452 0 0
430 2021/05/21 4 34405 452 0 0
431 2021/05/22 5 34410 452 0 0
432 2021/05/23 4 34414 452 0 0
433 2021/05/24 7 34421 453 1 0
434 2021/05/25 5 34426 453 0 0
435 2021/05/26 3 34429 453 0 0
436 2021/05/27 9 34438 453 0 1
437 2021/05/28 4 34442 453 0 1
438 2021/05/29 1 34443 453 0 1
439 2021/05/30 4 34447 453 0 0
440 2021/05/31 4 34451 453 0 0
441 2021/06/01 13 34464 454 1 0
442 2021/06/02 3 34467 455 1 0
443 2021/06/03 7 34474 455 0 0
444 2021/06/04 3 34477 455 0 0
445 2021/06/05 6 34483 455 0 1
446 2021/06/06 3 34486 455 0 0
447 2021/06/07 5 34491 457 2 0
448 2021/06/08 6 34497 457 0 0
449 2021/06/09 4 34501 457 0 0
450 2021/06/10 11 34512 458 1 0
451 2021/06/11 4 34516 458 0 0
452 2021/06/12 3 34519 458 0 0
453 2021/06/13 4 34523 458 0 1
454 2021/06/14 11 34534 458 0 0
455 2021/06/15 3 34537 458 0 0
456 2021/06/16 5 34542 458 0 0
457 2021/06/17 6 34548 458 0 1
458 2021/06/18 6 34554 458 0 0
459 2021/06/19 10 34564 459 1 0
460 2021/06/20 2 34566 459 0 0
461 2021/06/21 9 34575 459 0 0
462 2021/06/22 5 34580 460 1 1
463 2021/06/23 11 34591 460 0 0
464 2021/06/24 10 34601 460 0 0
465 2021/06/25 6 34607 460 0 0
466 2021/06/26 8 34615 460 0 0
467 2021/06/27 9 34624 460 0 0
468 2021/06/28 15 34639 460 0 0
469 2021/06/29 8 34647 460 0 1
470 2021/06/30 10 34657 460 0 0
471 2021/07/01 16 34673 460 0 0
472 2021/07/02 11 34684 460 0 1
473 2021/07/03 10 34694 461 1 1
474 2021/07/04 9 34703 461 0 1
475 2021/07/05 22 34725 461 0 0
476 2021/07/06 20 34745 461 0 0
477 2021/07/07 19 34764 461 0 0
478 2021/07/08 26 34790 461 0 0
479 2021/07/09 27 34817 461 0 1
480 2021/07/10 20 34837 462 1 1
481 2021/07/11 26 34863 462 0 0
482 2021/07/12 46 34909 464 2 0
483 2021/07/13 42 34951 464 0 0
484 2021/07/14 49 35000 464 0 0
485 2021/07/15 40 35040 465 1 0
486 2021/07/16 53 35093 465 0 1
487 2021/07/17 38 35131 465 0 1
488 2021/07/18 40 35171 465 0 0
489 2021/07/19 64 35235 465 0 0
490 2021/07/20 72 35307 466 1 0
491 2021/07/21 70 35377 466 0 0
492 2021/07/22 57 35434 467 1 0
493 2021/07/23 61 35495 467 0 1
494 2021/07/24 64 35559 468 1 1
495 2021/07/25 57 35616 469 1 0
496 2021/07/26 77 35693 469 0 0
497 2021/07/27 72 35765 469 0 0
498 2021/07/28 99 35864 469 0 0
499 2021/07/29 75 35939 470 1 0
500 2021/07/30 85 36024 470 0 1
501 2021/07/31 69 36093 470 0 1
502 2021/08/01 79 36172 470 0 0
503 2021/08/02 120 36292 470 0 0
504 2021/08/03 138 36430 470 0 0
505 2021/08/04 119 36549 471 1 0
506 2021/08/05 127 36676 471 0 0
507 2021/08/06 105 36781 471 0 0
508 2021/08/07 89 36870 472 1 0
509 2021/08/08 97 36967 472 0 0
510 2021/08/09 176 37143 475 3 0
511 2021/08/10 188 37331 475 0 0
512 2021/08/11 158 37489 475 0 0
513 2021/08/12 145 37634 475 0 0
514 2021/08/13 127 37761 475 0 0
515 2021/08/14 84 37845 475 0 0
516 2021/08/15 94 37939 475 0 0
517 2021/08/16 158 38097 477 2 0
518 2021/08/17 148 38245 478 1 0
519 2021/08/18 142 38387 478 0 0
520 2021/08/19 122 38509 478 0 0
521 2021/08/20 129 38638 478 0 0
522 2021/08/21 85 38723 478 0 0
523 2021/08/22 80 38803 479 1 0
524 2021/08/23 160 38963 479 0 0
525 2021/08/24 163 39126 482 3 0
526 2021/08/25 123 39249 482 0 0
527 2021/08/26 138 39387 483 1 0
528 2021/08/27 87 39474 485 2 0
529 2021/08/28 100 39574 486 1 0
530 2021/08/29 72 39646 487 1 0
531 2021/08/30 148 39794 488 1 0
532 2021/08/31 142 39936 489 1 0
533 2021/09/01 147 40083 490 1 0
534 2021/09/02 118 40201 491 1 0
535 2021/09/03 89 40290 491 0 0
536 2021/09/04 67 40357 491 0 0
537 2021/09/05 56 40413 491 0 0
538 2021/09/06 63 40476 492 1 0
539 2021/09/07 127 40603 493 1 0
540 2021/09/08 109 40712 494 1 0
541 2021/09/09 93 40805 494 0 0
542 2021/09/10 85 40890 495 1 0
543 2021/09/11 36 40926 495 0 0
544 2021/09/12 53 40979 495 0 0
545 2021/09/13 82 41061 495 0 0
546 2021/09/14 139 41200 495 0 0
547 2021/09/15 72 41272 495 0 0
548 2021/09/16 0 41272 495 0 2
