dates I C D F E
1 2020/03/18 0 0 1 1 2
2 2020/03/19 0 0 2 1 2
3 2020/03/20 0 0 3 1 2
4 2020/03/21 0 0 4 1 2
5 2020/03/22 0 0 5 1 2
6 2020/03/23 0 0 6 1 2
7 2020/03/24 0 0 7 1 2
8 2020/03/25 0 0 8 1 2
9 2020/03/26 0 0 9 1 2
10 2020/03/27 0 0 10 1 2
11 2020/03/28 0 0 11 1 2
12 2020/03/29 0 0 12 1 2
13 2020/03/30 0 0 13 1 2
14 2020/03/31 0 0 14 1 2
15 2020/04/01 0 0 15 1 2
16 2020/04/02 0 0 16 1 2
17 2020/04/03 0 0 17 1 2
18 2020/04/04 0 0 18 1 2
19 2020/04/05 0 0 19 1 2
20 2020/04/06 0 0 20 1 2
21 2020/04/07 0 0 21 1 2
22 2020/04/08 0 0 22 1 2
23 2020/04/09 0 0 23 1 2
24 2020/04/10 0 0 24 1 2
25 2020/04/11 0 0 25 1 2
26 2020/04/12 0 0 26 1 2
27 2020/04/13 0 0 27 1 2
28 2020/04/14 0 0 28 1 2
29 2020/04/15 0 0 29 1 2
30 2020/04/16 0 0 30 1 2
31 2020/04/17 0 0 31 1 2
32 2020/04/18 0 0 32 1 2
33 2020/04/19 0 0 33 1 2
34 2020/04/20 0 0 34 1 2
35 2020/04/21 0 0 35 1 2
36 2020/04/22 0 0 36 1 2
37 2020/04/23 0 0 37 1 2
38 2020/04/24 0 0 38 1 2
39 2020/04/25 0 0 39 1 2
40 2020/04/26 0 0 40 1 2
41 2020/04/27 0 0 41 1 2
42 2020/04/28 0 0 42 1 2
43 2020/04/29 0 0 43 1 2
44 2020/04/30 0 0 44 1 2
45 2020/05/01 0 0 45 1 2
46 2020/05/02 0 0 46 1 2
47 2020/05/03 0 0 47 1 2
48 2020/05/04 0 0 48 1 2
49 2020/05/05 0 0 49 1 0
50 2020/05/06 0 0 50 1 0
51 2020/05/07 0 0 51 1 0
52 2020/05/08 0 0 52 1 0
53 2020/05/09 0 0 53 1 0
54 2020/05/10 0 0 54 1 0
55 2020/05/11 0 0 55 1 0
56 2020/05/12 0 0 56 1 0
57 2020/05/13 0 0 57 1 0
58 2020/05/14 0 0 58 1 0
59 2020/05/15 0 0 59 1 0
60 2020/05/16 0 0 60 1 0
61 2020/05/17 0 0 61 1 0
62 2020/05/18 0 0 62 1 0
63 2020/05/19 0 0 63 1 0
64 2020/05/20 1 1 65 2 0
65 2020/05/21 0 1 67 2 0
66 2020/05/22 0 1 69 2 0
67 2020/05/23 0 1 71 2 0
68 2020/05/24 0 1 73 2 0
69 2020/05/25 0 1 75 2 0
70 2020/05/26 0 1 77 2 0
71 2020/05/27 0 1 79 2 0
72 2020/05/28 0 1 81 2 0
73 2020/05/29 0 1 83 2 0
74 2020/05/30 0 1 85 2 0
75 2020/05/31 0 1 87 2 0
76 2020/06/01 0 1 89 2 0
77 2020/06/02 0 1 91 2 0
78 2020/06/03 0 1 93 2 0
79 2020/06/04 0 1 95 2 0
80 2020/06/05 0 1 97 2 0
81 2020/06/06 0 1 99 2 0
82 2020/06/07 0 1 101 2 0
83 2020/06/08 0 1 103 2 0
84 2020/06/09 0 1 105 2 0
85 2020/06/10 0 1 107 2 0
86 2020/06/11 0 1 109 2 0
87 2020/06/12 0 1 111 2 0
88 2020/06/13 0 1 113 2 0
89 2020/06/14 0 1 115 2 0
90 2020/06/15 0 1 117 2 0
91 2020/06/16 0 1 119 2 0
92 2020/06/17 0 1 121 2 0
93 2020/06/18 0 1 123 2 0
94 2020/06/19 0 1 125 2 0
95 2020/06/20 0 1 127 2 0
96 2020/06/21 0 1 129 2 0
97 2020/06/22 0 1 131 2 0
98 2020/06/23 0 1 133 2 0
99 2020/06/24 0 1 135 2 0
100 2020/06/25 0 1 137 2 0
101 2020/06/26 0 1 139 2 0
102 2020/06/27 0 1 141 2 0
103 2020/06/28 0 1 143 2 0
104 2020/06/29 0 1 145 2 0
105 2020/06/30 0 1 147 2 0
106 2020/07/01 0 1 149 2 0
107 2020/07/02 0 1 151 2 0
108 2020/07/03 0 1 153 2 0
109 2020/07/04 0 1 155 2 0
110 2020/07/05 0 1 157 2 0
111 2020/07/06 0 1 159 2 0
112 2020/07/07 0 1 161 2 0
113 2020/07/08 0 1 163 2 0
114 2020/07/09 0 1 165 2 0
115 2020/07/10 0 1 167 2 0
116 2020/07/11 0 1 169 2 0
117 2020/07/12 0 1 171 2 0
118 2020/07/13 0 1 173 2 0
119 2020/07/14 0 1 175 2 0
120 2020/07/15 0 1 177 2 0
121 2020/07/16 0 1 179 2 0
122 2020/07/17 0 1 181 2 0
123 2020/07/18 0 1 183 2 0
124 2020/07/19 0 1 185 2 0
125 2020/07/20 0 1 187 2 0
126 2020/07/21 0 1 189 2 0
127 2020/07/22 0 1 191 2 0
128 2020/07/23 1 2 194 3 0
129 2020/07/24 0 2 197 3 0
130 2020/07/25 0 2 200 3 0
131 2020/07/26 0 2 203 3 0
132 2020/07/27 0 2 206 3 0
133 2020/07/28 0 2 209 3 0
134 2020/07/29 0 2 212 3 0
135 2020/07/30 1 3 216 4 0
136 2020/07/31 0 3 220 4 0
137 2020/08/01 0 3 224 4 0
138 2020/08/02 1 4 229 5 0
139 2020/08/03 1 5 235 6 0
140 2020/08/04 0 5 241 6 0
141 2020/08/05 0 5 247 6 0
142 2020/08/06 0 5 253 6 0
143 2020/08/07 0 5 259 6 0
144 2020/08/08 0 5 265 6 0
145 2020/08/09 0 5 271 6 0
146 2020/08/10 0 5 277 6 0
147 2020/08/11 0 5 283 6 0
148 2020/08/12 0 5 289 6 0
149 2020/08/13 1 6 296 7 0
150 2020/08/14 0 6 303 7 0
151 2020/08/15 0 6 310 7 0
152 2020/08/16 0 6 317 7 0
153 2020/08/17 0 6 324 7 0
154 2020/08/18 0 6 331 7 0
155 2020/08/19 0 6 338 7 0
156 2020/08/20 0 6 345 7 0
157 2020/08/21 0 6 352 7 0
158 2020/08/22 0 6 359 7 0
159 2020/08/23 0 6 366 7 0
160 2020/08/24 0 6 373 7 0
161 2020/08/25 0 6 380 7 0
162 2020/08/26 0 6 387 7 0
163 2020/08/27 0 6 394 7 0
164 2020/08/28 0 6 401 7 0
165 2020/08/29 0 6 408 7 0
166 2020/08/30 0 6 415 7 0
167 2020/08/31 0 6 422 7 0
168 2020/09/01 0 6 429 7 0
169 2020/09/02 0 6 436 7 0
170 2020/09/03 0 6 443 7 0
171 2020/09/04 0 6 450 7 0
172 2020/09/05 0 6 457 7 0
173 2020/09/06 0 6 464 7 0
174 2020/09/07 0 6 471 7 0
175 2020/09/08 0 6 478 7 0
176 2020/09/09 0 6 485 7 0
177 2020/09/10 0 6 492 7 0
178 2020/09/11 0 6 499 7 0
179 2020/09/12 0 6 506 7 0
180 2020/09/13 0 6 513 7 0
181 2020/09/14 0 6 520 7 0
182 2020/09/15 0 6 527 7 0
183 2020/09/16 0 6 534 7 0
184 2020/09/17 0 6 541 7 0
185 2020/09/18 0 6 548 7 0
186 2020/09/19 0 6 555 7 0
187 2020/09/20 0 6 562 7 0
188 2020/09/21 0 6 569 7 0
189 2020/09/22 0 6 576 7 0
190 2020/09/23 0 6 583 7 0
191 2020/09/24 0 6 590 7 0
192 2020/09/25 0 6 597 7 0
193 2020/09/26 0 6 604 7 0
194 2020/09/27 0 6 611 7 0
195 2020/09/28 0 6 618 7 0
196 2020/09/29 0 6 625 7 0
197 2020/09/30 0 6 632 7 0
198 2020/10/01 0 6 639 7 0
199 2020/10/02 0 6 646 7 0
200 2020/10/03 0 6 653 7 0
201 2020/10/04 0 6 660 7 0
202 2020/10/05 0 6 667 7 0
203 2020/10/06 0 6 674 7 0
204 2020/10/07 0 6 681 7 0
205 2020/10/08 0 6 688 7 0
206 2020/10/09 0 6 695 7 0
207 2020/10/10 0 6 702 7 0
208 2020/10/11 0 6 709 7 0
209 2020/10/12 0 6 716 7 0
210 2020/10/13 0 6 723 7 0
211 2020/10/14 0 6 730 7 0
212 2020/10/15 0 6 737 7 0
213 2020/10/16 0 6 744 7 0
214 2020/10/17 0 6 751 7 0
215 2020/10/18 0 6 758 7 0
216 2020/10/19 0 6 765 7 0
217 2020/10/20 0 6 772 7 0
218 2020/10/21 0 6 779 7 0
219 2020/10/22 0 6 786 7 0
220 2020/10/23 0 6 793 7 0
221 2020/10/24 0 6 800 7 0
222 2020/10/25 0 6 807 7 0
223 2020/10/26 0 6 814 7 0
224 2020/10/27 0 6 821 7 0
225 2020/10/28 0 6 828 7 0
226 2020/10/29 0 6 835 7 0
227 2020/10/30 1 7 843 8 0
228 2020/10/31 0 7 851 8 0
229 2020/11/01 0 7 859 8 0
230 2020/11/02 0 7 867 8 0
231 2020/11/03 0 7 875 8 0
232 2020/11/04 2 9 885 10 0
233 2020/11/05 0 9 895 10 0
234 2020/11/06 0 9 905 10 0
235 2020/11/07 1 10 916 11 0
236 2020/11/08 0 10 927 11 0
237 2020/11/09 0 10 938 11 0
238 2020/11/10 2 12 951 13 0
239 2020/11/11 1 13 965 14 0
240 2020/11/12 2 15 981 16 0
241 2020/11/13 0 15 997 16 0
242 2020/11/14 0 15 1013 16 0
243 2020/11/15 0 15 1029 16 0
244 2020/11/16 0 15 1045 16 0
245 2020/11/17 0 15 1061 16 0
246 2020/11/18 2 17 1079 18 0
247 2020/11/19 0 17 1097 18 0
248 2020/11/20 0 17 1115 18 0
249 2020/11/21 0 17 1133 18 0
250 2020/11/22 0 17 1151 18 0
251 2020/11/23 0 17 1169 18 0
252 2020/11/24 1 18 1188 19 0
253 2020/11/25 0 18 1207 19 0
254 2020/11/26 0 18 1226 19 0
255 2020/11/27 0 18 1245 19 0
256 2020/11/28 1 19 1265 20 0
257 2020/11/29 0 19 1285 20 0
258 2020/11/30 0 19 1305 20 0
259 2020/12/01 0 19 1325 20 0
260 2020/12/02 0 19 1345 20 0
261 2020/12/03 0 19 1365 20 0
262 2020/12/04 0 19 1385 20 0
263 2020/12/05 1 20 1406 21 0
264 2020/12/06 0 20 1427 21 0
265 2020/12/07 0 20 1448 21 0
266 2020/12/08 1 21 1470 22 0
267 2020/12/09 1 22 1493 23 0
268 2020/12/10 0 22 1516 23 0
269 2020/12/11 0 22 1539 23 0
270 2020/12/12 0 22 1562 23 0
271 2020/12/13 0 22 1585 23 0
272 2020/12/14 0 22 1608 23 0
273 2020/12/15 0 22 1631 23 0
274 2020/12/16 0 22 1654 23 0
275 2020/12/17 0 22 1677 23 0
276 2020/12/18 1 23 1701 24 0
277 2020/12/19 0 23 1725 24 0
278 2020/12/20 0 23 1749 24 1
279 2020/12/21 0 23 1773 24 0
280 2020/12/22 3 26 1800 27 0
281 2020/12/23 0 26 1827 27 0
282 2020/12/24 0 26 1854 27 0
283 2020/12/25 2 28 1883 29 0
284 2020/12/26 0 28 1912 29 0
285 2020/12/27 0 28 1941 29 0
286 2020/12/28 0 28 1970 29 0
287 2020/12/29 2 30 2001 31 0
288 2020/12/30 3 33 2035 34 0
289 2020/12/31 0 33 2069 34 0
290 2021/01/01 0 33 2103 34 0
291 2021/01/02 0 33 2137 34 0
292 2021/01/03 0 33 2171 34 0
293 2021/01/04 0 33 2205 34 0
294 2021/01/05 1 34 2240 35 0
295 2021/01/06 0 34 2275 35 0
296 2021/01/07 1 35 2311 36 0
297 2021/01/08 0 35 2347 36 0
298 2021/01/09 0 35 2383 36 0
299 2021/01/10 2 37 2421 38 0
300 2021/01/11 1 38 2460 39 0
301 2021/01/12 1 39 2500 40 0
302 2021/01/13 2 41 2542 42 0
303 2021/01/14 0 41 2584 42 0
304 2021/01/15 0 41 2626 42 0
305 2021/01/16 1 42 2669 43 0
306 2021/01/17 1 43 2713 44 0
307 2021/01/18 0 43 2757 44 0
308 2021/01/19 1 44 2802 45 0
309 2021/01/20 0 44 2847 45 0
310 2021/01/21 0 44 2892 45 0
311 2021/01/22 0 44 2937 45 0
312 2021/01/23 0 44 2982 45 0
313 2021/01/24 0 44 3027 45 0
314 2021/01/25 1 45 3073 46 0
315 2021/01/26 0 45 3119 46 0
316 2021/01/27 0 45 3165 46 0
317 2021/01/28 0 45 3211 46 1
318 2021/01/29 0 45 3257 46 0
319 2021/01/30 0 45 3303 46 0
320 2021/01/31 0 45 3349 46 0
321 2021/02/01 1 46 3396 47 1
322 2021/02/02 0 46 3443 47 0
323 2021/02/03 0 46 3490 47 0
324 2021/02/04 0 46 3537 47 0
325 2021/02/05 0 46 3584 47 0
326 2021/02/06 0 46 3631 47 0
327 2021/02/07 0 46 3678 47 0
328 2021/02/08 0 46 3725 47 0
329 2021/02/09 0 46 3772 47 0
330 2021/02/10 0 46 3819 47 0
331 2021/02/11 0 46 3866 47 0
332 2021/02/12 0 46 3913 47 0
333 2021/02/13 1 47 3961 48 0
334 2021/02/14 0 47 4009 48 0
335 2021/02/15 0 47 4057 48 0
336 2021/02/16 0 47 4105 48 0
337 2021/02/17 0 47 4153 48 0
338 2021/02/18 0 47 4201 48 0
339 2021/02/19 1 48 4250 49 0
340 2021/02/20 0 48 4299 49 0
341 2021/02/21 0 48 4348 49 0
342 2021/02/22 0 48 4397 49 0
343 2021/02/23 0 48 4446 49 0
344 2021/02/24 0 48 4495 49 0
345 2021/02/25 0 48 4544 49 0
346 2021/02/26 0 48 4593 49 0
347 2021/02/27 0 48 4642 49 0
348 2021/02/28 0 48 4691 49 0
349 2021/03/01 0 48 4740 49 0
350 2021/03/02 0 48 4789 49 0
351 2021/03/03 0 48 4838 49 0
352 2021/03/04 0 48 4887 49 0
353 2021/03/05 0 48 4936 49 0
354 2021/03/06 0 48 4985 49 0
355 2021/03/07 0 48 5034 49 0
356 2021/03/08 1 49 5084 50 0
357 2021/03/09 0 49 5134 50 1
358 2021/03/10 0 49 5184 50 0
359 2021/03/11 0 49 5234 50 0
360 2021/03/12 0 49 5284 50 0
361 2021/03/13 0 49 5334 50 0
362 2021/03/14 0 49 5384 50 0
363 2021/03/15 0 49 5434 50 0
364 2021/03/16 0 49 5484 50 0
365 2021/03/17 0 49 5534 50 0
366 2021/03/18 0 49 5584 50 0
367 2021/03/19 0 49 5634 50 0
368 2021/03/20 0 49 5684 50 0
369 2021/03/21 0 49 5734 50 0
370 2021/03/22 0 49 5784 50 0
371 2021/03/23 0 49 5834 50 0
372 2021/03/24 0 49 5884 50 0
373 2021/03/25 0 49 5934 50 2
