dates I C D F E
1 2020/03/18 0 0 3 3 1
2 2020/03/19 0 0 6 3 1
3 2020/03/20 1 1 10 4 1
4 2020/03/21 0 1 14 4 1
5 2020/03/22 0 1 18 4 1
6 2020/03/23 0 1 22 4 1
7 2020/03/24 0 1 26 4 1
8 2020/03/25 0 1 30 4 1
9 2020/03/26 0 1 34 4 1
10 2020/03/27 0 1 38 4 1
11 2020/03/28 0 1 42 4 1
12 2020/03/29 0 1 46 4 2
13 2020/03/30 0 1 50 4 1
14 2020/03/31 0 1 54 4 1
15 2020/04/01 0 1 58 4 1
16 2020/04/02 0 1 62 4 1
17 2020/04/03 0 1 66 4 1
18 2020/04/04 0 1 70 4 1
19 2020/04/05 0 1 74 4 1
20 2020/04/06 0 1 78 4 1
21 2020/04/07 1 2 83 5 1
22 2020/04/08 0 2 88 5 1
23 2020/04/09 0 2 93 5 1
24 2020/04/10 0 2 98 5 1
25 2020/04/11 0 2 103 5 1
26 2020/04/12 0 2 108 5 1
27 2020/04/13 0 2 113 5 1
28 2020/04/14 0 2 118 5 1
29 2020/04/15 0 2 123 5 1
30 2020/04/16 0 2 128 5 1
31 2020/04/17 0 2 133 5 1
32 2020/04/18 0 2 138 5 1
33 2020/04/19 0 2 143 5 1
34 2020/04/20 0 2 148 5 1
35 2020/04/21 0 2 153 5 1
36 2020/04/22 0 2 158 5 1
37 2020/04/23 0 2 163 5 1
38 2020/04/24 0 2 168 5 1
39 2020/04/25 0 2 173 5 1
40 2020/04/26 0 2 178 5 1
41 2020/04/27 0 2 183 5 1
42 2020/04/28 0 2 188 5 1
43 2020/04/29 0 2 193 5 1
44 2020/04/30 0 2 198 5 1
45 2020/05/01 0 2 203 5 1
46 2020/05/02 0 2 208 5 1
47 2020/05/03 0 2 213 5 1
48 2020/05/04 0 2 218 5 1
49 2020/05/05 0 2 223 5 0
50 2020/05/06 0 2 228 5 0
51 2020/05/07 0 2 233 5 0
52 2020/05/08 0 2 238 5 0
53 2020/05/09 0 2 243 5 0
54 2020/05/10 0 2 248 5 0
55 2020/05/11 0 2 253 5 0
56 2020/05/12 0 2 258 5 0
57 2020/05/13 0 2 263 5 0
58 2020/05/14 0 2 268 5 0
59 2020/05/15 0 2 273 5 0
60 2020/05/16 1 3 279 6 0
61 2020/05/17 0 3 285 6 0
62 2020/05/18 0 3 291 6 0
63 2020/05/19 0 3 297 6 0
64 2020/05/20 0 3 303 6 0
65 2020/05/21 0 3 309 6 0
66 2020/05/22 0 3 315 6 0
67 2020/05/23 0 3 321 6 0
68 2020/05/24 0 3 327 6 0
69 2020/05/25 1 4 334 7 0
70 2020/05/26 0 4 341 7 0
71 2020/05/27 1 5 349 8 0
72 2020/05/28 0 5 357 8 0
73 2020/05/29 2 7 367 10 0
74 2020/05/30 0 7 377 10 0
75 2020/05/31 1 8 388 11 0
76 2020/06/01 1 9 400 12 0
77 2020/06/02 0 9 412 12 0
78 2020/06/03 1 10 425 13 0
79 2020/06/04 1 11 439 14 0
80 2020/06/05 1 12 454 15 0
81 2020/06/06 2 14 471 17 0
82 2020/06/07 2 16 490 19 0
83 2020/06/08 0 16 509 19 0
84 2020/06/09 0 16 528 19 0
85 2020/06/10 5 21 552 24 0
86 2020/06/11 0 21 576 24 0
87 2020/06/12 0 21 600 24 1
88 2020/06/13 0 21 624 24 0
89 2020/06/14 0 21 648 24 0
90 2020/06/15 1 22 673 25 0
91 2020/06/16 1 23 699 26 0
92 2020/06/17 1 24 726 27 0
93 2020/06/18 1 25 754 28 0
94 2020/06/19 0 25 782 28 0
95 2020/06/20 0 25 810 28 0
96 2020/06/21 1 26 839 29 0
97 2020/06/22 0 26 868 29 0
98 2020/06/23 0 26 897 29 0
99 2020/06/24 2 28 928 31 0
100 2020/06/25 1 29 960 32 0
101 2020/06/26 1 30 993 33 0
102 2020/06/27 1 31 1027 34 0
103 2020/06/28 0 31 1061 34 0
104 2020/06/29 0 31 1095 34 0
105 2020/06/30 0 31 1129 34 0
106 2020/07/01 1 32 1164 35 0
107 2020/07/02 0 32 1199 35 0
108 2020/07/03 0 32 1234 35 0
109 2020/07/04 3 35 1272 38 0
110 2020/07/05 7 42 1317 45 0
111 2020/07/06 4 46 1366 49 0
112 2020/07/07 4 50 1419 53 0
113 2020/07/08 1 51 1473 54 0
114 2020/07/09 0 51 1527 54 0
115 2020/07/10 4 55 1585 58 0
116 2020/07/11 0 55 1643 58 0
117 2020/07/12 0 55 1701 58 0
118 2020/07/13 2 57 1761 60 0
119 2020/07/14 4 61 1825 64 0
120 2020/07/15 1 62 1890 65 0
121 2020/07/16 1 63 1956 66 0
122 2020/07/17 3 66 2025 69 0
123 2020/07/18 1 67 2095 70 0
124 2020/07/19 4 71 2169 74 0
125 2020/07/20 2 73 2245 76 0
126 2020/07/21 4 77 2325 80 0
127 2020/07/22 0 77 2405 80 0
128 2020/07/23 1 78 2486 81 0
129 2020/07/24 2 80 2569 83 0
130 2020/07/25 0 80 2652 83 0
131 2020/07/26 2 82 2737 85 0
132 2020/07/27 2 84 2824 87 0
133 2020/07/28 2 86 2913 89 0
134 2020/07/29 4 90 3006 93 0
135 2020/07/30 2 92 3101 95 0
136 2020/07/31 1 93 3197 96 0
137 2020/08/01 2 95 3295 98 0
138 2020/08/02 0 95 3393 98 0
139 2020/08/03 0 95 3491 98 0
140 2020/08/04 4 99 3593 102 0
141 2020/08/05 2 101 3697 104 0
142 2020/08/06 4 105 3805 108 0
143 2020/08/07 0 105 3913 108 0
144 2020/08/08 3 108 4024 111 0
145 2020/08/09 0 108 4135 111 0
146 2020/08/10 1 109 4247 112 0
147 2020/08/11 3 112 4362 115 0
148 2020/08/12 0 112 4477 115 0
149 2020/08/13 1 113 4593 116 0
150 2020/08/14 0 113 4709 116 0
151 2020/08/15 0 113 4825 116 0
152 2020/08/16 1 114 4942 117 0
153 2020/08/17 1 115 5060 118 0
154 2020/08/18 1 116 5179 119 0
155 2020/08/19 1 117 5299 120 0
156 2020/08/20 1 118 5420 121 1
157 2020/08/21 1 119 5542 122 0
158 2020/08/22 0 119 5664 122 0
159 2020/08/23 0 119 5786 122 0
160 2020/08/24 5 124 5913 127 0
161 2020/08/25 4 128 6044 131 0
162 2020/08/26 1 129 6176 132 0
163 2020/08/27 3 132 6311 135 0
164 2020/08/28 0 132 6446 135 0
165 2020/08/29 2 134 6583 137 0
166 2020/08/30 0 134 6720 137 0
167 2020/08/31 2 136 6859 139 0
168 2020/09/01 1 137 6999 140 0
169 2020/09/02 3 140 7142 143 1
170 2020/09/03 1 141 7286 144 0
171 2020/09/04 0 141 7430 144 0
172 2020/09/05 0 141 7574 144 0
173 2020/09/06 1 142 7719 145 0
174 2020/09/07 0 142 7864 145 0
175 2020/09/08 1 143 8010 146 0
176 2020/09/09 2 145 8158 148 0
177 2020/09/10 2 147 8308 150 0
178 2020/09/11 0 147 8458 150 0
179 2020/09/12 1 148 8609 151 0
180 2020/09/13 0 148 8760 151 0
181 2020/09/14 0 148 8911 151 0
182 2020/09/15 1 149 9063 152 0
183 2020/09/16 0 149 9215 152 0
184 2020/09/17 1 150 9368 153 0
185 2020/09/18 0 150 9521 153 0
186 2020/09/19 1 151 9675 154 0
187 2020/09/20 0 151 9829 154 0
188 2020/09/21 2 153 9985 156 0
189 2020/09/22 0 153 10141 156 0
190 2020/09/23 0 153 10297 156 0
191 2020/09/24 0 153 10453 156 0
192 2020/09/25 0 153 10609 156 0
193 2020/09/26 0 153 10765 156 0
194 2020/09/27 1 154 10922 157 0
195 2020/09/28 1 155 11080 158 0
196 2020/09/29 0 155 11238 158 0
197 2020/09/30 6 161 11402 164 0
198 2020/10/01 2 163 11568 166 0
199 2020/10/02 3 166 11737 169 0
200 2020/10/03 0 166 11906 169 0
201 2020/10/04 0 166 12075 169 0
202 2020/10/05 0 166 12244 169 0
203 2020/10/06 0 166 12413 169 0
204 2020/10/07 0 166 12582 169 0
205 2020/10/08 2 168 12753 171 0
206 2020/10/09 0 168 12924 171 0
207 2020/10/10 2 170 13097 173 0
208 2020/10/11 0 170 13270 173 0
209 2020/10/12 1 171 13444 174 0
210 2020/10/13 1 172 13619 175 0
211 2020/10/14 0 172 13794 175 0
212 2020/10/15 0 172 13969 175 0
213 2020/10/16 3 175 14147 178 0
214 2020/10/17 2 177 14327 180 0
215 2020/10/18 1 178 14508 181 0
216 2020/10/19 1 179 14690 182 0
217 2020/10/20 7 186 14879 189 0
218 2020/10/21 8 194 15076 197 0
219 2020/10/22 4 198 15277 201 0
220 2020/10/23 0 198 15478 201 0
221 2020/10/24 2 200 15681 203 0
222 2020/10/25 1 201 15885 204 0
223 2020/10/26 3 204 16092 207 0
224 2020/10/27 8 212 16307 215 0
225 2020/10/28 9 221 16531 224 0
226 2020/10/29 3 224 16758 227 0
227 2020/10/30 16 240 17001 243 0
228 2020/10/31 0 240 17244 243 0
229 2020/11/01 2 242 17489 245 0
230 2020/11/02 5 247 17739 250 0
231 2020/11/03 8 255 17997 258 0
232 2020/11/04 4 259 18259 262 0
233 2020/11/05 9 268 18530 271 0
234 2020/11/06 11 279 18812 282 0
235 2020/11/07 13 292 19107 295 0
236 2020/11/08 4 296 19406 299 0
237 2020/11/09 12 308 19717 311 0
238 2020/11/10 11 319 20039 322 0
239 2020/11/11 15 334 20376 337 1
240 2020/11/12 28 362 20741 365 0
241 2020/11/13 16 378 21122 381 0
242 2020/11/14 2 380 21505 383 0
243 2020/11/15 12 392 21900 395 0
244 2020/11/16 19 411 22314 414 0
245 2020/11/17 26 437 22754 440 0
246 2020/11/18 47 484 23241 487 0
247 2020/11/19 32 516 23760 519 0
248 2020/11/20 23 539 24302 542 0
249 2020/11/21 11 550 24855 553 0
250 2020/11/22 16 566 25424 569 0
251 2020/11/23 29 595 26022 598 0
252 2020/11/24 26 621 26646 624 0
253 2020/11/25 15 636 27285 639 0
254 2020/11/26 8 644 27932 647 0
255 2020/11/27 10 654 28589 657 0
256 2020/11/28 13 667 29259 670 0
257 2020/11/29 9 676 29938 679 0
258 2020/11/30 23 699 30640 702 0
259 2020/12/01 9 708 31351 711 0
260 2020/12/02 13 721 32075 724 0
261 2020/12/03 14 735 32813 738 0
262 2020/12/04 15 750 33566 753 0
263 2020/12/05 7 757 34326 760 0
264 2020/12/06 8 765 35094 768 0
265 2020/12/07 18 783 35880 786 0
266 2020/12/08 26 809 36692 812 0
267 2020/12/09 14 823 37518 826 0
268 2020/12/10 10 833 38354 836 1
269 2020/12/11 10 843 39200 846 0
270 2020/12/12 7 850 40053 853 0
271 2020/12/13 2 852 40908 855 0
272 2020/12/14 11 863 41774 866 0
273 2020/12/15 23 886 42663 889 0
274 2020/12/16 9 895 43561 898 0
275 2020/12/17 8 903 44467 906 0
276 2020/12/18 7 910 45380 913 0
277 2020/12/19 2 912 46295 915 0
278 2020/12/20 3 915 47213 918 0
279 2020/12/21 10 925 48141 928 0
280 2020/12/22 7 932 49076 935 0
281 2020/12/23 5 937 50016 940 0
282 2020/12/24 20 957 50976 960 0
283 2020/12/25 4 961 51940 964 0
284 2020/12/26 6 967 52910 970 0
285 2020/12/27 6 973 53886 976 0
286 2020/12/28 11 984 54873 987 0
287 2020/12/29 14 998 55874 1001 0
288 2020/12/30 14 1012 56889 1015 1
289 2020/12/31 6 1018 57910 1021 0
290 2021/01/01 16 1034 58947 1037 0
291 2021/01/02 14 1048 59998 1051 0
292 2021/01/03 11 1059 61060 1062 0
293 2021/01/04 31 1090 62153 1093 0
294 2021/01/05 16 1106 63262 1109 0
295 2021/01/06 12 1118 64383 1121 0
296 2021/01/07 12 1130 65516 1133 0
297 2021/01/08 5 1135 66654 1138 0
298 2021/01/09 3 1138 67795 1141 0
299 2021/01/10 3 1141 68939 1144 0
300 2021/01/11 6 1147 70089 1150 0
301 2021/01/12 8 1155 71247 1158 0
302 2021/01/13 10 1165 72415 1168 0
303 2021/01/14 6 1171 73589 1174 0
304 2021/01/15 11 1182 74774 1185 0
305 2021/01/16 4 1186 75963 1189 0
306 2021/01/17 4 1190 77156 1193 0
307 2021/01/18 7 1197 78356 1200 0
308 2021/01/19 12 1209 79568 1212 0
309 2021/01/20 8 1217 80788 1220 0
310 2021/01/21 6 1223 82014 1226 0
311 2021/01/22 3 1226 83243 1229 0
312 2021/01/23 4 1230 84476 1233 0
313 2021/01/24 10 1240 85719 1243 0
314 2021/01/25 7 1247 86969 1250 0
315 2021/01/26 8 1255 88227 1258 0
316 2021/01/27 14 1269 89499 1272 0
317 2021/01/28 6 1275 90777 1278 0
318 2021/01/29 7 1282 92062 1285 0
319 2021/01/30 1 1283 93348 1286 0
320 2021/01/31 2 1285 94636 1288 0
321 2021/02/01 10 1295 95934 1298 0
322 2021/02/02 7 1302 97239 1305 0
323 2021/02/03 7 1309 98551 1312 0
324 2021/02/04 11 1320 99874 1323 0
325 2021/02/05 9 1329 101206 1332 0
326 2021/02/06 7 1336 102545 1339 0
327 2021/02/07 3 1339 103887 1342 0
328 2021/02/08 7 1346 105236 1349 0
329 2021/02/09 3 1349 106588 1352 0
330 2021/02/10 7 1356 107947 1359 0
331 2021/02/11 5 1361 109311 1364 0
332 2021/02/12 15 1376 110690 1379 0
333 2021/02/13 4 1380 112073 1383 0
334 2021/02/14 3 1383 113459 1386 0
335 2021/02/15 4 1387 114849 1390 0
336 2021/02/16 8 1395 116247 1398 0
337 2021/02/17 4 1399 117649 1402 0
338 2021/02/18 6 1405 119057 1408 0
339 2021/02/19 5 1410 120470 1413 0
340 2021/02/20 4 1414 121887 1417 0
341 2021/02/21 3 1417 123307 1420 0
342 2021/02/22 6 1423 124733 1426 0
343 2021/02/23 6 1429 126165 1432 0
344 2021/02/24 5 1434 127602 1437 0
345 2021/02/25 7 1441 129046 1444 0
346 2021/02/26 4 1445 130494 1448 0
347 2021/02/27 0 1445 131942 1448 0
348 2021/02/28 2 1447 133392 1450 0
349 2021/03/01 8 1455 134850 1458 0
350 2021/03/02 4 1459 136312 1462 0
351 2021/03/03 4 1463 137778 1466 0
352 2021/03/04 2 1465 139246 1468 1
353 2021/03/05 6 1471 140720 1474 0
354 2021/03/06 4 1475 142198 1478 0
355 2021/03/07 2 1477 143678 1480 0
356 2021/03/08 3 1480 145161 1483 1
357 2021/03/09 1 1481 146645 1484 0
358 2021/03/10 4 1485 148133 1488 0
359 2021/03/11 2 1487 149623 1490 0
360 2021/03/12 3 1490 151116 1493 0
361 2021/03/13 0 1490 152609 1493 0
362 2021/03/14 1 1491 154103 1494 0
363 2021/03/15 4 1495 155601 1498 0
364 2021/03/16 0 1495 157099 1498 0
365 2021/03/17 4 1499 158601 1502 0
366 2021/03/18 1 1500 160104 1503 0
367 2021/03/19 3 1503 161610 1506 0
368 2021/03/20 0 1503 163116 1506 0
369 2021/03/21 0 1503 164622 1506 0
370 2021/03/22 0 1503 166128 1506 0
371 2021/03/23 1 1504 167635 1507 2
372 2021/03/24 5 1509 169147 1512 0
373 2021/03/25 2 1511 170661 1514 0
374 2021/03/26 2 1513 172177 1516 0
375 2021/03/27 0 1513 173693 1516 0
376 2021/03/28 0 1513 175209 1516 0
377 2021/03/29 0 1513 176725 1516 0
378 2021/03/30 1 1514 178242 1517 0
379 2021/03/31 1 1515 179760 1518 0
380 2021/04/01 1 1516 181279 1519 0
381 2021/04/02 2 1518 182800 1521 0
382 2021/04/03 0 1518 184321 1521 0
383 2021/04/04 1 1519 185843 1522 0
384 2021/04/05 3 1522 187368 1525 0
385 2021/04/06 3 1525 188896 1528 0
386 2021/04/07 4 1529 190428 1532 0
387 2021/04/08 6 1535 191966 1538 1
388 2021/04/09 3 1538 193507 1541 1
389 2021/04/10 3 1541 195051 1544 0
390 2021/04/11 3 1544 196598 1547 1
391 2021/04/12 6 1550 198151 1553 0
392 2021/04/13 11 1561 199715 1564 0
393 2021/04/14 8 1569 201287 1572 0
394 2021/04/15 8 1577 202867 1580 0
395 2021/04/16 6 1583 204453 1586 0
396 2021/04/17 4 1587 206043 1590 0
397 2021/04/18 5 1592 207638 1595 1
398 2021/04/19 11 1603 209244 1606 0
399 2021/04/20 10 1613 210860 1616 0
400 2021/04/21 8 1621 212484 1624 0
401 2021/04/22 7 1628 214115 1631 0
402 2021/04/23 4 1632 215750 1635 0
403 2021/04/24 12 1644 217397 1647 0
404 2021/04/25 10 1654 219054 1657 0
405 2021/04/26 11 1665 220722 1668 0
406 2021/04/27 10 1675 222400 1678 0
407 2021/04/28 15 1690 224093 1693 0
408 2021/04/29 13 1703 225799 1706 0
409 2021/04/30 9 1712 227514 1715 0
410 2021/05/01 11 1723 229240 1726 0
411 2021/05/02 8 1731 230974 1734 0
412 2021/05/03 11 1742 232719 1745 0
413 2021/05/04 6 1748 234470 1751 0
414 2021/05/05 7 1755 236228 1758 0
415 2021/05/06 17 1772 238003 1775 0
416 2021/05/07 9 1781 239787 1784 0
417 2021/05/08 3 1784 241574 1787 0
418 2021/05/09 1 1785 243362 1788 0
419 2021/05/10 7 1792 245157 1795 0
420 2021/05/11 10 1802 246962 1805 0
421 2021/05/12 9 1811 248776 1814 0
422 2021/05/13 4 1815 250594 1818 0
423 2021/05/14 7 1822 252419 1825 0
424 2021/05/15 7 1829 254251 1832 0
425 2021/05/16 6 1835 256089 1838 0
426 2021/05/17 4 1839 257931 1842 0
427 2021/05/18 9 1848 259782 1851 0
428 2021/05/19 1 1849 261634 1852 0
429 2021/05/20 3 1852 263489 1855 0
430 2021/05/21 7 1859 265351 1862 0
431 2021/05/22 1 1860 267214 1863 0
432 2021/05/23 1 1861 269078 1864 0
433 2021/05/24 4 1865 270946 1868 0
434 2021/05/25 4 1869 272818 1872 0
435 2021/05/26 1 1870 274691 1873 0
436 2021/05/27 2 1872 276566 1875 1
437 2021/05/28 3 1875 278444 1878 0
438 2021/05/29 2 1877 280324 1880 0
439 2021/05/30 5 1882 282209 1885 0
440 2021/05/31 0 1882 284094 1885 0
441 2021/06/01 1 1883 285980 1886 0
442 2021/06/02 6 1889 287872 1892 0
443 2021/06/03 0 1889 289764 1892 0
444 2021/06/04 0 1889 291656 1892 0
445 2021/06/05 1 1890 293549 1893 0
446 2021/06/06 0 1890 295442 1893 0
447 2021/06/07 3 1893 297338 1896 0
448 2021/06/08 0 1893 299234 1896 0
449 2021/06/09 2 1895 301132 1898 0
450 2021/06/10 1 1896 303031 1899 0
451 2021/06/11 0 1896 304930 1899 0
452 2021/06/12 1 1897 306830 1900 0
453 2021/06/13 1 1898 308731 1901 0
454 2021/06/14 1 1899 310633 1902 0
455 2021/06/15 0 1899 312535 1902 0
456 2021/06/16 1 1900 314438 1903 1
457 2021/06/17 1 1901 316342 1904 0
458 2021/06/18 1 1902 318247 1905 0
459 2021/06/19 0 1902 320152 1905 0
460 2021/06/20 0 1902 322057 1905 0
461 2021/06/21 1 1903 323963 1906 0
462 2021/06/22 0 1903 325869 1906 0
463 2021/06/23 0 1903 327775 1906 0
464 2021/06/24 2 1905 329683 1908 0
465 2021/06/25 0 1905 331591 1908 0
466 2021/06/26 1 1906 333500 1909 0
467 2021/06/27 1 1907 335410 1910 0
468 2021/06/28 2 1909 337322 1912 0
469 2021/06/29 1 1910 339235 1913 0
470 2021/06/30 3 1913 341151 1916 0
471 2021/07/01 2 1915 343069 1918 1
472 2021/07/02 0 1915 344987 1918 1
473 2021/07/03 3 1918 346908 1921 1
474 2021/07/04 1 1919 348830 1922 1
475 2021/07/05 4 1923 350756 1926 0
476 2021/07/06 1 1924 352683 1927 0
477 2021/07/07 3 1927 354613 1930 0
478 2021/07/08 6 1933 356549 1936 0
479 2021/07/09 5 1938 358490 1941 1
480 2021/07/10 2 1940 360433 1943 1
481 2021/07/11 2 1942 362378 1945 0
482 2021/07/12 4 1946 364327 1949 0
483 2021/07/13 5 1951 366281 1954 0
484 2021/07/14 1 1952 368236 1955 0
485 2021/07/15 7 1959 370198 1962 0
486 2021/07/16 1 1960 372161 1963 1
487 2021/07/17 2 1962 374126 1965 1
488 2021/07/18 4 1966 376095 1969 0
489 2021/07/19 6 1972 378070 1975 0
490 2021/07/20 5 1977 380050 1980 0
491 2021/07/21 4 1981 382034 1984 0
492 2021/07/22 2 1983 384020 1986 0
493 2021/07/23 4 1987 386010 1990 1
494 2021/07/24 1 1988 388001 1991 1
495 2021/07/25 0 1988 389992 1991 0
496 2021/07/26 6 1994 391989 1997 1
497 2021/07/27 1 1995 393987 1998 0
498 2021/07/28 1 1996 395986 1999 0
499 2021/07/29 5 2001 397990 2004 0
500 2021/07/30 5 2006 399999 2009 1
501 2021/07/31 3 2009 402011 2012 1
502 2021/08/01 2 2011 404025 2014 0
503 2021/08/02 3 2014 406042 2017 0
504 2021/08/03 3 2017 408062 2020 0
505 2021/08/04 4 2021 410086 2024 0
506 2021/08/05 0 2021 412110 2024 2
