dates I C D F E
1 2020/03/18 3 3 51 51 2
2 2020/03/19 4 7 106 55 1
3 2020/03/20 4 11 165 59 1
4 2020/03/21 4 15 228 63 1
5 2020/03/22 2 17 293 65 1
6 2020/03/23 9 26 367 74 1
7 2020/03/24 4 30 445 78 1
8 2020/03/25 2 32 525 80 1
9 2020/03/26 5 37 610 85 1
10 2020/03/27 8 45 703 93 1
11 2020/03/28 6 51 802 99 1
12 2020/03/29 4 55 905 103 2
13 2020/03/30 9 64 1017 112 1
14 2020/03/31 6 70 1135 118 1
15 2020/04/01 14 84 1267 132 1
16 2020/04/02 5 89 1404 137 1
17 2020/04/03 10 99 1551 147 1
18 2020/04/04 8 107 1706 155 1
19 2020/04/05 5 112 1866 160 2
20 2020/04/06 4 116 2030 164 1
21 2020/04/07 7 123 2201 171 1
22 2020/04/08 5 128 2377 176 1
23 2020/04/09 13 141 2566 189 1
24 2020/04/10 9 150 2764 198 1
25 2020/04/11 3 153 2965 201 1
26 2020/04/12 4 157 3170 205 2
27 2020/04/13 6 163 3381 211 1
28 2020/04/14 3 166 3595 214 1
29 2020/04/15 3 169 3812 217 1
30 2020/04/16 5 174 4034 222 1
31 2020/04/17 3 177 4259 225 1
32 2020/04/18 1 178 4485 226 1
33 2020/04/19 3 181 4714 229 2
34 2020/04/20 8 189 4951 237 1
35 2020/04/21 3 192 5191 240 1
36 2020/04/22 8 200 5439 248 1
37 2020/04/23 19 219 5706 267 1
38 2020/04/24 14 233 5987 281 1
39 2020/04/25 2 235 6270 283 1
40 2020/04/26 4 239 6557 287 1
41 2020/04/27 9 248 6853 296 1
42 2020/04/28 0 248 7149 296 1
43 2020/04/29 19 267 7464 315 1
44 2020/04/30 23 290 7802 338 1
45 2020/05/01 10 300 8150 348 1
46 2020/05/02 8 308 8506 356 1
47 2020/05/03 7 315 8869 363 2
48 2020/05/04 10 325 9242 373 1
49 2020/05/05 14 339 9629 387 0
50 2020/05/06 16 355 10032 403 0
51 2020/05/07 10 365 10445 413 0
52 2020/05/08 6 371 10864 419 0
53 2020/05/09 5 376 11288 424 0
54 2020/05/10 6 382 11718 430 0
55 2020/05/11 10 392 12158 440 0
56 2020/05/12 5 397 12603 445 0
57 2020/05/13 8 405 13056 453 0
58 2020/05/14 13 418 13522 466 0
59 2020/05/15 9 427 13997 475 0
60 2020/05/16 4 431 14476 479 0
61 2020/05/17 5 436 14960 484 0
62 2020/05/18 12 448 15456 496 0
63 2020/05/19 10 458 15962 506 0
64 2020/05/20 14 472 16482 520 0
65 2020/05/21 5 477 17007 525 0
66 2020/05/22 9 486 17541 534 0
67 2020/05/23 3 489 18078 537 0
68 2020/05/24 5 494 18620 542 0
69 2020/05/25 8 502 19170 550 0
70 2020/05/26 14 516 19734 564 0
71 2020/05/27 18 534 20316 582 0
72 2020/05/28 20 554 20918 602 0
73 2020/05/29 17 571 21537 619 0
74 2020/05/30 8 579 22164 627 0
75 2020/05/31 7 586 22798 634 0
76 2020/06/01 26 612 23458 660 0
77 2020/06/02 24 636 24142 684 0
78 2020/06/03 15 651 24841 699 0
79 2020/06/04 25 676 25565 724 0
80 2020/06/05 17 693 26306 741 0
81 2020/06/06 7 700 27054 748 0
82 2020/06/07 15 715 27817 763 0
83 2020/06/08 23 738 28603 786 0
84 2020/06/09 27 765 29416 813 1
85 2020/06/10 35 800 30264 848 0
86 2020/06/11 36 836 31148 884 0
87 2020/06/12 26 862 32058 910 0
88 2020/06/13 14 876 32982 924 0
89 2020/06/14 28 904 33934 952 0
90 2020/06/15 49 953 34935 1001 0
91 2020/06/16 60 1013 35996 1061 0
92 2020/06/17 90 1103 37147 1151 0
93 2020/06/18 50 1153 38348 1201 0
94 2020/06/19 38 1191 39587 1239 0
95 2020/06/20 38 1229 40864 1277 0
96 2020/06/21 24 1253 42165 1301 1
97 2020/06/22 100 1353 43566 1401 0
98 2020/06/23 78 1431 45045 1479 0
99 2020/06/24 57 1488 46581 1536 0
100 2020/06/25 90 1578 48207 1626 0
101 2020/06/26 53 1631 49886 1679 0
102 2020/06/27 42 1673 51607 1721 0
103 2020/06/28 33 1706 53361 1754 0
104 2020/06/29 75 1781 55190 1829 0
105 2020/06/30 102 1883 57121 1931 0
106 2020/07/01 92 1975 59144 2023 0
107 2020/07/02 89 2064 61256 2112 0
108 2020/07/03 83 2147 63451 2195 0
109 2020/07/04 44 2191 65690 2239 0
110 2020/07/05 36 2227 67965 2275 1
111 2020/07/06 120 2347 70360 2395 0
112 2020/07/07 133 2480 72888 2528 0
113 2020/07/08 111 2591 75527 2639 0
114 2020/07/09 116 2707 78282 2755 0
115 2020/07/10 98 2805 81135 2853 0
116 2020/07/11 47 2852 84035 2900 0
117 2020/07/12 41 2893 86976 2941 0
118 2020/07/13 125 3018 90042 3066 0
119 2020/07/14 112 3130 93220 3178 0
120 2020/07/15 100 3230 96498 3278 0
121 2020/07/16 94 3324 99870 3372 0
122 2020/07/17 94 3418 103336 3466 0
123 2020/07/18 49 3467 106851 3515 0
124 2020/07/19 41 3508 110407 3556 0
125 2020/07/20 104 3612 114067 3660 1
126 2020/07/21 83 3695 117810 3743 0
127 2020/07/22 73 3768 121626 3816 0
128 2020/07/23 61 3829 125503 3877 0
129 2020/07/24 64 3893 129444 3941 0
130 2020/07/25 36 3929 133421 3977 0
131 2020/07/26 40 3969 137438 4017 0
132 2020/07/27 80 4049 141535 4097 0
133 2020/07/28 67 4116 145699 4164 0
134 2020/07/29 47 4163 149910 4211 0
135 2020/07/30 54 4217 154175 4265 0
136 2020/07/31 51 4268 158491 4316 0
137 2020/08/01 47 4315 162854 4363 0
138 2020/08/02 34 4349 167251 4397 0
139 2020/08/03 59 4408 171707 4456 0
140 2020/08/04 69 4477 176232 4525 0
141 2020/08/05 71 4548 180828 4596 0
142 2020/08/06 51 4599 185475 4647 0
143 2020/08/07 43 4642 190165 4690 0
144 2020/08/08 32 4674 194887 4722 0
145 2020/08/09 21 4695 199630 4743 0
146 2020/08/10 53 4748 204426 4796 0
147 2020/08/11 60 4808 209282 4856 0
148 2020/08/12 48 4856 214186 4904 0
149 2020/08/13 45 4901 219135 4949 0
150 2020/08/14 37 4938 224121 4986 0
151 2020/08/15 20 4958 229127 5006 0
152 2020/08/16 22 4980 234155 5028 0
153 2020/08/17 59 5039 239242 5087 0
154 2020/08/18 57 5096 244386 5144 0
155 2020/08/19 27 5123 249557 5171 0
156 2020/08/20 41 5164 254769 5212 0
157 2020/08/21 44 5208 260025 5256 0
158 2020/08/22 23 5231 265304 5279 0
159 2020/08/23 30 5261 270613 5309 0
160 2020/08/24 58 5319 275980 5367 0
161 2020/08/25 49 5368 281396 5416 0
162 2020/08/26 61 5429 286873 5477 0
163 2020/08/27 24 5453 292374 5501 0
164 2020/08/28 38 5491 297913 5539 0
165 2020/08/29 20 5511 303472 5559 0
166 2020/08/30 21 5532 309052 5580 0
167 2020/08/31 44 5576 314676 5624 1
168 2020/09/01 32 5608 320332 5656 0
169 2020/09/02 26 5634 326014 5682 0
170 2020/09/03 28 5662 331724 5710 0
171 2020/09/04 20 5682 337454 5730 0
172 2020/09/05 13 5695 343197 5743 0
173 2020/09/06 12 5707 348952 5755 0
174 2020/09/07 26 5733 354733 5781 1
175 2020/09/08 65 5798 360579 5846 0
176 2020/09/09 37 5835 366462 5883 0
177 2020/09/10 32 5867 372377 5915 0
178 2020/09/11 40 5907 378332 5955 0
179 2020/09/12 17 5924 384304 5972 0
180 2020/09/13 24 5948 390300 5996 0
181 2020/09/14 46 5994 396342 6042 0
182 2020/09/15 34 6028 402418 6076 0
183 2020/09/16 34 6062 408528 6110 1
184 2020/09/17 29 6091 414667 6139 0
185 2020/09/18 23 6114 420829 6162 0
186 2020/09/19 16 6130 427007 6178 0
187 2020/09/20 16 6146 433201 6194 0
188 2020/09/21 44 6190 439439 6238 1
189 2020/09/22 24 6214 445701 6262 0
190 2020/09/23 31 6245 451994 6293 0
191 2020/09/24 25 6270 458312 6318 1
192 2020/09/25 33 6303 464663 6351 0
193 2020/09/26 16 6319 471030 6367 0
194 2020/09/27 19 6338 477416 6386 0
195 2020/09/28 35 6373 483837 6421 0
196 2020/09/29 36 6409 490294 6457 0
197 2020/09/30 34 6443 496785 6491 0
198 2020/10/01 42 6485 503318 6533 0
199 2020/10/02 38 6523 509889 6571 0
200 2020/10/03 30 6553 516490 6601 0
201 2020/10/04 26 6579 523117 6627 0
202 2020/10/05 51 6630 529795 6678 0
203 2020/10/06 39 6669 536512 6717 0
204 2020/10/07 46 6715 543275 6763 0
205 2020/10/08 35 6750 550073 6798 0
206 2020/10/09 25 6775 556896 6823 0
207 2020/10/10 39 6814 563758 6862 0
208 2020/10/11 26 6840 570646 6888 0
209 2020/10/12 54 6894 577588 6942 0
210 2020/10/13 39 6933 584569 6981 0
211 2020/10/14 35 6968 591585 7016 0
212 2020/10/15 56 7024 598657 7072 0
213 2020/10/16 39 7063 605768 7111 0
214 2020/10/17 23 7086 612902 7134 0
215 2020/10/18 26 7112 620062 7160 0
216 2020/10/19 47 7159 627269 7207 0
217 2020/10/20 41 7200 634517 7248 0
218 2020/10/21 49 7249 641814 7297 0
219 2020/10/22 45 7294 649156 7342 0
220 2020/10/23 46 7340 656544 7388 0
221 2020/10/24 31 7371 663963 7419 0
222 2020/10/25 53 7424 671435 7472 0
223 2020/10/26 77 7501 678984 7549 0
224 2020/10/27 80 7581 686613 7629 0
225 2020/10/28 69 7650 694311 7698 0
226 2020/10/29 59 7709 702068 7757 0
227 2020/10/30 63 7772 709888 7820 0
228 2020/10/31 61 7833 717769 7881 0
229 2020/11/01 64 7897 725714 7945 0
230 2020/11/02 90 7987 733749 8035 0
231 2020/11/03 118 8105 741902 8153 0
232 2020/11/04 83 8188 750138 8236 0
233 2020/11/05 99 8287 758473 8335 0
234 2020/11/06 82 8369 766890 8417 0
235 2020/11/07 66 8435 775373 8483 0
236 2020/11/08 52 8487 783908 8535 0
237 2020/11/09 121 8608 792564 8656 0
238 2020/11/10 116 8724 801336 8772 0
239 2020/11/11 98 8822 810206 8870 0
240 2020/11/12 117 8939 819193 8987 0
241 2020/11/13 100 9039 828280 9087 1
242 2020/11/14 91 9130 837458 9178 0
243 2020/11/15 80 9210 846716 9258 0
244 2020/11/16 161 9371 856135 9419 0
245 2020/11/17 198 9569 865752 9617 0
246 2020/11/18 145 9714 875514 9762 0
247 2020/11/19 132 9846 885408 9894 0
248 2020/11/20 137 9983 895439 10031 0
249 2020/11/21 91 10074 905561 10122 0
250 2020/11/22 89 10163 915772 10211 0
251 2020/11/23 170 10333 926153 10381 0
252 2020/11/24 157 10490 936691 10538 0
253 2020/11/25 171 10661 947400 10709 0
254 2020/11/26 105 10766 958214 10814 0
255 2020/11/27 143 10909 969171 10957 0
256 2020/11/28 119 11028 980247 11076 0
257 2020/11/29 119 11147 991442 11195 0
258 2020/11/30 232 11379 1002869 11427 1
259 2020/12/01 261 11640 1014557 11688 0
260 2020/12/02 257 11897 1026502 11945 0
261 2020/12/03 245 12142 1038692 12190 0
262 2020/12/04 211 12353 1051093 12401 0
263 2020/12/05 146 12499 1063640 12547 0
264 2020/12/06 169 12668 1076356 12716 0
265 2020/12/07 288 12956 1089360 13004 0
266 2020/12/08 339 13295 1102703 13343 0
267 2020/12/09 405 13700 1116451 13748 0
268 2020/12/10 346 14046 1130545 14094 0
269 2020/12/11 366 14412 1145005 14460 0
270 2020/12/12 188 14600 1159653 14648 0
271 2020/12/13 197 14797 1174498 14845 0
272 2020/12/14 439 15236 1189782 15284 0
273 2020/12/15 364 15600 1205430 15648 0
274 2020/12/16 347 15947 1221425 15995 0
275 2020/12/17 465 16412 1237885 16460 0
276 2020/12/18 308 16720 1254653 16768 1
277 2020/12/19 152 16872 1271573 16920 0
278 2020/12/20 166 17038 1288659 17086 0
279 2020/12/21 378 17416 1306123 17464 0
280 2020/12/22 469 17885 1324056 17933 0
281 2020/12/23 403 18288 1342392 18336 0
282 2020/12/24 207 18495 1360935 18543 0
283 2020/12/25 142 18637 1379620 18685 0
284 2020/12/26 171 18808 1398476 18856 0
285 2020/12/27 241 19049 1417573 19097 0
286 2020/12/28 492 19541 1437162 19589 0
287 2020/12/29 575 20116 1457326 20164 0
288 2020/12/30 383 20499 1477873 20547 1
289 2020/12/31 397 20896 1498817 20944 0
290 2021/01/01 227 21123 1519988 21171 0
291 2021/01/02 212 21335 1541371 21383 0
292 2021/01/03 196 21531 1562950 21579 0
293 2021/01/04 533 22064 1585062 22112 0
294 2021/01/05 505 22569 1607679 22617 0
295 2021/01/06 406 22975 1630702 23023 0
296 2021/01/07 388 23363 1654113 23411 0
297 2021/01/08 395 23758 1677919 23806 0
298 2021/01/09 168 23926 1701893 23974 0
299 2021/01/10 155 24081 1726022 24129 0
300 2021/01/11 401 24482 1750552 24530 0
301 2021/01/12 320 24802 1775402 24850 0
302 2021/01/13 304 25106 1800556 25154 0
303 2021/01/14 279 25385 1825989 25433 1
304 2021/01/15 261 25646 1851683 25694 0
305 2021/01/16 149 25795 1877526 25843 0
306 2021/01/17 105 25900 1903474 25948 0
307 2021/01/18 231 26131 1929653 26179 0
308 2021/01/19 286 26417 1956118 26465 0
309 2021/01/20 247 26664 1982830 26712 0
310 2021/01/21 194 26858 2009736 26906 0
311 2021/01/22 182 27040 2036824 27088 0
312 2021/01/23 89 27129 2064001 27177 0
313 2021/01/24 94 27223 2091272 27271 0
314 2021/01/25 188 27411 2118731 27459 0
315 2021/01/26 169 27580 2146359 27628 0
316 2021/01/27 156 27736 2174143 27784 0
317 2021/01/28 176 27912 2202103 27960 0
318 2021/01/29 161 28073 2230224 28121 0
319 2021/01/30 86 28159 2258431 28207 0
320 2021/01/31 83 28242 2286721 28290 0
321 2021/02/01 130 28372 2315141 28420 1
322 2021/02/02 105 28477 2343666 28525 0
323 2021/02/03 96 28573 2372287 28621 0
324 2021/02/04 122 28695 2401030 28743 0
325 2021/02/05 103 28798 2429876 28846 0
326 2021/02/06 50 28848 2458772 28896 0
327 2021/02/07 36 28884 2487704 28932 0
328 2021/02/08 110 28994 2516746 29042 0
329 2021/02/09 63 29057 2545851 29105 0
330 2021/02/10 76 29133 2575032 29181 0
331 2021/02/11 75 29208 2604288 29256 0
332 2021/02/12 52 29260 2633596 29308 0
333 2021/02/13 32 29292 2662936 29340 0
334 2021/02/14 36 29328 2692312 29376 0
335 2021/02/15 38 29366 2721726 29414 0
336 2021/02/16 55 29421 2751195 29469 0
337 2021/02/17 40 29461 2780704 29509 0
338 2021/02/18 55 29516 2810268 29564 0
339 2021/02/19 27 29543 2839859 29591 0
340 2021/02/20 31 29574 2869481 29622 0
341 2021/02/21 15 29589 2899118 29637 0
342 2021/02/22 57 29646 2928812 29694 0
343 2021/02/23 39 29685 2958545 29733 0
344 2021/02/24 40 29725 2988318 29773 0
345 2021/02/25 39 29764 3018130 29812 0
346 2021/02/26 32 29796 3047974 29844 0
347 2021/02/27 34 29830 3077852 29878 0
348 2021/02/28 28 29858 3107758 29906 0
349 2021/03/01 56 29914 3137720 29962 0
350 2021/03/02 43 29957 3167725 30005 0
351 2021/03/03 33 29990 3197763 30038 0
352 2021/03/04 36 30026 3227837 30074 0
353 2021/03/05 27 30053 3257938 30101 0
354 2021/03/06 17 30070 3288056 30118 0
355 2021/03/07 29 30099 3318203 30147 0
356 2021/03/08 36 30135 3348386 30183 0
357 2021/03/09 40 30175 3378609 30223 0
358 2021/03/10 36 30211 3408868 30259 0
359 2021/03/11 30 30241 3439157 30289 0
360 2021/03/12 27 30268 3469473 30316 0
361 2021/03/13 19 30287 3499808 30335 0
362 2021/03/14 17 30304 3530160 30352 0
363 2021/03/15 32 30336 3560544 30384 0
364 2021/03/16 29 30365 3590957 30413 0
365 2021/03/17 34 30399 3621404 30447 0
366 2021/03/18 26 30425 3651877 30473 0
367 2021/03/19 42 30467 3682392 30515 0
368 2021/03/20 30 30497 3712937 30545 1
369 2021/03/21 30 30527 3743512 30575 0
370 2021/03/22 40 30567 3774127 30615 0
371 2021/03/23 39 30606 3804781 30654 0
372 2021/03/24 41 30647 3835476 30695 0
373 2021/03/25 37 30684 3866208 30732 0
374 2021/03/26 60 30744 3897000 30792 0
375 2021/03/27 25 30769 3927817 30817 0
376 2021/03/28 28 30797 3958662 30845 0
377 2021/03/29 37 30834 3989544 30882 0
378 2021/03/30 39 30873 4020465 30921 0
379 2021/03/31 29 30902 4051415 30950 0
380 2021/04/01 46 30948 4082411 30996 0
381 2021/04/02 33 30981 4113440 31029 0
382 2021/04/03 28 31009 4144497 31057 0
383 2021/04/04 21 31030 4175575 31078 0
384 2021/04/05 47 31077 4206700 31125 0
385 2021/04/06 40 31117 4237865 31165 0
386 2021/04/07 47 31164 4269077 31212 0
387 2021/04/08 50 31214 4300339 31262 0
388 2021/04/09 49 31263 4331650 31311 0
389 2021/04/10 33 31296 4362994 31344 0
390 2021/04/11 34 31330 4394372 31378 0
391 2021/04/12 52 31382 4425802 31430 0
392 2021/04/13 41 31423 4457273 31471 0
393 2021/04/14 47 31470 4488791 31518 0
394 2021/04/15 51 31521 4520360 31569 0
395 2021/04/16 38 31559 4551967 31607 0
396 2021/04/17 39 31598 4583613 31646 0
397 2021/04/18 31 31629 4615290 31677 0
398 2021/04/19 51 31680 4647018 31728 0
399 2021/04/20 38 31718 4678784 31766 0
400 2021/04/21 55 31773 4710605 31821 0
401 2021/04/22 39 31812 4742465 31860 0
402 2021/04/23 46 31858 4774371 31906 0
403 2021/04/24 32 31890 4806309 31938 0
404 2021/04/25 23 31913 4838270 31961 0
405 2021/04/26 47 31960 4870278 32008 0
406 2021/04/27 45 32005 4902331 32053 0
407 2021/04/28 48 32053 4934432 32101 0
408 2021/04/29 32 32085 4966565 32133 0
409 2021/04/30 40 32125 4998738 32173 0
410 2021/05/01 32 32157 5030943 32205 0
411 2021/05/02 30 32187 5063178 32235 0
412 2021/05/03 39 32226 5095452 32274 0
413 2021/05/04 41 32267 5127767 32315 0
414 2021/05/05 41 32308 5160123 32356 0
415 2021/05/06 35 32343 5192514 32391 0
416 2021/05/07 26 32369 5224931 32417 0
417 2021/05/08 27 32396 5257375 32444 0
418 2021/05/09 25 32421 5289844 32469 0
419 2021/05/10 40 32461 5322353 32509 0
420 2021/05/11 20 32481 5354882 32529 0
421 2021/05/12 17 32498 5387428 32546 0
422 2021/05/13 24 32522 5419998 32570 0
423 2021/05/14 13 32535 5452581 32583 0
424 2021/05/15 20 32555 5485184 32603 0
425 2021/05/16 10 32565 5517797 32613 0
426 2021/05/17 34 32599 5550444 32647 0
427 2021/05/18 18 32617 5583109 32665 0
428 2021/05/19 25 32642 5615799 32690 0
429 2021/05/20 27 32669 5648516 32717 0
430 2021/05/21 15 32684 5681248 32732 0
431 2021/05/22 15 32699 5713995 32747 0
432 2021/05/23 13 32712 5746755 32760 0
433 2021/05/24 18 32730 5779533 32778 0
434 2021/05/25 23 32753 5812334 32801 0
435 2021/05/26 18 32771 5845153 32819 0
436 2021/05/27 36 32807 5878008 32855 0
437 2021/05/28 41 32848 5910904 32896 1
438 2021/05/29 14 32862 5943814 32910 0
439 2021/05/30 9 32871 5976733 32919 0
440 2021/05/31 11 32882 6009663 32930 0
441 2021/06/01 51 32933 6042644 32981 0
442 2021/06/02 24 32957 6075649 33005 0
443 2021/06/03 12 32969 6108666 33017 0
444 2021/06/04 13 32982 6141696 33030 0
445 2021/06/05 11 32993 6174737 33041 0
446 2021/06/06 15 33008 6207793 33056 0
447 2021/06/07 27 33035 6240876 33083 0
448 2021/06/08 22 33057 6273981 33105 0
449 2021/06/09 21 33078 6307107 33126 0
450 2021/06/10 16 33094 6340249 33142 0
451 2021/06/11 17 33111 6373408 33159 0
452 2021/06/12 20 33131 6406587 33179 0
453 2021/06/13 9 33140 6439775 33188 0
454 2021/06/14 22 33162 6472985 33210 0
455 2021/06/15 18 33180 6506213 33228 0
456 2021/06/16 19 33199 6539460 33247 0
457 2021/06/17 29 33228 6572736 33276 0
458 2021/06/18 20 33248 6606032 33296 0
459 2021/06/19 14 33262 6639342 33310 0
460 2021/06/20 10 33272 6672662 33320 0
461 2021/06/21 22 33294 6706004 33342 0
462 2021/06/22 23 33317 6739369 33365 0
463 2021/06/23 18 33335 6772752 33383 0
464 2021/06/24 43 33378 6806178 33426 0
465 2021/06/25 21 33399 6839625 33447 0
466 2021/06/26 19 33418 6873091 33466 0
467 2021/06/27 16 33434 6906573 33482 0
468 2021/06/28 27 33461 6940082 33509 0
469 2021/06/29 34 33495 6973625 33543 1
470 2021/06/30 32 33527 7007200 33575 0
471 2021/07/01 34 33561 7040809 33609 0
472 2021/07/02 35 33596 7074453 33644 1
473 2021/07/03 18 33614 7108115 33662 1
474 2021/07/04 32 33646 7141809 33694 1
475 2021/07/05 29 33675 7175532 33723 0
476 2021/07/06 52 33727 7209307 33775 0
477 2021/07/07 34 33761 7243116 33809 0
478 2021/07/08 39 33800 7276964 33848 0
479 2021/07/09 41 33841 7310853 33889 1
480 2021/07/10 24 33865 7344766 33913 1
481 2021/07/11 20 33885 7378699 33933 0
482 2021/07/12 45 33930 7412677 33978 0
483 2021/07/13 21 33951 7446676 33999 0
484 2021/07/14 5 33956 7480680 34004 0
485 2021/07/15 0 33956 7514684 34004 3
