dates I C D F E
1 2020/03/18 8 8 79 79 1
2 2020/03/19 9 17 167 88 1
3 2020/03/20 3 20 258 91 2
4 2020/03/21 8 28 357 99 1
5 2020/03/22 1 29 457 100 1
6 2020/03/23 5 34 562 105 1
7 2020/03/24 12 46 679 117 1
8 2020/03/25 7 53 803 124 1
9 2020/03/26 5 58 932 129 1
10 2020/03/27 5 63 1066 134 1
11 2020/03/28 8 71 1208 142 1
12 2020/03/29 2 73 1352 144 3
13 2020/03/30 2 75 1498 146 1
14 2020/03/31 3 78 1647 149 1
15 2020/04/01 5 83 1801 154 1
16 2020/04/02 4 87 1959 158 1
17 2020/04/03 4 91 2121 162 1
18 2020/04/04 0 91 2283 162 1
19 2020/04/05 3 94 2448 165 1
20 2020/04/06 2 96 2615 167 1
21 2020/04/07 1 97 2783 168 1
22 2020/04/08 3 100 2954 171 1
23 2020/04/09 5 105 3130 176 1
24 2020/04/10 4 109 3310 180 1
25 2020/04/11 1 110 3491 181 1
26 2020/04/12 2 112 3674 183 1
27 2020/04/13 3 115 3860 186 1
28 2020/04/14 7 122 4053 193 1
29 2020/04/15 4 126 4250 197 1
30 2020/04/16 2 128 4449 199 1
31 2020/04/17 5 133 4653 204 1
32 2020/04/18 3 136 4860 207 1
33 2020/04/19 4 140 5071 211 1
34 2020/04/20 6 146 5288 217 1
35 2020/04/21 8 154 5513 225 1
36 2020/04/22 10 164 5748 235 1
37 2020/04/23 3 167 5986 238 1
38 2020/04/24 12 179 6236 250 1
39 2020/04/25 4 183 6490 254 1
40 2020/04/26 4 187 6748 258 1
41 2020/04/27 11 198 7017 269 1
42 2020/04/28 9 207 7295 278 1
43 2020/04/29 3 210 7576 281 1
44 2020/04/30 8 218 7865 289 1
45 2020/05/01 9 227 8163 298 1
46 2020/05/02 3 230 8464 301 1
47 2020/05/03 3 233 8768 304 1
48 2020/05/04 9 242 9081 313 1
49 2020/05/05 14 256 9408 327 1
50 2020/05/06 3 259 9738 330 0
51 2020/05/07 16 275 10084 346 0
52 2020/05/08 12 287 10442 358 0
53 2020/05/09 5 292 10805 363 0
54 2020/05/10 4 296 11172 367 0
55 2020/05/11 10 306 11549 377 0
56 2020/05/12 10 316 11936 387 0
57 2020/05/13 23 339 12346 410 0
58 2020/05/14 10 349 12766 420 0
59 2020/05/15 17 366 13203 437 0
60 2020/05/16 8 374 13648 445 0
61 2020/05/17 13 387 14106 458 0
62 2020/05/18 21 408 14585 479 0
63 2020/05/19 18 426 15082 497 0
64 2020/05/20 11 437 15590 508 0
65 2020/05/21 9 446 16107 517 0
66 2020/05/22 18 464 16642 535 0
67 2020/05/23 4 468 17181 539 0
68 2020/05/24 14 482 17734 553 0
69 2020/05/25 11 493 18298 564 0
70 2020/05/26 12 505 18874 576 0
71 2020/05/27 8 513 19458 584 0
72 2020/05/28 14 527 20056 598 0
73 2020/05/29 22 549 20676 620 0
74 2020/05/30 11 560 21307 631 0
75 2020/05/31 10 570 21948 641 0
76 2020/06/01 20 590 22609 661 0
77 2020/06/02 16 606 23286 677 0
78 2020/06/03 11 617 23974 688 0
79 2020/06/04 11 628 24673 699 0
80 2020/06/05 19 647 25391 718 0
81 2020/06/06 21 668 26130 739 0
82 2020/06/07 12 680 26881 751 0
83 2020/06/08 31 711 27663 782 0
84 2020/06/09 16 727 28461 798 0
85 2020/06/10 23 750 29282 821 0
86 2020/06/11 18 768 30121 839 0
87 2020/06/12 23 791 30983 862 0
88 2020/06/13 19 810 31864 881 0
89 2020/06/14 15 825 32760 896 0
90 2020/06/15 28 853 33684 924 0
91 2020/06/16 29 882 34637 953 0
92 2020/06/17 32 914 35622 985 0
93 2020/06/18 26 940 36633 1011 0
94 2020/06/19 42 982 37686 1053 0
95 2020/06/20 27 1009 38766 1080 0
96 2020/06/21 36 1045 39882 1116 0
97 2020/06/22 50 1095 41048 1166 0
98 2020/06/23 45 1140 42259 1211 0
99 2020/06/24 53 1193 43523 1264 0
100 2020/06/25 49 1242 44836 1313 0
101 2020/06/26 47 1289 46196 1360 0
102 2020/06/27 32 1321 47588 1392 0
103 2020/06/28 31 1352 49011 1423 0
104 2020/06/29 54 1406 50488 1477 0
105 2020/06/30 72 1478 52037 1549 0
106 2020/07/01 65 1543 53651 1614 0
107 2020/07/02 96 1639 55361 1710 0
108 2020/07/03 58 1697 57129 1768 0
109 2020/07/04 48 1745 58945 1816 0
110 2020/07/05 26 1771 60787 1842 1
111 2020/07/06 81 1852 62710 1923 0
112 2020/07/07 64 1916 64697 1987 0
113 2020/07/08 72 1988 66756 2059 0
114 2020/07/09 74 2062 68889 2133 0
115 2020/07/10 86 2148 71108 2219 0
116 2020/07/11 47 2195 73374 2266 0
117 2020/07/12 37 2232 75677 2303 0
118 2020/07/13 95 2327 78075 2398 0
119 2020/07/14 111 2438 80584 2509 0
120 2020/07/15 92 2530 83185 2601 0
121 2020/07/16 96 2626 85882 2697 0
122 2020/07/17 91 2717 88670 2788 0
123 2020/07/18 48 2765 91506 2836 0
124 2020/07/19 51 2816 94393 2887 0
125 2020/07/20 100 2916 97380 2987 0
126 2020/07/21 107 3023 100474 3094 0
127 2020/07/22 57 3080 103625 3151 0
128 2020/07/23 78 3158 106854 3229 0
129 2020/07/24 76 3234 110159 3305 0
130 2020/07/25 53 3287 113517 3358 0
131 2020/07/26 39 3326 116914 3397 0
132 2020/07/27 89 3415 120400 3486 0
133 2020/07/28 91 3506 123977 3577 0
134 2020/07/29 73 3579 127627 3650 0
135 2020/07/30 77 3656 131354 3727 1
136 2020/07/31 72 3728 135153 3799 0
137 2020/08/01 58 3786 139010 3857 0
138 2020/08/02 46 3832 142913 3903 0
139 2020/08/03 84 3916 146900 3987 0
140 2020/08/04 99 4015 150986 4086 0
141 2020/08/05 67 4082 155139 4153 0
142 2020/08/06 82 4164 159374 4235 0
143 2020/08/07 64 4228 163673 4299 0
144 2020/08/08 64 4292 168036 4363 0
145 2020/08/09 32 4324 172431 4395 0
146 2020/08/10 136 4460 176962 4531 0
147 2020/08/11 170 4630 181663 4701 0
148 2020/08/12 94 4724 186458 4795 0
149 2020/08/13 74 4798 191327 4869 1
150 2020/08/14 74 4872 196270 4943 0
151 2020/08/15 59 4931 201272 5002 0
152 2020/08/16 55 4986 206329 5057 0
153 2020/08/17 104 5090 211490 5161 0
154 2020/08/18 89 5179 216740 5250 0
155 2020/08/19 69 5248 222059 5319 0
156 2020/08/20 79 5327 227457 5398 0
157 2020/08/21 72 5399 232927 5470 0
158 2020/08/22 70 5469 238467 5540 0
159 2020/08/23 45 5514 244052 5585 1
160 2020/08/24 88 5602 249725 5673 0
161 2020/08/25 102 5704 255500 5775 0
162 2020/08/26 85 5789 261360 5860 0
163 2020/08/27 74 5863 267294 5934 0
164 2020/08/28 112 5975 273340 6046 0
165 2020/08/29 35 6010 279421 6081 0
166 2020/08/30 34 6044 285536 6115 0
167 2020/08/31 58 6102 291709 6173 0
168 2020/09/01 75 6177 297957 6248 0
169 2020/09/02 90 6267 304295 6338 0
170 2020/09/03 62 6329 310695 6400 0
171 2020/09/04 62 6391 317157 6462 0
172 2020/09/05 65 6456 323684 6527 0
173 2020/09/06 33 6489 330244 6560 0
174 2020/09/07 29 6518 336833 6589 0
175 2020/09/08 67 6585 343489 6656 0
176 2020/09/09 69 6654 350214 6725 0
177 2020/09/10 67 6721 357006 6792 1
178 2020/09/11 49 6770 363847 6841 0
179 2020/09/12 45 6815 370733 6886 0
180 2020/09/13 23 6838 377642 6909 0
181 2020/09/14 65 6903 384616 6974 0
182 2020/09/15 63 6966 391653 7037 0
183 2020/09/16 39 7005 398729 7076 0
184 2020/09/17 61 7066 405866 7137 0
185 2020/09/18 64 7130 413067 7201 0
186 2020/09/19 47 7177 420315 7248 0
187 2020/09/20 34 7211 427597 7282 0
188 2020/09/21 104 7315 434983 7386 0
189 2020/09/22 76 7391 442445 7462 0
190 2020/09/23 79 7470 449986 7541 0
191 2020/09/24 76 7546 457603 7617 0
192 2020/09/25 81 7627 465301 7698 0
193 2020/09/26 40 7667 473039 7738 0
194 2020/09/27 25 7692 480802 7763 0
195 2020/09/28 81 7773 488646 7844 0
196 2020/09/29 76 7849 496566 7920 0
197 2020/09/30 72 7921 504558 7992 0
198 2020/10/01 88 8009 512638 8080 0
199 2020/10/02 67 8076 520785 8147 0
200 2020/10/03 57 8133 528989 8204 0
201 2020/10/04 43 8176 537236 8247 0
202 2020/10/05 88 8264 545571 8335 0
203 2020/10/06 92 8356 553998 8427 0
204 2020/10/07 92 8448 562517 8519 0
205 2020/10/08 77 8525 571113 8596 0
206 2020/10/09 66 8591 579775 8662 0
207 2020/10/10 53 8644 588490 8715 0
208 2020/10/11 20 8664 597225 8735 0
209 2020/10/12 57 8721 606017 8792 0
210 2020/10/13 71 8792 614880 8863 0
211 2020/10/14 83 8875 623826 8946 0
212 2020/10/15 54 8929 632826 9000 0
213 2020/10/16 92 9021 641918 9092 0
214 2020/10/17 56 9077 651066 9148 0
215 2020/10/18 43 9120 660257 9191 0
216 2020/10/19 76 9196 669524 9267 0
217 2020/10/20 87 9283 678878 9354 0
218 2020/10/21 63 9346 688295 9417 0
219 2020/10/22 80 9426 697792 9497 0
220 2020/10/23 66 9492 707355 9563 0
221 2020/10/24 56 9548 716974 9619 0
222 2020/10/25 34 9582 726627 9653 0
223 2020/10/26 94 9676 736374 9747 0
224 2020/10/27 79 9755 746200 9826 0
225 2020/10/28 67 9822 756093 9893 0
226 2020/10/29 91 9913 766077 9984 0
227 2020/10/30 64 9977 776125 10048 0
228 2020/10/31 74 10051 786247 10122 0
229 2020/11/01 53 10104 796422 10175 0
230 2020/11/02 92 10196 806689 10267 0
231 2020/11/03 84 10280 817040 10351 0
232 2020/11/04 102 10382 827493 10453 0
233 2020/11/05 94 10476 838040 10547 0
234 2020/11/06 112 10588 848699 10659 0
235 2020/11/07 50 10638 859408 10709 0
236 2020/11/08 46 10684 870163 10755 0
237 2020/11/09 107 10791 881025 10862 0
238 2020/11/10 108 10899 891995 10970 0
239 2020/11/11 87 10986 903052 11057 0
240 2020/11/12 74 11060 914183 11131 0
241 2020/11/13 102 11162 925416 11233 0
242 2020/11/14 60 11222 936709 11293 0
243 2020/11/15 53 11275 948055 11346 0
244 2020/11/16 120 11395 959521 11466 0
245 2020/11/17 92 11487 971079 11558 0
246 2020/11/18 134 11621 982771 11692 0
247 2020/11/19 107 11728 994570 11799 0
248 2020/11/20 170 11898 1006539 11969 0
249 2020/11/21 84 11982 1018592 12053 0
250 2020/11/22 75 12057 1030720 12128 0
251 2020/11/23 158 12215 1043006 12286 0
252 2020/11/24 173 12388 1055465 12459 0
253 2020/11/25 180 12568 1068104 12639 0
254 2020/11/26 62 12630 1080805 12701 0
255 2020/11/27 148 12778 1093654 12849 0
256 2020/11/28 132 12910 1106635 12981 0
257 2020/11/29 104 13014 1119720 13085 0
258 2020/11/30 253 13267 1133058 13338 0
259 2020/12/01 245 13512 1146641 13583 0
260 2020/12/02 205 13717 1160429 13788 0
261 2020/12/03 239 13956 1174456 14027 0
262 2020/12/04 244 14200 1188727 14271 0
263 2020/12/05 148 14348 1203146 14419 0
264 2020/12/06 95 14443 1217660 14514 0
265 2020/12/07 290 14733 1232464 14804 0
266 2020/12/08 286 15019 1247554 15090 0
267 2020/12/09 262 15281 1262906 15352 0
268 2020/12/10 254 15535 1278512 15606 0
269 2020/12/11 256 15791 1294374 15862 1
270 2020/12/12 166 15957 1310402 16028 0
271 2020/12/13 120 16077 1326550 16148 0
272 2020/12/14 315 16392 1343013 16463 0
273 2020/12/15 305 16697 1359781 16768 0
274 2020/12/16 220 16917 1376769 16988 0
275 2020/12/17 259 17176 1394016 17247 0
276 2020/12/18 270 17446 1411533 17517 0
277 2020/12/19 120 17566 1429170 17637 0
278 2020/12/20 105 17671 1446912 17742 0
279 2020/12/21 274 17945 1464928 18016 0
280 2020/12/22 272 18217 1483216 18288 0
281 2020/12/23 322 18539 1501826 18610 0
282 2020/12/24 202 18741 1520638 18812 0
283 2020/12/25 92 18833 1539542 18904 0
284 2020/12/26 172 19005 1558618 19076 0
285 2020/12/27 195 19200 1577889 19271 0
286 2020/12/28 280 19480 1597440 19551 0
287 2020/12/29 337 19817 1617328 19888 0
288 2020/12/30 334 20151 1637550 20222 0
289 2020/12/31 253 20404 1658025 20475 1
290 2021/01/01 111 20515 1678611 20586 0
291 2021/01/02 180 20695 1699377 20766 0
292 2021/01/03 148 20843 1720291 20914 1
293 2021/01/04 378 21221 1741583 21292 0
294 2021/01/05 336 21557 1763211 21628 0
295 2021/01/06 385 21942 1785224 22013 0
296 2021/01/07 337 22279 1807574 22350 0
297 2021/01/08 272 22551 1830196 22622 0
298 2021/01/09 134 22685 1852952 22756 0
299 2021/01/10 111 22796 1875819 22867 0
300 2021/01/11 269 23065 1898955 23136 0
301 2021/01/12 244 23309 1922335 23380 0
302 2021/01/13 301 23610 1946016 23681 0
303 2021/01/14 254 23864 1969951 23935 1
304 2021/01/15 255 24119 1994141 24190 0
305 2021/01/16 130 24249 2018461 24320 0
306 2021/01/17 84 24333 2042865 24404 0
307 2021/01/18 178 24511 2067447 24582 0
308 2021/01/19 277 24788 2092306 24859 0
309 2021/01/20 177 24965 2117342 25036 0
310 2021/01/21 148 25113 2142526 25184 0
311 2021/01/22 142 25255 2167852 25326 0
312 2021/01/23 78 25333 2193256 25404 0
313 2021/01/24 73 25406 2218733 25477 0
314 2021/01/25 193 25599 2244403 25670 0
315 2021/01/26 115 25714 2270188 25785 0
316 2021/01/27 120 25834 2296093 25905 0
317 2021/01/28 98 25932 2322096 26003 1
318 2021/01/29 92 26024 2348191 26095 0
319 2021/01/30 62 26086 2374348 26157 0
320 2021/01/31 49 26135 2400554 26206 0
321 2021/02/01 101 26236 2426861 26307 0
322 2021/02/02 91 26327 2453259 26398 0
323 2021/02/03 118 26445 2479775 26516 0
324 2021/02/04 82 26527 2506373 26598 0
325 2021/02/05 82 26609 2533053 26680 0
326 2021/02/06 68 26677 2559801 26748 0
327 2021/02/07 37 26714 2586586 26785 0
328 2021/02/08 108 26822 2613479 26893 0
329 2021/02/09 88 26910 2640460 26981 0
330 2021/02/10 91 27001 2667532 27072 0
331 2021/02/11 92 27093 2694696 27164 0
332 2021/02/12 83 27176 2721943 27247 0
333 2021/02/13 57 27233 2749247 27304 0
334 2021/02/14 46 27279 2776597 27350 0
335 2021/02/15 74 27353 2804021 27424 0
336 2021/02/16 87 27440 2831532 27511 0
337 2021/02/17 61 27501 2859104 27572 0
338 2021/02/18 74 27575 2886750 27646 0
339 2021/02/19 69 27644 2914465 27715 1
340 2021/02/20 48 27692 2942228 27763 1
341 2021/02/21 29 27721 2970020 27792 0
342 2021/02/22 68 27789 2997880 27860 0
343 2021/02/23 46 27835 3025786 27906 0
344 2021/02/24 40 27875 3053732 27946 0
345 2021/02/25 64 27939 3081742 28010 0
346 2021/02/26 54 27993 3109806 28064 0
347 2021/02/27 28 28021 3137898 28092 0
348 2021/02/28 43 28064 3166033 28135 1
349 2021/03/01 63 28127 3194231 28198 1
350 2021/03/02 47 28174 3222476 28245 0
351 2021/03/03 55 28229 3250776 28300 0
352 2021/03/04 39 28268 3279115 28339 0
353 2021/03/05 54 28322 3307508 28393 0
354 2021/03/06 28 28350 3335929 28421 0
355 2021/03/07 22 28372 3364372 28443 0
356 2021/03/08 51 28423 3392866 28494 0
357 2021/03/09 44 28467 3421404 28538 0
358 2021/03/10 50 28517 3449992 28588 0
359 2021/03/11 35 28552 3478615 28623 1
360 2021/03/12 31 28583 3507269 28654 0
361 2021/03/13 25 28608 3535948 28679 0
362 2021/03/14 21 28629 3564648 28700 1
363 2021/03/15 34 28663 3593382 28734 0
364 2021/03/16 18 28681 3622134 28752 0
365 2021/03/17 30 28711 3650916 28782 0
366 2021/03/18 23 28734 3679721 28805 0
367 2021/03/19 23 28757 3708549 28828 0
368 2021/03/20 20 28777 3737397 28848 0
369 2021/03/21 15 28792 3766260 28863 0
370 2021/03/22 30 28822 3795153 28893 0
371 2021/03/23 30 28852 3824076 28923 0
372 2021/03/24 35 28887 3853034 28958 0
373 2021/03/25 19 28906 3882011 28977 0
374 2021/03/26 34 28940 3911022 29011 0
375 2021/03/27 15 28955 3940048 29026 0
376 2021/03/28 15 28970 3969089 29041 0
377 2021/03/29 35 29005 3998165 29076 0
378 2021/03/30 24 29029 4027265 29100 0
379 2021/03/31 32 29061 4056397 29132 0
380 2021/04/01 26 29087 4085555 29158 0
381 2021/04/02 32 29119 4114745 29190 0
382 2021/04/03 21 29140 4143956 29211 0
383 2021/04/04 15 29155 4173182 29226 0
384 2021/04/05 32 29187 4202440 29258 0
385 2021/04/06 31 29218 4231729 29289 0
386 2021/04/07 25 29243 4261043 29314 1
387 2021/04/08 19 29262 4290376 29333 0
388 2021/04/09 19 29281 4319728 29352 0
389 2021/04/10 14 29295 4349094 29366 0
390 2021/04/11 15 29310 4378475 29381 0
391 2021/04/12 26 29336 4407882 29407 0
392 2021/04/13 29 29365 4437318 29436 0
393 2021/04/14 7 29372 4466761 29443 0
394 2021/04/15 8 29380 4496212 29451 0
395 2021/04/16 14 29394 4525677 29465 0
396 2021/04/17 11 29405 4555153 29476 0
397 2021/04/18 7 29412 4584636 29483 0
398 2021/04/19 16 29428 4614135 29499 0
399 2021/04/20 19 29447 4643653 29518 0
400 2021/04/21 9 29456 4673180 29527 0
401 2021/04/22 12 29468 4702719 29539 0
402 2021/04/23 13 29481 4732271 29552 0
403 2021/04/24 14 29495 4761837 29566 0
404 2021/04/25 3 29498 4791406 29569 0
405 2021/04/26 17 29515 4820992 29586 1
406 2021/04/27 23 29538 4850601 29609 0
407 2021/04/28 19 29557 4880229 29628 0
408 2021/04/29 13 29570 4909870 29641 0
409 2021/04/30 15 29585 4939526 29656 0
410 2021/05/01 10 29595 4969192 29666 0
411 2021/05/02 3 29598 4998861 29669 0
412 2021/05/03 23 29621 5028553 29692 0
413 2021/05/04 12 29633 5058257 29704 0
414 2021/05/05 18 29651 5087979 29722 0
415 2021/05/06 13 29664 5117714 29735 0
416 2021/05/07 8 29672 5147457 29743 0
417 2021/05/08 18 29690 5177218 29761 0
418 2021/05/09 11 29701 5206990 29772 0
419 2021/05/10 15 29716 5236777 29787 0
420 2021/05/11 14 29730 5266578 29801 0
421 2021/05/12 16 29746 5296395 29817 0
422 2021/05/13 12 29758 5326224 29829 0
423 2021/05/14 25 29783 5356078 29854 0
424 2021/05/15 19 29802 5385951 29873 0
425 2021/05/16 18 29820 5415842 29891 0
426 2021/05/17 19 29839 5445752 29910 0
427 2021/05/18 22 29861 5475684 29932 0
428 2021/05/19 21 29882 5505637 29953 0
429 2021/05/20 13 29895 5535603 29966 0
430 2021/05/21 17 29912 5565586 29983 0
431 2021/05/22 14 29926 5595583 29997 0
432 2021/05/23 14 29940 5625594 30011 0
433 2021/05/24 30 29970 5655635 30041 0
434 2021/05/25 15 29985 5685691 30056 0
435 2021/05/26 29 30014 5715776 30085 0
436 2021/05/27 26 30040 5745887 30111 0
437 2021/05/28 26 30066 5776024 30137 0
438 2021/05/29 18 30084 5806179 30155 0
439 2021/05/30 20 30104 5836354 30175 0
440 2021/05/31 16 30120 5866545 30191 0
441 2021/06/01 43 30163 5896779 30234 0
442 2021/06/02 39 30202 5927052 30273 0
443 2021/06/03 19 30221 5957344 30292 0
444 2021/06/04 22 30243 5987658 30314 0
445 2021/06/05 21 30264 6017993 30335 0
446 2021/06/06 26 30290 6048354 30361 0
447 2021/06/07 31 30321 6078746 30392 0
448 2021/06/08 36 30357 6109174 30428 0
449 2021/06/09 26 30383 6139628 30454 0
450 2021/06/10 20 30403 6170102 30474 0
451 2021/06/11 33 30436 6200609 30507 0
452 2021/06/12 17 30453 6231133 30524 0
453 2021/06/13 24 30477 6261681 30548 0
454 2021/06/14 33 30510 6292262 30581 0
455 2021/06/15 27 30537 6322870 30608 0
456 2021/06/16 35 30572 6353513 30643 0
457 2021/06/17 31 30603 6384187 30674 0
458 2021/06/18 27 30630 6414888 30701 1
459 2021/06/19 15 30645 6445604 30716 0
460 2021/06/20 24 30669 6476344 30740 0
461 2021/06/21 41 30710 6507125 30781 0
462 2021/06/22 24 30734 6537930 30805 0
463 2021/06/23 26 30760 6568761 30831 0
464 2021/06/24 49 30809 6599641 30880 0
465 2021/06/25 27 30836 6630548 30907 0
466 2021/06/26 17 30853 6661472 30924 0
467 2021/06/27 18 30871 6692414 30942 0
468 2021/06/28 31 30902 6723387 30973 0
469 2021/06/29 18 30920 6754378 30991 2
470 2021/06/30 1 30921 6785370 30992 1
471 2021/07/01 0 30921 6816362 30992 2
