dates I C D F E
1 2020/03/18 3 3 0 0 1
2 2020/03/19 4 7 0 0 1
3 2020/03/20 1 8 0 0 1
4 2020/03/21 6 14 0 0 1
5 2020/03/22 6 20 0 0 1
6 2020/03/23 7 27 0 0 1
7 2020/03/24 8 35 0 0 1
8 2020/03/25 9 44 0 0 1
9 2020/03/26 7 51 0 0 1
10 2020/03/27 2 53 0 0 1
11 2020/03/28 2 55 0 0 1
12 2020/03/29 5 60 0 0 2
13 2020/03/30 5 65 0 0 1
14 2020/03/31 7 72 0 0 1
15 2020/04/01 15 87 0 0 1
16 2020/04/02 11 98 0 0 1
17 2020/04/03 11 109 0 0 1
18 2020/04/04 6 115 0 0 1
19 2020/04/05 11 126 0 0 1
20 2020/04/06 15 141 0 0 1
21 2020/04/07 16 157 0 0 1
22 2020/04/08 17 174 0 0 1
23 2020/04/09 16 190 0 0 1
24 2020/04/10 12 202 1 1 1
25 2020/04/11 8 210 2 1 1
26 2020/04/12 7 217 2 0 2
27 2020/04/13 8 225 4 2 1
28 2020/04/14 6 231 4 0 1
29 2020/04/15 13 244 4 0 1
30 2020/04/16 7 251 4 0 1
31 2020/04/17 3 254 4 0 1
32 2020/04/18 2 256 4 0 1
33 2020/04/19 8 264 4 0 1
34 2020/04/20 8 272 4 0 1
35 2020/04/21 14 286 4 0 1
36 2020/04/22 19 305 5 1 1
37 2020/04/23 57 362 5 0 1
38 2020/04/24 4 366 5 0 1
39 2020/04/25 3 369 5 0 1
40 2020/04/26 8 377 6 1 1
41 2020/04/27 15 392 7 1 1
42 2020/04/28 16 408 10 3 1
43 2020/04/29 16 424 12 2 1
44 2020/04/30 13 437 13 1 1
45 2020/05/01 7 444 13 0 1
46 2020/05/02 5 449 15 2 1
47 2020/05/03 8 457 15 0 1
48 2020/05/04 28 485 15 0 1
49 2020/05/05 6 491 16 1 0
50 2020/05/06 11 502 19 3 0
51 2020/05/07 16 518 19 0 0
52 2020/05/08 9 527 20 1 0
53 2020/05/09 14 541 21 1 0
54 2020/05/10 8 549 22 1 0
55 2020/05/11 7 556 23 1 0
56 2020/05/12 10 566 24 1 0
57 2020/05/13 6 572 25 1 0
58 2020/05/14 9 581 25 0 0
59 2020/05/15 19 600 25 0 0
60 2020/05/16 7 607 25 0 0
61 2020/05/17 9 616 25 0 0
62 2020/05/18 11 627 26 1 0
63 2020/05/19 12 639 26 0 0
64 2020/05/20 14 653 28 2 0
65 2020/05/21 16 669 28 0 0
66 2020/05/22 11 680 28 0 0
67 2020/05/23 10 690 28 0 0
68 2020/05/24 8 698 28 0 0
69 2020/05/25 20 718 28 0 0
70 2020/05/26 30 748 29 1 0
71 2020/05/27 21 769 30 1 0
72 2020/05/28 24 793 30 0 0
73 2020/05/29 41 834 30 0 0
74 2020/05/30 30 864 31 1 0
75 2020/05/31 17 881 31 0 0
76 2020/06/01 54 935 31 0 0
77 2020/06/02 37 972 32 1 0
78 2020/06/03 59 1031 34 2 0
79 2020/06/04 40 1071 34 0 0
80 2020/06/05 76 1147 35 1 1
81 2020/06/06 33 1180 36 1 0
82 2020/06/07 34 1214 36 0 0
83 2020/06/08 80 1294 37 1 0
84 2020/06/09 81 1375 38 1 1
85 2020/06/10 103 1478 39 1 0
86 2020/06/11 90 1568 40 1 0
87 2020/06/12 93 1661 40 0 0
88 2020/06/13 58 1719 40 0 0
89 2020/06/14 56 1775 41 1 0
90 2020/06/15 147 1922 41 0 0
91 2020/06/16 116 2038 41 0 0
92 2020/06/17 154 2192 42 1 1
93 2020/06/18 122 2314 43 1 0
94 2020/06/19 133 2447 43 0 0
95 2020/06/20 111 2558 44 1 0
96 2020/06/21 109 2667 44 0 0
97 2020/06/22 188 2855 45 1 0
98 2020/06/23 189 3044 46 1 0
99 2020/06/24 176 3220 47 1 0
100 2020/06/25 179 3399 48 1 0
101 2020/06/26 211 3610 52 4 0
102 2020/06/27 113 3723 53 1 0
103 2020/06/28 99 3822 56 3 0
104 2020/06/29 207 4029 58 2 0
105 2020/06/30 205 4234 58 0 0
106 2020/07/01 298 4532 61 3 0
107 2020/07/02 279 4811 61 0 0
108 2020/07/03 171 4982 64 3 0
109 2020/07/04 126 5108 65 1 0
110 2020/07/05 159 5267 65 0 0
111 2020/07/06 332 5599 65 0 0
112 2020/07/07 402 6001 67 2 0
113 2020/07/08 341 6342 69 2 0
114 2020/07/09 300 6642 73 4 0
115 2020/07/10 318 6960 75 2 0
116 2020/07/11 170 7130 78 3 0
117 2020/07/12 141 7271 81 3 0
118 2020/07/13 303 7574 81 0 0
119 2020/07/14 306 7880 83 2 0
120 2020/07/15 375 8255 85 2 0
121 2020/07/16 298 8553 90 5 0
122 2020/07/17 282 8835 96 6 0
123 2020/07/18 176 9011 103 7 0
124 2020/07/19 137 9148 106 3 0
125 2020/07/20 295 9443 109 3 0
126 2020/07/21 286 9729 112 3 0
127 2020/07/22 262 9991 115 3 0
128 2020/07/23 173 10164 117 2 0
129 2020/07/24 243 10407 123 6 0
130 2020/07/25 174 10581 127 4 0
131 2020/07/26 102 10683 131 4 0
132 2020/07/27 263 10946 139 8 0
133 2020/07/28 231 11177 142 3 0
134 2020/07/29 222 11399 147 5 0
135 2020/07/30 221 11620 153 6 0
136 2020/07/31 213 11833 155 2 0
137 2020/08/01 108 11941 156 1 0
138 2020/08/02 117 12058 162 6 0
139 2020/08/03 217 12275 165 3 0
140 2020/08/04 209 12484 167 2 0
141 2020/08/05 169 12653 171 4 0
142 2020/08/06 159 12812 175 4 0
143 2020/08/07 149 12961 178 3 0
144 2020/08/08 121 13082 185 7 0
145 2020/08/09 75 13157 187 2 0
146 2020/08/10 209 13366 193 6 0
147 2020/08/11 182 13548 204 11 0
148 2020/08/12 104 13652 208 4 0
149 2020/08/13 139 13791 209 1 0
150 2020/08/14 131 13922 213 4 0
151 2020/08/15 80 14002 219 6 0
152 2020/08/16 64 14066 223 4 1
153 2020/08/17 157 14223 226 3 0
154 2020/08/18 127 14350 233 7 0
155 2020/08/19 98 14448 238 5 0
156 2020/08/20 103 14551 239 1 0
157 2020/08/21 96 14647 243 4 0
158 2020/08/22 68 14715 248 5 0
159 2020/08/23 48 14763 257 9 0
160 2020/08/24 137 14900 261 4 0
161 2020/08/25 102 15002 265 4 0
162 2020/08/26 109 15111 269 4 0
163 2020/08/27 78 15189 277 8 0
164 2020/08/28 83 15272 280 3 0
165 2020/08/29 42 15314 286 6 0
166 2020/08/30 49 15363 288 2 0
167 2020/08/31 71 15434 290 2 0
168 2020/09/01 74 15508 293 3 1
169 2020/09/02 72 15580 295 2 0
170 2020/09/03 70 15650 298 3 1
171 2020/09/04 53 15703 302 4 0
172 2020/09/05 36 15739 303 1 0
173 2020/09/06 48 15787 306 3 0
174 2020/09/07 43 15830 308 2 0
175 2020/09/08 64 15894 308 0 0
176 2020/09/09 62 15956 312 4 0
177 2020/09/10 37 15993 313 1 0
178 2020/09/11 54 16047 316 3 0
179 2020/09/12 33 16080 319 3 0
180 2020/09/13 34 16114 321 2 0
181 2020/09/14 66 16180 322 1 0
182 2020/09/15 48 16228 326 4 0
183 2020/09/16 49 16277 328 2 0
184 2020/09/17 49 16326 335 7 0
185 2020/09/18 29 16355 335 0 0
186 2020/09/19 28 16383 338 3 0
187 2020/09/20 41 16424 340 2 1
188 2020/09/21 31 16455 342 2 0
189 2020/09/22 36 16491 345 3 0
190 2020/09/23 23 16514 347 2 0
191 2020/09/24 30 16544 350 3 0
192 2020/09/25 36 16580 350 0 0
193 2020/09/26 19 16599 353 3 0
194 2020/09/27 27 16626 354 1 0
195 2020/09/28 50 16676 354 0 0
196 2020/09/29 39 16715 357 3 0
197 2020/09/30 31 16746 358 1 0
198 2020/10/01 47 16793 359 1 0
199 2020/10/02 33 16826 361 2 0
200 2020/10/03 41 16867 361 0 0
201 2020/10/04 34 16901 362 1 0
202 2020/10/05 50 16951 362 0 0
203 2020/10/06 36 16987 363 1 0
204 2020/10/07 45 17032 363 0 0
205 2020/10/08 32 17064 363 0 0
206 2020/10/09 46 17110 364 1 0
207 2020/10/10 24 17134 364 0 1
208 2020/10/11 35 17169 365 1 0
209 2020/10/12 63 17232 368 3 0
210 2020/10/13 51 17283 368 0 0
211 2020/10/14 44 17327 369 1 0
212 2020/10/15 45 17372 369 0 0
213 2020/10/16 39 17411 369 0 0
214 2020/10/17 33 17444 369 0 0
215 2020/10/18 39 17483 369 0 0
216 2020/10/19 56 17539 371 2 0
217 2020/10/20 51 17590 371 0 0
218 2020/10/21 53 17643 371 0 1
219 2020/10/22 49 17692 372 1 0
220 2020/10/23 57 17749 376 4 0
221 2020/10/24 38 17787 377 1 0
222 2020/10/25 41 17828 377 0 0
223 2020/10/26 59 17887 377 0 0
224 2020/10/27 50 17937 378 1 0
225 2020/10/28 68 18005 378 0 0
226 2020/10/29 65 18070 378 0 0
227 2020/10/30 52 18122 380 2 0
228 2020/10/31 46 18168 380 0 0
229 2020/11/01 61 18229 382 2 0
230 2020/11/02 101 18330 383 1 0
231 2020/11/03 95 18425 384 1 0
232 2020/11/04 120 18545 384 0 0
233 2020/11/05 121 18666 384 0 0
234 2020/11/06 115 18781 385 1 0
235 2020/11/07 88 18869 387 2 0
236 2020/11/08 107 18976 387 0 0
237 2020/11/09 173 19149 387 0 0
238 2020/11/10 150 19299 390 3 0
239 2020/11/11 132 19431 392 2 0
240 2020/11/12 140 19571 395 3 0
241 2020/11/13 163 19734 398 3 0
242 2020/11/14 123 19857 400 2 0
243 2020/11/15 141 19998 402 2 0
244 2020/11/16 271 20269 407 5 0
245 2020/11/17 238 20507 410 3 0
246 2020/11/18 221 20728 411 1 0
247 2020/11/19 244 20972 414 3 0
248 2020/11/20 244 21216 415 1 0
249 2020/11/21 154 21370 418 3 0
250 2020/11/22 144 21514 422 4 0
251 2020/11/23 325 21839 423 1 0
252 2020/11/24 293 22132 425 2 0
253 2020/11/25 243 22375 426 1 0
254 2020/11/26 128 22503 428 2 0
255 2020/11/27 227 22730 430 2 1
256 2020/11/28 226 22956 432 2 0
257 2020/11/29 232 23188 432 0 0
258 2020/11/30 494 23682 433 1 0
259 2020/12/01 453 24135 435 2 0
260 2020/12/02 455 24590 439 4 0
261 2020/12/03 501 25091 440 1 1
262 2020/12/04 404 25495 443 3 0
263 2020/12/05 265 25760 447 4 0
264 2020/12/06 303 26063 448 1 0
265 2020/12/07 553 26616 452 4 0
266 2020/12/08 551 27167 455 3 0
267 2020/12/09 483 27650 456 1 0
268 2020/12/10 496 28146 456 0 0
269 2020/12/11 470 28616 459 3 0
270 2020/12/12 265 28881 462 3 0
271 2020/12/13 299 29180 466 4 0
272 2020/12/14 554 29734 470 4 0
273 2020/12/15 527 30261 477 7 0
274 2020/12/16 510 30771 483 6 0
275 2020/12/17 507 31278 487 4 0
276 2020/12/18 423 31701 491 4 0
277 2020/12/19 263 31964 497 6 0
278 2020/12/20 326 32290 500 3 0
279 2020/12/21 522 32812 503 3 0
280 2020/12/22 460 33272 506 3 0
281 2020/12/23 376 33648 516 10 0
282 2020/12/24 329 33977 522 6 1
283 2020/12/25 191 34168 531 9 0
284 2020/12/26 277 34445 535 4 0
285 2020/12/27 270 34715 538 3 0
286 2020/12/28 579 35294 543 5 0
287 2020/12/29 550 35844 549 6 0
288 2020/12/30 521 36365 552 3 1
289 2020/12/31 506 36871 558 6 0
290 2021/01/01 281 37152 562 4 0
291 2021/01/02 288 37440 565 3 0
292 2021/01/03 307 37747 573 8 0
293 2021/01/04 693 38440 583 10 0
294 2021/01/05 560 39000 586 3 0
295 2021/01/06 552 39552 588 2 0
296 2021/01/07 616 40168 594 6 0
297 2021/01/08 447 40615 598 4 0
298 2021/01/09 298 40913 605 7 0
299 2021/01/10 289 41202 611 6 0
300 2021/01/11 579 41781 614 3 0
301 2021/01/12 487 42268 620 6 0
302 2021/01/13 449 42717 623 3 0
303 2021/01/14 404 43121 627 4 0
304 2021/01/15 304 43425 631 4 1
305 2021/01/16 234 43659 634 3 0
306 2021/01/17 185 43844 639 5 0
307 2021/01/18 330 44174 645 6 0
308 2021/01/19 371 44545 650 5 1
309 2021/01/20 355 44900 653 3 0
310 2021/01/21 301 45201 655 2 0
311 2021/01/22 318 45519 661 6 0
312 2021/01/23 151 45670 663 2 0
313 2021/01/24 159 45829 666 3 0
314 2021/01/25 319 46148 669 3 0
315 2021/01/26 242 46390 672 3 0
316 2021/01/27 184 46574 672 0 0
317 2021/01/28 191 46765 675 3 0
318 2021/01/29 225 46990 676 1 0
319 2021/01/30 152 47142 679 3 0
320 2021/01/31 137 47279 682 3 0
321 2021/02/01 288 47567 684 2 0
322 2021/02/02 261 47828 688 4 1
323 2021/02/03 217 48045 695 7 0
324 2021/02/04 174 48219 702 7 0
325 2021/02/05 160 48379 707 5 0
326 2021/02/06 140 48519 711 4 0
327 2021/02/07 95 48614 714 3 0
328 2021/02/08 190 48804 715 1 0
329 2021/02/09 154 48958 717 2 0
330 2021/02/10 160 49118 719 2 0
331 2021/02/11 116 49234 722 3 0
332 2021/02/12 142 49376 723 1 0
333 2021/02/13 83 49459 726 3 0
334 2021/02/14 69 49528 728 2 0
335 2021/02/15 106 49634 731 3 0
336 2021/02/16 126 49760 732 1 0
337 2021/02/17 116 49876 733 1 0
338 2021/02/18 109 49985 737 4 0
339 2021/02/19 97 50082 739 2 0
340 2021/02/20 63 50145 741 2 1
341 2021/02/21 55 50200 743 2 1
342 2021/02/22 125 50325 743 0 1
343 2021/02/23 104 50429 745 2 0
344 2021/02/24 76 50505 746 1 0
345 2021/02/25 68 50573 747 1 0
346 2021/02/26 89 50662 747 0 1
347 2021/02/27 55 50717 749 2 1
348 2021/02/28 54 50771 749 0 1
349 2021/03/01 90 50861 751 2 1
350 2021/03/02 74 50935 753 2 0
351 2021/03/03 87 51022 754 1 0
352 2021/03/04 77 51099 756 2 0
353 2021/03/05 89 51188 758 2 1
354 2021/03/06 52 51240 759 1 1
355 2021/03/07 69 51309 759 0 1
356 2021/03/08 132 51441 761 2 1
357 2021/03/09 80 51521 763 2 0
358 2021/03/10 94 51615 766 3 0
359 2021/03/11 89 51704 768 2 0
360 2021/03/12 86 51790 768 0 1
361 2021/03/13 59 51849 768 0 1
362 2021/03/14 50 51899 768 0 1
363 2021/03/15 119 52018 770 2 1
364 2021/03/16 76 52094 772 2 0
365 2021/03/17 80 52174 775 3 1
366 2021/03/18 73 52247 777 2 0
367 2021/03/19 73 52320 777 0 1
368 2021/03/20 58 52378 778 1 1
369 2021/03/21 56 52434 780 2 0
370 2021/03/22 90 52524 781 1 0
371 2021/03/23 84 52608 782 1 0
372 2021/03/24 99 52707 785 3 0
373 2021/03/25 76 52783 787 2 0
374 2021/03/26 67 52850 788 1 0
375 2021/03/27 68 52918 789 1 0
376 2021/03/28 63 52981 789 0 0
377 2021/03/29 84 53065 790 1 1
378 2021/03/30 84 53149 790 0 0
379 2021/03/31 78 53227 792 2 0
380 2021/04/01 67 53294 794 2 0
381 2021/04/02 62 53356 794 0 0
382 2021/04/03 44 53400 795 1 1
383 2021/04/04 35 53435 796 1 0
384 2021/04/05 93 53528 797 1 0
385 2021/04/06 80 53608 797 0 0
386 2021/04/07 58 53666 797 0 0
387 2021/04/08 68 53734 798 1 0
388 2021/04/09 79 53813 798 0 1
389 2021/04/10 54 53867 798 0 0
390 2021/04/11 34 53901 799 1 0
391 2021/04/12 82 53983 799 0 0
392 2021/04/13 65 54048 799 0 0
393 2021/04/14 73 54121 799 0 0
394 2021/04/15 72 54193 799 0 0
395 2021/04/16 52 54245 799 0 0
396 2021/04/17 48 54293 799 0 0
397 2021/04/18 36 54329 799 0 0
398 2021/04/19 79 54408 799 0 0
399 2021/04/20 75 54483 799 0 0
400 2021/04/21 62 54545 799 0 0
401 2021/04/22 59 54604 799 0 0
402 2021/04/23 69 54673 799 0 0
403 2021/04/24 57 54730 799 0 0
404 2021/04/25 42 54772 799 0 0
405 2021/04/26 70 54842 799 0 0
406 2021/04/27 76 54918 799 0 0
407 2021/04/28 57 54975 799 0 0
408 2021/04/29 58 55033 799 0 0
409 2021/04/30 74 55107 799 0 0
410 2021/05/01 33 55140 799 0 0
411 2021/05/02 27 55167 799 0 0
412 2021/05/03 60 55227 799 0 0
413 2021/05/04 35 55262 799 0 0
414 2021/05/05 9 55271 799 0 0
415 2021/05/06 0 55271 799 0 2
