dates I C D F E
1 2020/03/18 0 0 12 12 2
2 2020/03/19 2 2 26 14 2
3 2020/03/20 0 2 40 14 2
4 2020/03/21 0 2 54 14 2
5 2020/03/22 1 3 69 15 2
6 2020/03/23 1 4 85 16 2
7 2020/03/24 0 4 101 16 2
8 2020/03/25 0 4 117 16 2
9 2020/03/26 3 7 136 19 2
10 2020/03/27 4 11 159 23 2
11 2020/03/28 1 12 183 24 2
12 2020/03/29 0 12 207 24 2
13 2020/03/30 3 15 234 27 2
14 2020/03/31 1 16 262 28 2
15 2020/04/01 0 16 290 28 2
16 2020/04/02 0 16 318 28 2
17 2020/04/03 1 17 347 29 2
18 2020/04/04 0 17 376 29 2
19 2020/04/05 0 17 405 29 2
20 2020/04/06 0 17 434 29 2
21 2020/04/07 0 17 463 29 2
22 2020/04/08 0 17 492 29 2
23 2020/04/09 1 18 522 30 2
24 2020/04/10 0 18 552 30 2
25 2020/04/11 0 18 582 30 2
26 2020/04/12 0 18 612 30 2
27 2020/04/13 1 19 643 31 2
28 2020/04/14 0 19 674 31 2
29 2020/04/15 1 20 706 32 2
30 2020/04/16 0 20 738 32 2
31 2020/04/17 1 21 771 33 3
32 2020/04/18 0 21 804 33 2
33 2020/04/19 0 21 837 33 2
34 2020/04/20 1 22 871 34 2
35 2020/04/21 1 23 906 35 2
36 2020/04/22 0 23 941 35 2
37 2020/04/23 0 23 976 35 2
38 2020/04/24 0 23 1011 35 2
39 2020/04/25 1 24 1047 36 2
40 2020/04/26 0 24 1083 36 2
41 2020/04/27 0 24 1119 36 2
42 2020/04/28 1 25 1156 37 3
43 2020/04/29 0 25 1193 37 2
44 2020/04/30 0 25 1230 37 2
45 2020/05/01 0 25 1267 37 2
46 2020/05/02 0 25 1304 37 2
47 2020/05/03 0 25 1341 37 2
48 2020/05/04 1 26 1379 38 2
49 2020/05/05 3 29 1420 41 0
50 2020/05/06 0 29 1461 41 0
51 2020/05/07 0 29 1502 41 0
52 2020/05/08 0 29 1543 41 0
53 2020/05/09 0 29 1584 41 0
54 2020/05/10 0 29 1625 41 0
55 2020/05/11 3 32 1669 44 0
56 2020/05/12 1 33 1714 45 0
57 2020/05/13 0 33 1759 45 0
58 2020/05/14 0 33 1804 45 0
59 2020/05/15 0 33 1849 45 0
60 2020/05/16 1 34 1895 46 0
61 2020/05/17 0 34 1941 46 0
62 2020/05/18 1 35 1988 47 0
63 2020/05/19 0 35 2035 47 0
64 2020/05/20 0 35 2082 47 0
65 2020/05/21 0 35 2129 47 0
66 2020/05/22 1 36 2177 48 0
67 2020/05/23 0 36 2225 48 0
68 2020/05/24 1 37 2274 49 0
69 2020/05/25 0 37 2323 49 0
70 2020/05/26 0 37 2372 49 0
71 2020/05/27 1 38 2422 50 0
72 2020/05/28 1 39 2473 51 0
73 2020/05/29 0 39 2524 51 0
74 2020/05/30 2 41 2577 53 0
75 2020/05/31 1 42 2631 54 0
76 2020/06/01 2 44 2687 56 0
77 2020/06/02 5 49 2748 61 0
78 2020/06/03 3 52 2812 64 0
79 2020/06/04 8 60 2884 72 0
80 2020/06/05 5 65 2961 77 0
81 2020/06/06 0 65 3038 77 0
82 2020/06/07 0 65 3115 77 0
83 2020/06/08 8 73 3200 85 0
84 2020/06/09 7 80 3292 92 0
85 2020/06/10 3 83 3387 95 0
86 2020/06/11 1 84 3483 96 0
87 2020/06/12 3 87 3582 99 0
88 2020/06/13 1 88 3682 100 0
89 2020/06/14 1 89 3783 101 0
90 2020/06/15 5 94 3889 106 0
91 2020/06/16 10 104 4005 116 0
92 2020/06/17 7 111 4128 123 0
93 2020/06/18 6 117 4257 129 0
94 2020/06/19 4 121 4390 133 0
95 2020/06/20 1 122 4524 134 0
96 2020/06/21 2 124 4660 136 0
97 2020/06/22 8 132 4804 144 0
98 2020/06/23 9 141 4957 153 0
99 2020/06/24 10 151 5120 163 0
100 2020/06/25 13 164 5296 176 0
101 2020/06/26 12 176 5484 188 0
102 2020/06/27 7 183 5679 195 0
103 2020/06/28 7 190 5881 202 0
104 2020/06/29 25 215 6108 227 0
105 2020/06/30 22 237 6357 249 0
106 2020/07/01 23 260 6629 272 0
107 2020/07/02 13 273 6914 285 0
108 2020/07/03 12 285 7211 297 0
109 2020/07/04 10 295 7518 307 0
110 2020/07/05 19 314 7844 326 0
111 2020/07/06 28 342 8198 354 0
112 2020/07/07 27 369 8579 381 0
113 2020/07/08 26 395 8986 407 0
114 2020/07/09 25 420 9418 432 0
115 2020/07/10 17 437 9867 449 0
116 2020/07/11 7 444 10323 456 0
117 2020/07/12 16 460 10795 472 0
118 2020/07/13 18 478 11285 490 0
119 2020/07/14 38 516 11813 528 0
120 2020/07/15 19 535 12360 547 0
121 2020/07/16 26 561 12933 573 0
122 2020/07/17 16 577 13522 589 0
123 2020/07/18 13 590 14124 602 0
124 2020/07/19 7 597 14733 609 0
125 2020/07/20 31 628 15373 640 0
126 2020/07/21 33 661 16046 673 0
127 2020/07/22 16 677 16735 689 0
128 2020/07/23 24 701 17448 713 0
129 2020/07/24 33 734 18194 746 0
130 2020/07/25 11 745 18951 757 0
131 2020/07/26 19 764 19727 776 0
132 2020/07/27 14 778 20517 790 0
133 2020/07/28 26 804 21333 816 0
134 2020/07/29 37 841 22186 853 0
135 2020/07/30 28 869 23067 881 0
136 2020/07/31 19 888 23967 900 0
137 2020/08/01 5 893 24872 905 0
138 2020/08/02 4 897 25781 909 0
139 2020/08/03 35 932 26725 944 1
140 2020/08/04 23 955 27692 967 0
141 2020/08/05 14 969 28673 981 0
142 2020/08/06 11 980 29665 992 0
143 2020/08/07 31 1011 30688 1023 0
144 2020/08/08 4 1015 31715 1027 0
145 2020/08/09 10 1025 32752 1037 0
146 2020/08/10 34 1059 33823 1071 0
147 2020/08/11 25 1084 34919 1096 0
148 2020/08/12 22 1106 36037 1118 0
149 2020/08/13 24 1130 37179 1142 0
150 2020/08/14 21 1151 38342 1163 0
151 2020/08/15 8 1159 39513 1171 0
152 2020/08/16 11 1170 40695 1182 0
153 2020/08/17 18 1188 41895 1200 0
154 2020/08/18 16 1204 43111 1216 0
155 2020/08/19 20 1224 44347 1236 0
156 2020/08/20 34 1258 45617 1270 0
157 2020/08/21 23 1281 46910 1293 0
158 2020/08/22 13 1294 48216 1306 0
159 2020/08/23 7 1301 49529 1313 0
160 2020/08/24 23 1324 50865 1336 0
161 2020/08/25 19 1343 52220 1355 0
162 2020/08/26 17 1360 53592 1372 0
163 2020/08/27 18 1378 54982 1390 0
164 2020/08/28 18 1396 56390 1408 0
165 2020/08/29 9 1405 57807 1417 0
166 2020/08/30 5 1410 59229 1422 0
167 2020/08/31 22 1432 60673 1444 0
168 2020/09/01 15 1447 62132 1459 0
169 2020/09/02 11 1458 63602 1470 0
170 2020/09/03 15 1473 65087 1485 0
171 2020/09/04 11 1484 66583 1496 0
172 2020/09/05 16 1500 68095 1512 0
173 2020/09/06 7 1507 69614 1519 0
174 2020/09/07 13 1520 71146 1532 0
175 2020/09/08 17 1537 72695 1549 0
176 2020/09/09 14 1551 74258 1563 0
177 2020/09/10 8 1559 75829 1571 0
178 2020/09/11 12 1571 77412 1583 0
179 2020/09/12 10 1581 79005 1593 1
180 2020/09/13 6 1587 80604 1599 0
181 2020/09/14 12 1599 82215 1611 0
182 2020/09/15 11 1610 83837 1622 0
183 2020/09/16 12 1622 85471 1634 0
184 2020/09/17 13 1635 87118 1647 0
185 2020/09/18 5 1640 88770 1652 0
186 2020/09/19 8 1648 90430 1660 0
187 2020/09/20 1 1649 92091 1661 0
188 2020/09/21 6 1655 93758 1667 0
189 2020/09/22 7 1662 95432 1674 0
190 2020/09/23 6 1668 97112 1680 0
191 2020/09/24 4 1672 98796 1684 0
192 2020/09/25 3 1675 100483 1687 0
193 2020/09/26 3 1678 102173 1690 0
194 2020/09/27 5 1683 103868 1695 0
195 2020/09/28 7 1690 105570 1702 0
196 2020/09/29 7 1697 107279 1709 0
197 2020/09/30 6 1703 108994 1715 0
198 2020/10/01 16 1719 110725 1731 0
199 2020/10/02 5 1724 112461 1736 0
200 2020/10/03 1 1725 114198 1737 0
201 2020/10/04 4 1729 115939 1741 0
202 2020/10/05 5 1734 117685 1746 0
203 2020/10/06 8 1742 119439 1754 0
204 2020/10/07 2 1744 121195 1756 0
205 2020/10/08 4 1748 122955 1760 0
206 2020/10/09 0 1748 124715 1760 0
207 2020/10/10 4 1752 126479 1764 0
208 2020/10/11 3 1755 128246 1767 0
209 2020/10/12 3 1758 130016 1770 1
210 2020/10/13 8 1766 131794 1778 0
211 2020/10/14 9 1775 133581 1787 1
212 2020/10/15 9 1784 135377 1796 0
213 2020/10/16 3 1787 137176 1799 0
214 2020/10/17 8 1795 138983 1807 0
215 2020/10/18 2 1797 140792 1809 0
216 2020/10/19 9 1806 142610 1818 0
217 2020/10/20 5 1811 144433 1823 0
218 2020/10/21 9 1820 146265 1832 0
219 2020/10/22 15 1835 148112 1847 0
220 2020/10/23 14 1849 149973 1861 0
221 2020/10/24 7 1856 151841 1868 0
222 2020/10/25 9 1865 153718 1877 0
223 2020/10/26 18 1883 155613 1895 0
224 2020/10/27 7 1890 157515 1902 0
225 2020/10/28 13 1903 159430 1915 0
226 2020/10/29 9 1912 161354 1924 0
227 2020/10/30 8 1920 163286 1932 0
228 2020/10/31 13 1933 165231 1945 0
229 2020/11/01 9 1942 167185 1954 0
230 2020/11/02 26 1968 169165 1980 0
231 2020/11/03 24 1992 171169 2004 0
232 2020/11/04 33 2025 173206 2037 0
233 2020/11/05 34 2059 175277 2071 0
234 2020/11/06 32 2091 177380 2103 0
235 2020/11/07 27 2118 179510 2130 0
236 2020/11/08 40 2158 181680 2170 0
237 2020/11/09 57 2215 183907 2227 0
238 2020/11/10 67 2282 186201 2294 0
239 2020/11/11 95 2377 188590 2389 0
240 2020/11/12 47 2424 191026 2436 0
241 2020/11/13 83 2507 193545 2519 0
242 2020/11/14 46 2553 196110 2565 0
243 2020/11/15 43 2596 198718 2608 0
244 2020/11/16 89 2685 201415 2697 0
245 2020/11/17 106 2791 204218 2803 0
246 2020/11/18 83 2874 207104 2886 0
247 2020/11/19 116 2990 210106 3002 0
248 2020/11/20 97 3087 213205 3099 0
249 2020/11/21 49 3136 216353 3148 0
250 2020/11/22 60 3196 219561 3208 0
251 2020/11/23 117 3313 222886 3325 0
252 2020/11/24 138 3451 226349 3463 0
253 2020/11/25 107 3558 229919 3570 0
254 2020/11/26 44 3602 233533 3614 0
255 2020/11/27 94 3696 237241 3708 0
256 2020/11/28 66 3762 241015 3774 0
257 2020/11/29 84 3846 244873 3858 0
258 2020/11/30 117 3963 248848 3975 0
259 2020/12/01 155 4118 252978 4130 0
260 2020/12/02 141 4259 257249 4271 0
261 2020/12/03 155 4414 261675 4426 0
262 2020/12/04 83 4497 266184 4509 0
263 2020/12/05 73 4570 270766 4582 0
264 2020/12/06 70 4640 275418 4652 0
265 2020/12/07 114 4754 280184 4766 0
266 2020/12/08 133 4887 285083 4899 0
267 2020/12/09 97 4984 290079 4996 0
268 2020/12/10 110 5094 295185 5106 0
269 2020/12/11 132 5226 300423 5238 0
270 2020/12/12 64 5290 305725 5302 0
271 2020/12/13 61 5351 311088 5363 0
272 2020/12/14 130 5481 316581 5493 0
273 2020/12/15 108 5589 322182 5601 0
274 2020/12/16 98 5687 327881 5699 0
275 2020/12/17 80 5767 333660 5779 0
276 2020/12/18 97 5864 339536 5876 0
277 2020/12/19 84 5948 345496 5960 0
278 2020/12/20 58 6006 351514 6018 0
279 2020/12/21 86 6092 357618 6104 0
280 2020/12/22 94 6186 363816 6198 0
281 2020/12/23 61 6247 370075 6259 0
282 2020/12/24 65 6312 376399 6324 0
283 2020/12/25 39 6351 382762 6363 0
284 2020/12/26 59 6410 389184 6422 0
285 2020/12/27 59 6469 395665 6481 0
286 2020/12/28 81 6550 402227 6562 0
287 2020/12/29 83 6633 408872 6645 0
288 2020/12/30 68 6701 415585 6713 0
289 2020/12/31 60 6761 422358 6773 0
290 2021/01/01 31 6792 429162 6804 0
291 2021/01/02 56 6848 436022 6860 0
292 2021/01/03 54 6902 442936 6914 0
293 2021/01/04 100 7002 449950 7014 0
294 2021/01/05 98 7100 457062 7112 0
295 2021/01/06 99 7199 464273 7211 0
296 2021/01/07 82 7281 471566 7293 0
297 2021/01/08 59 7340 478918 7352 0
298 2021/01/09 46 7386 486316 7398 0
299 2021/01/10 35 7421 493749 7433 0
300 2021/01/11 57 7478 501239 7490 0
301 2021/01/12 54 7532 508783 7544 0
302 2021/01/13 63 7595 516390 7607 0
303 2021/01/14 48 7643 524045 7655 0
304 2021/01/15 54 7697 531754 7709 0
305 2021/01/16 47 7744 539510 7756 0
306 2021/01/17 31 7775 547297 7787 0
307 2021/01/18 64 7839 555148 7851 0
308 2021/01/19 67 7906 563066 7918 0
309 2021/01/20 45 7951 571029 7963 0
310 2021/01/21 46 7997 579038 8009 0
311 2021/01/22 38 8035 587085 8047 0
312 2021/01/23 27 8062 595159 8074 0
313 2021/01/24 18 8080 603251 8092 0
314 2021/01/25 73 8153 611416 8165 0
315 2021/01/26 44 8197 619625 8209 0
316 2021/01/27 42 8239 627876 8251 0
317 2021/01/28 44 8283 636171 8295 0
318 2021/01/29 47 8330 644513 8342 0
319 2021/01/30 21 8351 652876 8363 0
320 2021/01/31 16 8367 661255 8379 0
321 2021/02/01 43 8410 669677 8422 0
322 2021/02/02 44 8454 678143 8466 0
323 2021/02/03 22 8476 686631 8488 0
324 2021/02/04 28 8504 695147 8516 0
325 2021/02/05 20 8524 703683 8536 0
326 2021/02/06 19 8543 712238 8555 0
327 2021/02/07 8 8551 720801 8563 0
328 2021/02/08 28 8579 729392 8591 0
329 2021/02/09 20 8599 738003 8611 0
330 2021/02/10 14 8613 746628 8625 0
331 2021/02/11 18 8631 755271 8643 0
332 2021/02/12 14 8645 763928 8657 0
333 2021/02/13 15 8660 772600 8672 0
334 2021/02/14 12 8672 781284 8684 0
335 2021/02/15 23 8695 789991 8707 0
336 2021/02/16 15 8710 798713 8722 0
337 2021/02/17 23 8733 807458 8745 0
338 2021/02/18 10 8743 816213 8755 1
339 2021/02/19 8 8751 824976 8763 0
340 2021/02/20 10 8761 833749 8773 0
341 2021/02/21 6 8767 842528 8779 0
342 2021/02/22 18 8785 851325 8797 0
343 2021/02/23 8 8793 860130 8805 0
344 2021/02/24 14 8807 868949 8819 0
345 2021/02/25 10 8817 877778 8829 0
346 2021/02/26 14 8831 886621 8843 0
347 2021/02/27 9 8840 895473 8852 0
348 2021/02/28 5 8845 904330 8857 0
349 2021/03/01 15 8860 913202 8872 0
350 2021/03/02 11 8871 922085 8883 0
351 2021/03/03 10 8881 930978 8893 0
352 2021/03/04 9 8890 939880 8902 0
353 2021/03/05 12 8902 948794 8914 0
354 2021/03/06 7 8909 957715 8921 0
355 2021/03/07 7 8916 966643 8928 0
356 2021/03/08 9 8925 975580 8937 0
357 2021/03/09 2 8927 984519 8939 0
358 2021/03/10 10 8937 993468 8949 0
359 2021/03/11 12 8949 1002429 8961 0
360 2021/03/12 4 8953 1011394 8965 0
361 2021/03/13 3 8956 1020362 8968 0
362 2021/03/14 5 8961 1029335 8973 0
363 2021/03/15 11 8972 1038319 8984 0
364 2021/03/16 5 8977 1047308 8989 0
365 2021/03/17 10 8987 1056307 8999 0
366 2021/03/18 0 8987 1065306 8999 2
