dates I C D F E
1 2020/03/18 0 0 0 0 1
2 2020/03/19 0 0 0 0 1
3 2020/03/20 0 0 0 0 1
4 2020/03/21 0 0 0 0 1
5 2020/03/22 0 0 0 0 1
6 2020/03/23 1 1 1 1 1
7 2020/03/24 0 1 2 1 1
8 2020/03/25 0 1 3 1 1
9 2020/03/26 0 1 4 1 1
10 2020/03/27 0 1 5 1 1
11 2020/03/28 0 1 6 1 1
12 2020/03/29 0 1 7 1 1
13 2020/03/30 0 1 8 1 1
14 2020/03/31 0 1 9 1 1
15 2020/04/01 0 1 10 1 1
16 2020/04/02 0 1 11 1 1
17 2020/04/03 0 1 12 1 1
18 2020/04/04 0 1 13 1 1
19 2020/04/05 0 1 14 1 1
20 2020/04/06 0 1 15 1 1
21 2020/04/07 0 1 16 1 1
22 2020/04/08 0 1 17 1 1
23 2020/04/09 0 1 18 1 1
24 2020/04/10 0 1 19 1 1
25 2020/04/11 0 1 20 1 1
26 2020/04/12 0 1 21 1 1
27 2020/04/13 0 1 22 1 1
28 2020/04/14 0 1 23 1 1
29 2020/04/15 0 1 24 1 1
30 2020/04/16 0 1 25 1 1
31 2020/04/17 0 1 26 1 1
32 2020/04/18 0 1 27 1 1
33 2020/04/19 0 1 28 1 1
34 2020/04/20 0 1 29 1 1
35 2020/04/21 0 1 30 1 1
36 2020/04/22 0 1 31 1 1
37 2020/04/23 0 1 32 1 1
38 2020/04/24 0 1 33 1 1
39 2020/04/25 0 1 34 1 1
40 2020/04/26 0 1 35 1 1
41 2020/04/27 0 1 36 1 1
42 2020/04/28 0 1 37 1 1
43 2020/04/29 0 1 38 1 1
44 2020/04/30 0 1 39 1 1
45 2020/05/01 1 2 41 2 1
46 2020/05/02 0 2 43 2 1
47 2020/05/03 0 2 45 2 1
48 2020/05/04 0 2 47 2 1
49 2020/05/05 0 2 49 2 0
50 2020/05/06 0 2 51 2 0
51 2020/05/07 0 2 53 2 0
52 2020/05/08 0 2 55 2 0
53 2020/05/09 0 2 57 2 0
54 2020/05/10 1 3 60 3 0
55 2020/05/11 0 3 63 3 0
56 2020/05/12 0 3 66 3 0
57 2020/05/13 0 3 69 3 0
58 2020/05/14 0 3 72 3 0
59 2020/05/15 0 3 75 3 0
60 2020/05/16 0 3 78 3 0
61 2020/05/17 0 3 81 3 0
62 2020/05/18 1 4 85 4 0
63 2020/05/19 0 4 89 4 0
64 2020/05/20 0 4 93 4 0
65 2020/05/21 0 4 97 4 0
66 2020/05/22 1 5 102 5 0
67 2020/05/23 0 5 107 5 0
68 2020/05/24 0 5 112 5 0
69 2020/05/25 2 7 119 7 0
70 2020/05/26 1 8 127 8 0
71 2020/05/27 1 9 136 9 0
72 2020/05/28 0 9 145 9 0
73 2020/05/29 0 9 154 9 0
74 2020/05/30 1 10 164 10 0
75 2020/05/31 0 10 174 10 0
76 2020/06/01 1 11 185 11 0
77 2020/06/02 3 14 199 14 0
78 2020/06/03 0 14 213 14 0
79 2020/06/04 0 14 227 14 0
80 2020/06/05 1 15 242 15 0
81 2020/06/06 0 15 257 15 0
82 2020/06/07 1 16 273 16 0
83 2020/06/08 3 19 292 19 0
84 2020/06/09 6 25 317 25 0
85 2020/06/10 0 25 342 25 0
86 2020/06/11 3 28 370 28 0
87 2020/06/12 5 33 403 33 0
88 2020/06/13 1 34 437 34 0
89 2020/06/14 1 35 472 35 0
90 2020/06/15 3 38 510 38 0
91 2020/06/16 0 38 548 38 0
92 2020/06/17 4 42 590 42 0
93 2020/06/18 15 57 647 57 0
94 2020/06/19 5 62 709 62 0
95 2020/06/20 1 63 772 63 0
96 2020/06/21 2 65 837 65 0
97 2020/06/22 11 76 913 76 0
98 2020/06/23 4 80 993 80 0
99 2020/06/24 2 82 1075 82 0
100 2020/06/25 2 84 1159 84 0
101 2020/06/26 4 88 1247 88 0
102 2020/06/27 3 91 1338 91 0
103 2020/06/28 3 94 1432 94 0
104 2020/06/29 7 101 1533 101 0
105 2020/06/30 4 105 1638 105 0
106 2020/07/01 2 107 1745 107 0
107 2020/07/02 7 114 1859 114 0
108 2020/07/03 2 116 1975 116 0
109 2020/07/04 2 118 2093 118 0
110 2020/07/05 3 121 2214 121 0
111 2020/07/06 2 123 2337 123 0
112 2020/07/07 3 126 2463 126 0
113 2020/07/08 9 135 2598 135 0
114 2020/07/09 6 141 2739 141 0
115 2020/07/10 5 146 2885 146 0
116 2020/07/11 1 147 3032 147 0
117 2020/07/12 2 149 3181 149 0
118 2020/07/13 7 156 3337 156 0
119 2020/07/14 13 169 3506 169 0
120 2020/07/15 12 181 3687 181 0
121 2020/07/16 8 189 3876 189 0
122 2020/07/17 10 199 4075 199 0
123 2020/07/18 4 203 4278 203 0
124 2020/07/19 5 208 4486 208 0
125 2020/07/20 4 212 4698 212 0
126 2020/07/21 10 222 4920 222 0
127 2020/07/22 10 232 5152 232 0
128 2020/07/23 8 240 5392 240 0
129 2020/07/24 6 246 5638 246 0
130 2020/07/25 8 254 5892 254 1
131 2020/07/26 1 255 6147 255 0
132 2020/07/27 7 262 6409 262 0
133 2020/07/28 8 270 6679 270 0
134 2020/07/29 5 275 6954 275 0
135 2020/07/30 4 279 7233 279 0
136 2020/07/31 3 282 7515 282 0
137 2020/08/01 3 285 7800 285 0
138 2020/08/02 3 288 8088 288 0
139 2020/08/03 6 294 8382 294 0
140 2020/08/04 8 302 8684 302 0
141 2020/08/05 7 309 8993 309 0
142 2020/08/06 3 312 9305 312 0
143 2020/08/07 3 315 9620 315 0
144 2020/08/08 4 319 9939 319 0
145 2020/08/09 1 320 10259 320 0
146 2020/08/10 8 328 10587 328 0
147 2020/08/11 7 335 10922 335 0
148 2020/08/12 4 339 11261 339 0
149 2020/08/13 10 349 11610 349 0
150 2020/08/14 9 358 11968 358 0
151 2020/08/15 4 362 12330 362 0
152 2020/08/16 1 363 12693 363 0
153 2020/08/17 9 372 13065 372 0
154 2020/08/18 9 381 13446 381 0
155 2020/08/19 10 391 13837 391 0
156 2020/08/20 6 397 14234 397 0
157 2020/08/21 6 403 14637 403 0
158 2020/08/22 2 405 15042 405 0
159 2020/08/23 1 406 15448 406 0
160 2020/08/24 10 416 15864 416 0
161 2020/08/25 5 421 16285 421 0
162 2020/08/26 3 424 16709 424 0
163 2020/08/27 3 427 17136 427 0
164 2020/08/28 5 432 17568 432 0
165 2020/08/29 5 437 18005 437 0
166 2020/08/30 1 438 18443 438 0
167 2020/08/31 9 447 18890 447 0
168 2020/09/01 3 450 19340 450 0
169 2020/09/02 4 454 19794 454 0
170 2020/09/03 3 457 20251 457 0
171 2020/09/04 4 461 20712 461 0
172 2020/09/05 4 465 21177 465 0
173 2020/09/06 1 466 21643 466 0
174 2020/09/07 1 467 22110 467 1
175 2020/09/08 3 470 22580 470 0
176 2020/09/09 4 474 23054 474 0
177 2020/09/10 3 477 23531 477 0
178 2020/09/11 7 484 24015 484 0
179 2020/09/12 3 487 24502 487 0
180 2020/09/13 3 490 24992 490 0
181 2020/09/14 4 494 25486 494 1
182 2020/09/15 3 497 25983 497 0
183 2020/09/16 12 509 26492 509 0
184 2020/09/17 8 517 27009 517 0
185 2020/09/18 14 531 27540 531 0
186 2020/09/19 0 531 28071 531 0
187 2020/09/20 5 536 28607 536 0
188 2020/09/21 13 549 29156 549 0
189 2020/09/22 19 568 29724 568 0
190 2020/09/23 8 576 30300 576 0
191 2020/09/24 6 582 30882 582 0
192 2020/09/25 3 585 31467 585 0
193 2020/09/26 8 593 32060 593 0
194 2020/09/27 12 605 32665 605 0
195 2020/09/28 17 622 33287 622 0
196 2020/09/29 8 630 33917 630 0
197 2020/09/30 18 648 34565 648 0
198 2020/10/01 6 654 35219 654 0
199 2020/10/02 10 664 35883 664 0
200 2020/10/03 5 669 36552 669 0
201 2020/10/04 6 675 37227 675 0
202 2020/10/05 15 690 37917 690 0
203 2020/10/06 8 698 38615 698 0
204 2020/10/07 9 707 39322 707 0
205 2020/10/08 9 716 40038 716 0
206 2020/10/09 9 725 40763 725 0
207 2020/10/10 6 731 41494 731 0
208 2020/10/11 7 738 42232 738 0
209 2020/10/12 24 762 42994 762 0
210 2020/10/13 16 778 43772 778 0
211 2020/10/14 8 786 44558 786 0
212 2020/10/15 11 797 45355 797 0
213 2020/10/16 27 824 46179 824 0
214 2020/10/17 1 825 47004 825 0
215 2020/10/18 16 841 47845 841 0
216 2020/10/19 32 873 48718 873 0
217 2020/10/20 3 876 49594 876 0
218 2020/10/21 15 891 50485 891 0
219 2020/10/22 16 907 51392 907 0
220 2020/10/23 11 918 52310 918 0
221 2020/10/24 9 927 53237 927 0
222 2020/10/25 8 935 54172 935 0
223 2020/10/26 17 952 55124 952 0
224 2020/10/27 20 972 56096 972 0
225 2020/10/28 14 986 57082 986 0
226 2020/10/29 11 997 58079 997 0
227 2020/10/30 18 1015 59094 1015 0
228 2020/10/31 4 1019 60113 1019 0
229 2020/11/01 10 1029 61142 1029 0
230 2020/11/02 17 1046 62188 1046 0
231 2020/11/03 23 1069 63257 1069 0
232 2020/11/04 21 1090 64347 1090 0
233 2020/11/05 24 1114 65461 1114 0
234 2020/11/06 22 1136 66597 1136 0
235 2020/11/07 21 1157 67754 1157 0
236 2020/11/08 24 1181 68935 1181 0
237 2020/11/09 24 1205 70140 1205 0
238 2020/11/10 38 1243 71383 1243 0
239 2020/11/11 26 1269 72652 1269 0
240 2020/11/12 42 1311 73963 1311 0
241 2020/11/13 27 1338 75301 1338 0
242 2020/11/14 28 1366 76667 1366 0
243 2020/11/15 21 1387 78054 1387 0
244 2020/11/16 51 1438 79492 1438 0
245 2020/11/17 45 1483 80975 1483 0
246 2020/11/18 49 1532 82507 1532 0
247 2020/11/19 39 1571 84078 1571 0
248 2020/11/20 33 1604 85682 1604 0
249 2020/11/21 14 1618 87300 1618 0
250 2020/11/22 21 1639 88939 1639 0
251 2020/11/23 34 1673 90612 1673 0
252 2020/11/24 48 1721 92333 1721 0
253 2020/11/25 50 1771 94104 1771 0
254 2020/11/26 12 1783 95887 1783 0
255 2020/11/27 41 1824 97711 1824 0
256 2020/11/28 28 1852 99563 1852 0
257 2020/11/29 16 1868 101431 1868 0
258 2020/11/30 51 1919 103350 1919 0
259 2020/12/01 48 1967 105317 1967 0
260 2020/12/02 59 2026 107343 2026 0
261 2020/12/03 43 2069 109412 2069 0
262 2020/12/04 51 2120 111532 2120 0
263 2020/12/05 39 2159 113691 2159 0
264 2020/12/06 14 2173 115864 2173 0
265 2020/12/07 56 2229 118093 2229 0
266 2020/12/08 52 2281 120374 2281 0
267 2020/12/09 83 2364 122738 2364 0
268 2020/12/10 35 2399 125137 2399 0
269 2020/12/11 49 2448 127585 2448 0
270 2020/12/12 29 2477 130062 2477 0
271 2020/12/13 16 2493 132555 2493 0
272 2020/12/14 44 2537 135092 2537 0
273 2020/12/15 46 2583 137675 2583 0
274 2020/12/16 37 2620 140295 2620 0
275 2020/12/17 30 2650 142945 2650 0
276 2020/12/18 47 2697 145642 2697 0
277 2020/12/19 18 2715 148357 2715 0
278 2020/12/20 51 2766 151123 2766 0
279 2020/12/21 47 2813 153936 2813 0
280 2020/12/22 66 2879 156815 2879 0
281 2020/12/23 48 2927 159742 2927 0
282 2020/12/24 21 2948 162690 2948 0
283 2020/12/25 16 2964 165654 2964 0
284 2020/12/26 44 3008 168662 3008 0
285 2020/12/27 27 3035 171697 3035 0
286 2020/12/28 71 3106 174803 3106 0
287 2020/12/29 53 3159 177962 3159 0
288 2020/12/30 67 3226 181188 3226 0
289 2020/12/31 44 3270 184458 3270 0
290 2021/01/01 29 3299 187757 3299 0
291 2021/01/02 56 3355 191112 3355 0
292 2021/01/03 25 3380 194492 3380 0
293 2021/01/04 60 3440 197932 3440 0
294 2021/01/05 73 3513 201445 3513 0
295 2021/01/06 58 3571 205016 3571 0
296 2021/01/07 27 3598 208614 3598 0
297 2021/01/08 24 3622 212236 3622 0
298 2021/01/09 23 3645 215881 3645 0
299 2021/01/10 29 3674 219555 3674 0
300 2021/01/11 72 3746 223301 3746 0
301 2021/01/12 64 3810 227111 3810 0
302 2021/01/13 35 3845 230956 3845 0
303 2021/01/14 49 3894 234850 3894 0
304 2021/01/15 30 3924 238774 3924 0
305 2021/01/16 21 3945 242719 3945 0
306 2021/01/17 13 3958 246677 3958 0
307 2021/01/18 29 3987 250664 3987 0
308 2021/01/19 47 4034 254698 4034 0
309 2021/01/20 34 4068 258766 4068 0
310 2021/01/21 25 4093 262859 4093 0
311 2021/01/22 36 4129 266988 4129 0
312 2021/01/23 19 4148 271136 4148 0
313 2021/01/24 19 4167 275303 4167 0
314 2021/01/25 40 4207 279510 4207 0
315 2021/01/26 28 4235 283745 4235 0
316 2021/01/27 31 4266 288011 4266 0
317 2021/01/28 25 4291 292302 4291 0
318 2021/01/29 19 4310 296612 4310 0
319 2021/01/30 13 4323 300935 4323 0
320 2021/01/31 14 4337 305272 4337 0
321 2021/02/01 20 4357 309629 4357 0
322 2021/02/02 24 4381 314010 4381 0
323 2021/02/03 13 4394 318404 4394 0
324 2021/02/04 22 4416 322820 4416 0
325 2021/02/05 16 4432 327252 4432 0
326 2021/02/06 8 4440 331692 4440 0
327 2021/02/07 7 4447 336139 4447 0
328 2021/02/08 14 4461 340600 4461 0
329 2021/02/09 15 4476 345076 4476 0
330 2021/02/10 7 4483 349559 4483 0
331 2021/02/11 8 4491 354050 4491 0
332 2021/02/12 6 4497 358547 4497 0
333 2021/02/13 8 4505 363052 4505 0
334 2021/02/14 9 4514 367566 4514 0
335 2021/02/15 8 4522 372088 4522 0
336 2021/02/16 11 4533 376621 4533 0
337 2021/02/17 9 4542 381163 4542 0
338 2021/02/18 4 4546 385709 4546 0
339 2021/02/19 3 4549 390258 4549 0
340 2021/02/20 2 4551 394809 4551 0
341 2021/02/21 1 4552 399361 4552 0
342 2021/02/22 12 4564 403925 4564 0
343 2021/02/23 9 4573 408498 4573 0
344 2021/02/24 4 4577 413075 4577 0
345 2021/02/25 4 4581 417656 4581 0
346 2021/02/26 4 4585 422241 4585 0
347 2021/02/27 2 4587 426828 4587 0
348 2021/02/28 3 4590 431418 4590 0
349 2021/03/01 7 4597 436015 4597 0
350 2021/03/02 4 4601 440616 4601 0
351 2021/03/03 2 4603 445219 4603 0
352 2021/03/04 3 4606 449825 4606 0
353 2021/03/05 6 4612 454437 4612 0
354 2021/03/06 9 4621 459058 4621 0
355 2021/03/07 0 4621 463679 4621 0
356 2021/03/08 10 4631 468310 4631 1
357 2021/03/09 3 4634 472944 4634 0
358 2021/03/10 8 4642 477586 4642 0
359 2021/03/11 10 4652 482238 4652 0
360 2021/03/12 9 4661 486899 4661 0
361 2021/03/13 4 4665 491564 4665 0
362 2021/03/14 2 4667 496231 4667 0
363 2021/03/15 12 4679 500910 4679 0
364 2021/03/16 10 4689 505599 4689 0
365 2021/03/17 4 4693 510292 4693 0
366 2021/03/18 6 4699 514991 4699 0
367 2021/03/19 6 4705 519696 4705 1
368 2021/03/20 9 4714 524410 4714 0
369 2021/03/21 5 4719 529129 4719 0
370 2021/03/22 4 4723 533852 4723 0
371 2021/03/23 8 4731 538583 4731 0
372 2021/03/24 11 4742 543325 4742 0
373 2021/03/25 6 4748 548073 4748 0
374 2021/03/26 2 4750 552823 4750 1
375 2021/03/27 1 4751 557574 4751 0
376 2021/03/28 6 4757 562331 4757 0
377 2021/03/29 9 4766 567097 4766 0
378 2021/03/30 8 4774 571871 4774 0
379 2021/03/31 9 4783 576654 4783 0
380 2021/04/01 5 4788 581442 4788 0
381 2021/04/02 6 4794 586236 4794 0
382 2021/04/03 7 4801 591037 4801 0
383 2021/04/04 7 4808 595845 4808 0
384 2021/04/05 11 4819 600664 4819 0
385 2021/04/06 6 4825 605489 4825 0
386 2021/04/07 9 4834 610323 4834 0
387 2021/04/08 6 4840 615163 4840 0
388 2021/04/09 4 4844 620007 4844 0
389 2021/04/10 6 4850 624857 4850 0
390 2021/04/11 2 4852 629709 4852 0
391 2021/04/12 3 4855 634564 4855 0
392 2021/04/13 9 4864 639428 4864 0
393 2021/04/14 7 4871 644299 4871 0
394 2021/04/15 5 4876 649175 4876 0
395 2021/04/16 2 4878 654053 4878 0
396 2021/04/17 1 4879 658932 4879 0
397 2021/04/18 6 4885 663817 4885 0
398 2021/04/19 9 4894 668711 4894 0
399 2021/04/20 5 4899 673610 4899 0
400 2021/04/21 5 4904 678514 4904 0
401 2021/04/22 7 4911 683425 4911 0
402 2021/04/23 6 4917 688342 4917 0
403 2021/04/24 3 4920 693262 4920 0
404 2021/04/25 5 4925 698187 4925 0
405 2021/04/26 4 4929 703116 4929 0
406 2021/04/27 5 4934 708050 4934 0
407 2021/04/28 3 4937 712987 4937 0
408 2021/04/29 6 4943 717930 4943 0
409 2021/04/30 8 4951 722881 4951 0
410 2021/05/01 2 4953 727834 4953 0
411 2021/05/02 1 4954 732788 4954 0
412 2021/05/03 5 4959 737747 4959 0
413 2021/05/04 9 4968 742715 4968 0
414 2021/05/05 2 4970 747685 4970 0
415 2021/05/06 3 4973 752658 4973 0
416 2021/05/07 4 4977 757635 4977 0
417 2021/05/08 7 4984 762619 4984 0
418 2021/05/09 2 4986 767605 4986 0
419 2021/05/10 5 4991 772596 4991 0
420 2021/05/11 4 4995 777591 4995 0
421 2021/05/12 4 4999 782590 4999 0
422 2021/05/13 4 5003 787593 5003 0
423 2021/05/14 5 5008 792601 5008 0
424 2021/05/15 7 5015 797616 5015 0
425 2021/05/16 4 5019 802635 5019 0
426 2021/05/17 4 5023 807658 5023 0
427 2021/05/18 3 5026 812684 5026 0
428 2021/05/19 4 5030 817714 5030 0
429 2021/05/20 8 5038 822752 5038 0
430 2021/05/21 2 5040 827792 5040 0
431 2021/05/22 6 5046 832838 5046 0
432 2021/05/23 1 5047 837885 5047 0
433 2021/05/24 7 5054 842939 5054 0
434 2021/05/25 3 5057 847996 5057 0
435 2021/05/26 2 5059 853055 5059 0
436 2021/05/27 1 5060 858115 5060 0
437 2021/05/28 3 5063 863178 5063 0
438 2021/05/29 6 5069 868247 5069 0
439 2021/05/30 1 5070 873317 5070 0
440 2021/05/31 0 5070 878387 5070 0
441 2021/06/01 2 5072 883459 5072 0
442 2021/06/02 2 5074 888533 5074 0
443 2021/06/03 3 5077 893610 5077 0
444 2021/06/04 0 5077 898687 5077 0
445 2021/06/05 5 5082 903769 5082 0
446 2021/06/06 1 5083 908852 5083 0
447 2021/06/07 4 5087 913939 5087 0
448 2021/06/08 4 5091 919030 5091 0
449 2021/06/09 3 5094 924124 5094 0
450 2021/06/10 1 5095 929219 5095 0
451 2021/06/11 0 5095 934314 5095 0
452 2021/06/12 1 5096 939410 5096 0
453 2021/06/13 0 5096 944506 5096 0
454 2021/06/14 2 5098 949604 5098 0
455 2021/06/15 2 5100 954704 5100 0
456 2021/06/16 1 5101 959805 5101 0
457 2021/06/17 2 5103 964908 5103 0
458 2021/06/18 1 5104 970012 5104 0
459 2021/06/19 2 5106 975118 5106 0
460 2021/06/20 1 5107 980225 5107 0
461 2021/06/21 4 5111 985336 5111 0
462 2021/06/22 0 5111 990447 5111 0
463 2021/06/23 2 5113 995560 5113 0
464 2021/06/24 0 5113 1000673 5113 1
465 2021/06/25 3 5116 1005789 5116 0
466 2021/06/26 1 5117 1010906 5117 0
467 2021/06/27 0 5117 1016023 5117 0
468 2021/06/28 4 5121 1021144 5121 0
469 2021/06/29 2 5123 1026267 5123 0
470 2021/06/30 0 5123 1031390 5123 0
471 2021/07/01 2 5125 1036515 5125 0
472 2021/07/02 0 5125 1041640 5125 1
473 2021/07/03 1 5126 1046766 5126 1
474 2021/07/04 2 5128 1051894 5128 1
475 2021/07/05 4 5132 1057026 5132 0
476 2021/07/06 1 5133 1062159 5133 0
477 2021/07/07 3 5136 1067295 5136 0
478 2021/07/08 1 5137 1072432 5137 0
479 2021/07/09 3 5140 1077572 5140 1
480 2021/07/10 2 5142 1082714 5142 1
481 2021/07/11 3 5145 1087859 5145 0
482 2021/07/12 3 5148 1093007 5148 0
483 2021/07/13 5 5153 1098160 5153 0
484 2021/07/14 7 5160 1103320 5160 1
485 2021/07/15 2 5162 1108482 5162 0
486 2021/07/16 6 5168 1113650 5168 1
487 2021/07/17 1 5169 1118819 5169 1
488 2021/07/18 2 5171 1123990 5171 0
489 2021/07/19 4 5175 1129165 5175 0
490 2021/07/20 7 5182 1134347 5182 0
491 2021/07/21 2 5184 1139531 5184 0
492 2021/07/22 3 5187 1144718 5187 0
493 2021/07/23 3 5190 1149908 5190 1
494 2021/07/24 5 5195 1155103 5195 1
495 2021/07/25 1 5196 1160299 5196 0
496 2021/07/26 14 5210 1165509 5210 0
497 2021/07/27 6 5216 1170725 5216 0
498 2021/07/28 0 5216 1175941 5216 0
499 2021/07/29 0 5216 1181157 5216 2
