dates I C D F E
1 2020/03/18 0 0 1 1 1
2 2020/03/19 0 0 2 1 1
3 2020/03/20 0 0 3 1 1
4 2020/03/21 0 0 4 1 1
5 2020/03/22 0 0 5 1 1
6 2020/03/23 0 0 6 1 1
7 2020/03/24 0 0 7 1 1
8 2020/03/25 0 0 8 1 1
9 2020/03/26 0 0 9 1 1
10 2020/03/27 0 0 10 1 1
11 2020/03/28 0 0 11 1 1
12 2020/03/29 0 0 12 1 2
13 2020/03/30 1 1 14 2 1
14 2020/03/31 0 1 16 2 1
15 2020/04/01 0 1 18 2 1
16 2020/04/02 0 1 20 2 1
17 2020/04/03 0 1 22 2 1
18 2020/04/04 0 1 24 2 1
19 2020/04/05 0 1 26 2 1
20 2020/04/06 0 1 28 2 1
21 2020/04/07 0 1 30 2 1
22 2020/04/08 0 1 32 2 2
23 2020/04/09 0 1 34 2 1
24 2020/04/10 0 1 36 2 1
25 2020/04/11 0 1 38 2 1
26 2020/04/12 0 1 40 2 1
27 2020/04/13 0 1 42 2 1
28 2020/04/14 0 1 44 2 1
29 2020/04/15 0 1 46 2 1
30 2020/04/16 0 1 48 2 1
31 2020/04/17 0 1 50 2 1
32 2020/04/18 0 1 52 2 1
33 2020/04/19 0 1 54 2 1
34 2020/04/20 0 1 56 2 1
35 2020/04/21 0 1 58 2 1
36 2020/04/22 0 1 60 2 1
37 2020/04/23 0 1 62 2 1
38 2020/04/24 0 1 64 2 1
39 2020/04/25 0 1 66 2 1
40 2020/04/26 0 1 68 2 1
41 2020/04/27 0 1 70 2 1
42 2020/04/28 0 1 72 2 1
43 2020/04/29 0 1 74 2 1
44 2020/04/30 0 1 76 2 2
45 2020/05/01 0 1 78 2 1
46 2020/05/02 0 1 80 2 1
47 2020/05/03 0 1 82 2 1
48 2020/05/04 0 1 84 2 1
49 2020/05/05 0 1 86 2 1
50 2020/05/06 0 1 88 2 0
51 2020/05/07 0 1 90 2 0
52 2020/05/08 0 1 92 2 0
53 2020/05/09 0 1 94 2 0
54 2020/05/10 0 1 96 2 0
55 2020/05/11 0 1 98 2 0
56 2020/05/12 0 1 100 2 0
57 2020/05/13 0 1 102 2 0
58 2020/05/14 0 1 104 2 0
59 2020/05/15 0 1 106 2 0
60 2020/05/16 0 1 108 2 0
61 2020/05/17 0 1 110 2 0
62 2020/05/18 0 1 112 2 0
63 2020/05/19 0 1 114 2 0
64 2020/05/20 0 1 116 2 0
65 2020/05/21 0 1 118 2 0
66 2020/05/22 2 3 122 4 0
67 2020/05/23 0 3 126 4 0
68 2020/05/24 0 3 130 4 0
69 2020/05/25 0 3 134 4 0
70 2020/05/26 0 3 138 4 0
71 2020/05/27 0 3 142 4 0
72 2020/05/28 0 3 146 4 0
73 2020/05/29 0 3 150 4 0
74 2020/05/30 0 3 154 4 0
75 2020/05/31 0 3 158 4 0
76 2020/06/01 0 3 162 4 0
77 2020/06/02 0 3 166 4 0
78 2020/06/03 1 4 171 5 0
79 2020/06/04 2 6 178 7 0
80 2020/06/05 1 7 186 8 0
81 2020/06/06 0 7 194 8 0
82 2020/06/07 0 7 202 8 0
83 2020/06/08 0 7 210 8 0
84 2020/06/09 1 8 219 9 0
85 2020/06/10 0 8 228 9 1
86 2020/06/11 0 8 237 9 0
87 2020/06/12 0 8 246 9 0
88 2020/06/13 0 8 255 9 0
89 2020/06/14 0 8 264 9 0
90 2020/06/15 0 8 273 9 0
91 2020/06/16 0 8 282 9 0
92 2020/06/17 0 8 291 9 0
93 2020/06/18 1 9 301 10 0
94 2020/06/19 0 9 311 10 0
95 2020/06/20 1 10 322 11 0
96 2020/06/21 2 12 335 13 0
97 2020/06/22 3 15 351 16 0
98 2020/06/23 11 26 378 27 0
99 2020/06/24 6 32 411 33 0
100 2020/06/25 4 36 448 37 0
101 2020/06/26 1 37 486 38 0
102 2020/06/27 2 39 526 40 0
103 2020/06/28 0 39 566 40 0
104 2020/06/29 5 44 611 45 0
105 2020/06/30 4 48 660 49 0
106 2020/07/01 3 51 712 52 0
107 2020/07/02 4 55 768 56 0
108 2020/07/03 3 58 827 59 0
109 2020/07/04 1 59 887 60 0
110 2020/07/05 4 63 951 64 0
111 2020/07/06 6 69 1021 70 0
112 2020/07/07 3 72 1094 73 0
113 2020/07/08 4 76 1171 77 0
114 2020/07/09 2 78 1250 79 0
115 2020/07/10 2 80 1331 81 0
116 2020/07/11 3 83 1415 84 0
117 2020/07/12 3 86 1502 87 0
118 2020/07/13 9 95 1598 96 0
119 2020/07/14 8 103 1702 104 0
120 2020/07/15 5 108 1811 109 0
121 2020/07/16 6 114 1926 115 0
122 2020/07/17 4 118 2045 119 0
123 2020/07/18 1 119 2165 120 0
124 2020/07/19 3 122 2288 123 0
125 2020/07/20 7 129 2418 130 0
126 2020/07/21 1 130 2549 131 0
127 2020/07/22 2 132 2682 133 0
128 2020/07/23 4 136 2819 137 0
129 2020/07/24 0 136 2956 137 0
130 2020/07/25 6 142 3099 143 0
131 2020/07/26 1 143 3243 144 0
132 2020/07/27 5 148 3392 149 0
133 2020/07/28 3 151 3544 152 0
134 2020/07/29 1 152 3697 153 0
135 2020/07/30 0 152 3850 153 0
136 2020/07/31 1 153 4004 154 0
137 2020/08/01 0 153 4158 154 0
138 2020/08/02 0 153 4312 154 0
139 2020/08/03 3 156 4469 157 0
140 2020/08/04 0 156 4626 157 0
141 2020/08/05 1 157 4784 158 0
142 2020/08/06 0 157 4942 158 1
143 2020/08/07 1 158 5101 159 0
144 2020/08/08 1 159 5261 160 0
145 2020/08/09 0 159 5421 160 0
146 2020/08/10 2 161 5583 162 0
147 2020/08/11 0 161 5745 162 0
148 2020/08/12 4 165 5911 166 0
149 2020/08/13 1 166 6078 167 0
150 2020/08/14 1 167 6246 168 0
151 2020/08/15 1 168 6415 169 0
152 2020/08/16 0 168 6584 169 0
153 2020/08/17 0 168 6753 169 0
154 2020/08/18 3 171 6925 172 0
155 2020/08/19 3 174 7100 175 0
156 2020/08/20 4 178 7279 179 0
157 2020/08/21 3 181 7461 182 0
158 2020/08/22 8 189 7651 190 0
159 2020/08/23 2 191 7843 192 0
160 2020/08/24 4 195 8039 196 0
161 2020/08/25 2 197 8237 198 0
162 2020/08/26 2 199 8437 200 0
163 2020/08/27 1 200 8638 201 0
164 2020/08/28 4 204 8843 205 0
165 2020/08/29 1 205 9049 206 0
166 2020/08/30 0 205 9255 206 0
167 2020/08/31 4 209 9465 210 0
168 2020/09/01 0 209 9675 210 0
169 2020/09/02 6 215 9891 216 0
170 2020/09/03 0 215 10107 216 0
171 2020/09/04 0 215 10323 216 0
172 2020/09/05 0 215 10539 216 0
173 2020/09/06 0 215 10755 216 0
174 2020/09/07 3 218 10974 219 0
175 2020/09/08 1 219 11194 220 0
176 2020/09/09 1 220 11415 221 0
177 2020/09/10 1 221 11637 222 0
178 2020/09/11 1 222 11860 223 0
179 2020/09/12 0 222 12083 223 0
180 2020/09/13 0 222 12306 223 0
181 2020/09/14 3 225 12532 226 0
182 2020/09/15 1 226 12759 227 0
183 2020/09/16 0 226 12986 227 0
184 2020/09/17 1 227 13214 228 0
185 2020/09/18 1 228 13443 229 0
186 2020/09/19 1 229 13673 230 0
187 2020/09/20 0 229 13903 230 0
188 2020/09/21 0 229 14133 230 0
189 2020/09/22 0 229 14363 230 0
190 2020/09/23 1 230 14594 231 1
191 2020/09/24 0 230 14825 231 0
192 2020/09/25 0 230 15056 231 1
193 2020/09/26 0 230 15287 231 0
194 2020/09/27 0 230 15518 231 0
195 2020/09/28 1 231 15750 232 0
196 2020/09/29 0 231 15982 232 1
197 2020/09/30 0 231 16214 232 0
198 2020/10/01 2 233 16448 234 1
199 2020/10/02 0 233 16682 234 0
200 2020/10/03 2 235 16918 236 1
201 2020/10/04 1 236 17155 237 0
202 2020/10/05 2 238 17394 239 0
203 2020/10/06 3 241 17636 242 0
204 2020/10/07 1 242 17879 243 0
205 2020/10/08 0 242 18122 243 0
206 2020/10/09 1 243 18366 244 0
207 2020/10/10 3 246 18613 247 0
208 2020/10/11 0 246 18860 247 0
209 2020/10/12 4 250 19111 251 0
210 2020/10/13 5 255 19367 256 0
211 2020/10/14 2 257 19625 258 0
212 2020/10/15 1 258 19884 259 0
213 2020/10/16 2 260 20145 261 0
214 2020/10/17 3 263 20409 264 0
215 2020/10/18 0 263 20673 264 0
216 2020/10/19 5 268 20942 269 0
217 2020/10/20 2 270 21213 271 0
218 2020/10/21 2 272 21486 273 0
219 2020/10/22 1 273 21760 274 0
220 2020/10/23 2 275 22036 276 0
221 2020/10/24 2 277 22314 278 0
222 2020/10/25 3 280 22595 281 0
223 2020/10/26 5 285 22881 286 0
224 2020/10/27 9 294 23176 295 0
225 2020/10/28 4 298 23475 299 0
226 2020/10/29 3 301 23777 302 0
227 2020/10/30 5 306 24084 307 0
228 2020/10/31 7 313 24398 314 0
229 2020/11/01 6 319 24718 320 0
230 2020/11/02 22 341 25060 342 0
231 2020/11/03 20 361 25422 362 0
232 2020/11/04 23 384 25807 385 0
233 2020/11/05 21 405 26213 406 0
234 2020/11/06 29 434 26648 435 0
235 2020/11/07 22 456 27105 457 0
236 2020/11/08 11 467 27573 468 0
237 2020/11/09 27 494 28068 495 0
238 2020/11/10 55 549 28618 550 0
239 2020/11/11 45 594 29213 595 0
240 2020/11/12 57 651 29865 652 1
241 2020/11/13 39 690 30556 691 0
242 2020/11/14 33 723 31280 724 0
243 2020/11/15 30 753 32034 754 0
244 2020/11/16 39 792 32827 793 0
245 2020/11/17 36 828 33656 829 0
246 2020/11/18 37 865 34522 866 0
247 2020/11/19 36 901 35424 902 0
248 2020/11/20 32 933 36358 934 0
249 2020/11/21 38 971 37330 972 0
250 2020/11/22 20 991 38322 992 1
251 2020/11/23 29 1020 39343 1021 0
252 2020/11/24 40 1060 40404 1061 0
253 2020/11/25 29 1089 41494 1090 0
254 2020/11/26 17 1106 42601 1107 0
255 2020/11/27 28 1134 43736 1135 0
256 2020/11/28 32 1166 44903 1167 0
257 2020/11/29 21 1187 46091 1188 0
258 2020/11/30 36 1223 47315 1224 0
259 2020/12/01 45 1268 48584 1269 0
260 2020/12/02 37 1305 49890 1306 0
261 2020/12/03 40 1345 51236 1346 0
262 2020/12/04 41 1386 52623 1387 0
263 2020/12/05 31 1417 54041 1418 0
264 2020/12/06 56 1473 55515 1474 0
265 2020/12/07 97 1570 57086 1571 0
266 2020/12/08 84 1654 58741 1655 0
267 2020/12/09 29 1683 60425 1684 0
268 2020/12/10 41 1724 62150 1725 0
269 2020/12/11 257 1981 64132 1982 0
270 2020/12/12 15 1996 66129 1997 0
271 2020/12/13 43 2039 68169 2040 0
272 2020/12/14 62 2101 70271 2102 0
273 2020/12/15 58 2159 72431 2160 0
274 2020/12/16 31 2190 74622 2191 0
275 2020/12/17 47 2237 76860 2238 0
276 2020/12/18 313 2550 79411 2551 0
277 2020/12/19 11 2561 81973 2562 0
278 2020/12/20 13 2574 84548 2575 0
279 2020/12/21 112 2686 87235 2687 0
280 2020/12/22 26 2712 89948 2713 0
281 2020/12/23 55 2767 92716 2768 0
282 2020/12/24 39 2806 95523 2807 0
283 2020/12/25 8 2814 98338 2815 0
284 2020/12/26 19 2833 101172 2834 0
285 2020/12/27 11 2844 104017 2845 0
286 2020/12/28 108 2952 106970 2953 0
287 2020/12/29 16 2968 109939 2969 0
288 2020/12/30 42 3010 112950 3011 1
289 2020/12/31 12 3022 115973 3023 0
290 2021/01/01 9 3031 119005 3032 0
291 2021/01/02 17 3048 122054 3049 0
292 2021/01/03 14 3062 125117 3063 0
293 2021/01/04 61 3123 128241 3124 0
294 2021/01/05 25 3148 131390 3149 0
295 2021/01/06 26 3174 134565 3175 0
296 2021/01/07 21 3195 137761 3196 0
297 2021/01/08 21 3216 140978 3217 0
298 2021/01/09 9 3225 144204 3226 0
299 2021/01/10 8 3233 147438 3234 0
300 2021/01/11 34 3267 150706 3268 0
301 2021/01/12 11 3278 153985 3279 0
302 2021/01/13 34 3312 157298 3313 0
303 2021/01/14 15 3327 160626 3328 0
304 2021/01/15 20 3347 163974 3348 1
305 2021/01/16 17 3364 167339 3365 0
306 2021/01/17 7 3371 170711 3372 0
307 2021/01/18 17 3388 174100 3389 0
308 2021/01/19 23 3411 177512 3412 0
309 2021/01/20 27 3438 180951 3439 0
310 2021/01/21 14 3452 184404 3453 0
311 2021/01/22 10 3462 187867 3463 0
312 2021/01/23 29 3491 191359 3492 0
313 2021/01/24 7 3498 194858 3499 0
314 2021/01/25 11 3509 198368 3510 0
315 2021/01/26 10 3519 201888 3520 0
316 2021/01/27 10 3529 205418 3530 0
317 2021/01/28 10 3539 208958 3540 0
318 2021/01/29 14 3553 212512 3554 0
319 2021/01/30 10 3563 216076 3564 0
320 2021/01/31 4 3567 219644 3568 0
321 2021/02/01 40 3607 223252 3608 0
322 2021/02/02 8 3615 226868 3616 0
323 2021/02/03 12 3627 230496 3628 0
324 2021/02/04 11 3638 234135 3639 0
325 2021/02/05 40 3678 237814 3679 0
326 2021/02/06 26 3704 241519 3705 0
327 2021/02/07 7 3711 245231 3712 0
328 2021/02/08 24 3735 248967 3736 0
329 2021/02/09 8 3743 252711 3744 0
330 2021/02/10 20 3763 256475 3764 0
331 2021/02/11 8 3771 260247 3772 0
332 2021/02/12 37 3808 264056 3809 0
333 2021/02/13 3 3811 267868 3812 0
334 2021/02/14 1 3812 271681 3813 0
335 2021/02/15 1 3813 275495 3814 0
336 2021/02/16 10 3823 279319 3824 0
337 2021/02/17 2 3825 283145 3826 0
338 2021/02/18 9 3834 286980 3835 0
339 2021/02/19 37 3871 290852 3872 0
340 2021/02/20 6 3877 294730 3878 0
341 2021/02/21 5 3882 298613 3883 0
342 2021/02/22 14 3896 302510 3897 0
343 2021/02/23 4 3900 306411 3901 0
344 2021/02/24 4 3904 310316 3905 0
345 2021/02/25 3 3907 314224 3908 0
346 2021/02/26 3 3910 318135 3911 0
347 2021/02/27 1 3911 322047 3912 0
348 2021/02/28 3 3914 325962 3915 0
349 2021/03/01 5 3919 329882 3920 0
350 2021/03/02 3 3922 333805 3923 0
351 2021/03/03 4 3926 337732 3927 0
352 2021/03/04 2 3928 341661 3929 0
353 2021/03/05 6 3934 345596 3935 0
354 2021/03/06 2 3936 349533 3937 0
355 2021/03/07 2 3938 353472 3939 0
356 2021/03/08 1 3939 357412 3940 1
357 2021/03/09 1 3940 361353 3941 0
358 2021/03/10 2 3942 365296 3943 0
359 2021/03/11 1 3943 369240 3944 0
360 2021/03/12 2 3945 373186 3946 0
361 2021/03/13 1 3946 377133 3947 0
362 2021/03/14 3 3949 381083 3950 0
363 2021/03/15 2 3951 385035 3952 0
364 2021/03/16 2 3953 388989 3954 0
365 2021/03/17 3 3956 392946 3957 0
366 2021/03/18 3 3959 396906 3960 0
367 2021/03/19 0 3959 400866 3960 0
368 2021/03/20 3 3962 404829 3963 0
369 2021/03/21 3 3965 408795 3966 0
370 2021/03/22 2 3967 412763 3968 0
371 2021/03/23 3 3970 416734 3971 0
372 2021/03/24 3 3973 420708 3974 0
373 2021/03/25 1 3974 424683 3975 0
374 2021/03/26 1 3975 428659 3976 0
375 2021/03/27 1 3976 432636 3977 0
376 2021/03/28 3 3979 436616 3980 0
377 2021/03/29 2 3981 440598 3982 0
378 2021/03/30 2 3983 444582 3984 0
379 2021/03/31 5 3988 448571 3989 0
380 2021/04/01 0 3988 452560 3989 0
381 2021/04/02 1 3989 456550 3990 0
382 2021/04/03 3 3992 460543 3993 0
383 2021/04/04 0 3992 464536 3993 0
384 2021/04/05 8 4000 468537 4001 0
385 2021/04/06 1 4001 472539 4002 0
386 2021/04/07 0 4001 476541 4002 0
387 2021/04/08 1 4002 480544 4003 0
388 2021/04/09 0 4002 484547 4003 0
389 2021/04/10 1 4003 488551 4004 0
390 2021/04/11 3 4006 492558 4007 0
391 2021/04/12 2 4008 496567 4009 0
392 2021/04/13 4 4012 500580 4013 0
393 2021/04/14 2 4014 504595 4015 0
394 2021/04/15 1 4015 508611 4016 0
395 2021/04/16 0 4015 512627 4016 0
396 2021/04/17 3 4018 516646 4019 0
397 2021/04/18 2 4020 520667 4021 0
398 2021/04/19 1 4021 524689 4022 0
399 2021/04/20 1 4022 528712 4023 0
400 2021/04/21 0 4022 532735 4023 0
401 2021/04/22 3 4025 536761 4026 0
402 2021/04/23 4 4029 540791 4030 0
403 2021/04/24 1 4030 544822 4031 0
404 2021/04/25 4 4034 548857 4035 0
405 2021/04/26 2 4036 552894 4037 0
406 2021/04/27 1 4037 556932 4038 0
407 2021/04/28 3 4040 560973 4041 0
408 2021/04/29 3 4043 565017 4044 0
409 2021/04/30 1 4044 569062 4045 0
410 2021/05/01 1 4045 573108 4046 0
411 2021/05/02 6 4051 577160 4052 0
412 2021/05/03 3 4054 581215 4055 0
413 2021/05/04 1 4055 585271 4056 0
414 2021/05/05 3 4058 589330 4059 1
415 2021/05/06 3 4061 593392 4062 0
416 2021/05/07 4 4065 597458 4066 0
417 2021/05/08 2 4067 601526 4068 0
418 2021/05/09 1 4068 605595 4069 0
419 2021/05/10 1 4069 609665 4070 0
420 2021/05/11 3 4072 613738 4073 0
421 2021/05/12 0 4072 617811 4073 0
422 2021/05/13 1 4073 621885 4074 0
423 2021/05/14 2 4075 625961 4076 0
424 2021/05/15 0 4075 630037 4076 0
425 2021/05/16 2 4077 634115 4078 0
426 2021/05/17 5 4082 638198 4083 0
427 2021/05/18 0 4082 642281 4083 0
428 2021/05/19 2 4084 646366 4085 0
429 2021/05/20 0 4084 650451 4085 0
430 2021/05/21 1 4085 654537 4086 0
431 2021/05/22 2 4087 658625 4088 1
432 2021/05/23 0 4087 662713 4088 0
433 2021/05/24 3 4090 666804 4091 0
434 2021/05/25 0 4090 670895 4091 0
435 2021/05/26 0 4090 674986 4091 0
436 2021/05/27 4 4094 679081 4095 0
437 2021/05/28 1 4095 683177 4096 1
438 2021/05/29 0 4095 687273 4096 0
439 2021/05/30 0 4095 691369 4096 0
440 2021/05/31 0 4095 695465 4096 0
441 2021/06/01 1 4096 699562 4097 1
442 2021/06/02 0 4096 703659 4097 0
443 2021/06/03 0 4096 707756 4097 0
444 2021/06/04 1 4097 711854 4098 0
445 2021/06/05 0 4097 715952 4098 0
446 2021/06/06 1 4098 720051 4099 1
447 2021/06/07 2 4100 724152 4101 0
448 2021/06/08 1 4101 728254 4102 0
449 2021/06/09 3 4104 732359 4105 0
450 2021/06/10 2 4106 736466 4107 0
451 2021/06/11 2 4108 740575 4109 0
452 2021/06/12 0 4108 744684 4109 0
453 2021/06/13 3 4111 748796 4112 0
454 2021/06/14 3 4114 752911 4115 0
455 2021/06/15 1 4115 757027 4116 0
456 2021/06/16 0 4115 761143 4116 1
457 2021/06/17 0 4115 765259 4116 2
