dates I C D F E
1 2020/03/18 17 115 0 0 1
2 2020/03/19 19 134 0 0 1
3 2020/03/20 22 156 0 0 1
4 2020/03/21 10 166 0 0 1
5 2020/03/22 8 174 1 1 1
6 2020/03/23 21 195 1 0 1
7 2020/03/24 17 212 1 0 1
8 2020/03/25 16 228 2 1 1
9 2020/03/26 16 244 2 0 1
10 2020/03/27 16 260 4 2 1
11 2020/03/28 9 269 4 0 1
12 2020/03/29 4 273 5 1 3
13 2020/03/30 27 300 5 0 1
14 2020/03/31 11 311 5 0 1
15 2020/04/01 11 322 7 2 1
16 2020/04/02 13 335 8 1 1
17 2020/04/03 18 353 8 0 1
18 2020/04/04 10 363 8 0 1
19 2020/04/05 13 376 8 0 1
20 2020/04/06 14 390 8 0 1
21 2020/04/07 18 408 9 1 1
22 2020/04/08 17 425 9 0 1
23 2020/04/09 9 434 12 3 1
24 2020/04/10 19 453 13 1 1
25 2020/04/11 8 461 13 0 1
26 2020/04/12 10 471 13 0 1
27 2020/04/13 10 481 13 0 1
28 2020/04/14 21 502 13 0 1
29 2020/04/15 13 515 13 0 1
30 2020/04/16 15 530 13 0 1
31 2020/04/17 12 542 13 0 1
32 2020/04/18 5 547 13 0 1
33 2020/04/19 8 555 13 0 1
34 2020/04/20 8 563 15 2 1
35 2020/04/21 12 575 15 0 1
36 2020/04/22 12 587 15 0 1
37 2020/04/23 10 597 15 0 1
38 2020/04/24 14 611 15 0 1
39 2020/04/25 9 620 16 1 1
40 2020/04/26 14 634 16 0 1
41 2020/04/27 15 649 16 0 1
42 2020/04/28 17 666 18 2 1
43 2020/04/29 17 683 19 1 1
44 2020/04/30 23 706 19 0 1
45 2020/05/01 28 734 19 0 1
46 2020/05/02 13 747 19 0 1
47 2020/05/03 14 761 19 0 1
48 2020/05/04 31 792 19 0 1
49 2020/05/05 20 812 19 0 0
50 2020/05/06 23 835 19 0 0
51 2020/05/07 25 860 19 0 0
52 2020/05/08 22 882 20 1 0
53 2020/05/09 17 899 20 0 0
54 2020/05/10 21 920 22 2 0
55 2020/05/11 48 968 23 1 0
56 2020/05/12 44 1012 24 1 0
57 2020/05/13 37 1049 25 1 0
58 2020/05/14 27 1076 25 0 0
59 2020/05/15 28 1104 26 1 0
60 2020/05/16 17 1121 27 1 0
61 2020/05/17 25 1146 28 1 0
62 2020/05/18 42 1188 28 0 0
63 2020/05/19 22 1210 28 0 0
64 2020/05/20 37 1247 29 1 0
65 2020/05/21 32 1279 31 2 0
66 2020/05/22 47 1326 31 0 1
67 2020/05/23 18 1344 31 0 0
68 2020/05/24 20 1364 31 0 0
69 2020/05/25 12 1376 31 0 0
70 2020/05/26 39 1415 31 0 0
71 2020/05/27 34 1449 33 2 0
72 2020/05/28 22 1471 33 0 0
73 2020/05/29 29 1500 33 0 0
74 2020/05/30 23 1523 33 0 0
75 2020/05/31 17 1540 33 0 0
76 2020/06/01 55 1595 33 0 1
77 2020/06/02 50 1645 33 0 0
78 2020/06/03 50 1695 33 0 0
79 2020/06/04 64 1759 33 0 0
80 2020/06/05 43 1802 33 0 0
81 2020/06/06 33 1835 33 0 0
82 2020/06/07 24 1859 33 0 0
83 2020/06/08 65 1924 36 3 0
84 2020/06/09 58 1982 37 1 0
85 2020/06/10 66 2048 39 2 0
86 2020/06/11 46 2094 39 0 0
87 2020/06/12 77 2171 39 0 0
88 2020/06/13 52 2223 39 0 0
89 2020/06/14 46 2269 39 0 0
90 2020/06/15 98 2367 39 0 0
91 2020/06/16 81 2448 40 1 0
92 2020/06/17 101 2549 40 0 0
93 2020/06/18 100 2649 40 0 0
94 2020/06/19 126 2775 43 3 0
95 2020/06/20 84 2859 44 1 0
96 2020/06/21 65 2924 46 2 0
97 2020/06/22 178 3102 46 0 0
98 2020/06/23 149 3251 46 0 0
99 2020/06/24 160 3411 47 1 0
100 2020/06/25 341 3752 48 1 1
101 2020/06/26 182 3934 48 0 0
102 2020/06/27 86 4020 49 1 0
103 2020/06/28 99 4119 50 1 0
104 2020/06/29 158 4277 53 3 0
105 2020/06/30 147 4424 53 0 0
106 2020/07/01 134 4558 53 0 0
107 2020/07/02 143 4701 54 1 0
108 2020/07/03 156 4857 54 0 0
109 2020/07/04 96 4953 54 0 0
110 2020/07/05 124 5077 54 0 0
111 2020/07/06 203 5280 54 0 0
112 2020/07/07 193 5473 55 1 0
113 2020/07/08 169 5642 56 1 0
114 2020/07/09 165 5807 57 1 0
115 2020/07/10 168 5975 61 4 0
116 2020/07/11 112 6087 63 2 0
117 2020/07/12 96 6183 65 2 0
118 2020/07/13 216 6399 66 1 0
119 2020/07/14 190 6589 67 1 0
120 2020/07/15 161 6750 67 0 0
121 2020/07/16 177 6927 70 3 0
122 2020/07/17 162 7089 71 1 0
123 2020/07/18 83 7172 72 1 0
124 2020/07/19 82 7254 73 1 0
125 2020/07/20 190 7444 74 1 0
126 2020/07/21 133 7577 76 2 0
127 2020/07/22 132 7709 78 2 0
128 2020/07/23 127 7836 80 2 0
129 2020/07/24 124 7960 80 0 0
130 2020/07/25 85 8045 82 2 0
131 2020/07/26 73 8118 82 0 0
132 2020/07/27 206 8324 84 2 0
133 2020/07/28 128 8452 86 2 0
134 2020/07/29 126 8578 86 0 0
135 2020/07/30 105 8683 87 1 0
136 2020/07/31 112 8795 89 2 0
137 2020/08/01 75 8870 90 1 0
138 2020/08/02 46 8916 92 2 0
139 2020/08/03 142 9058 95 3 0
140 2020/08/04 86 9144 96 1 0
141 2020/08/05 106 9250 97 1 0
142 2020/08/06 107 9357 98 1 0
143 2020/08/07 111 9468 98 0 0
144 2020/08/08 60 9528 99 1 0
145 2020/08/09 54 9582 99 0 0
146 2020/08/10 147 9729 100 1 0
147 2020/08/11 84 9813 100 0 0
148 2020/08/12 68 9881 100 0 1
149 2020/08/13 85 9966 102 2 0
150 2020/08/14 89 10055 103 1 1
151 2020/08/15 75 10130 104 1 0
152 2020/08/16 58 10188 106 2 0
153 2020/08/17 109 10297 106 0 0
154 2020/08/18 122 10419 109 3 0
155 2020/08/19 90 10509 111 2 0
156 2020/08/20 92 10601 112 1 0
157 2020/08/21 113 10714 115 3 0
158 2020/08/22 64 10778 115 0 0
159 2020/08/23 55 10833 118 3 0
160 2020/08/24 100 10933 121 3 0
161 2020/08/25 80 11013 121 0 0
162 2020/08/26 85 11098 122 1 0
163 2020/08/27 71 11169 123 1 0
164 2020/08/28 63 11232 126 3 0
165 2020/08/29 36 11268 127 1 0
166 2020/08/30 40 11308 129 2 0
167 2020/08/31 112 11420 130 1 0
168 2020/09/01 83 11503 131 1 0
169 2020/09/02 74 11577 134 3 0
170 2020/09/03 87 11664 136 2 0
171 2020/09/04 117 11781 137 1 0
172 2020/09/05 42 11823 138 1 0
173 2020/09/06 41 11864 141 3 0
174 2020/09/07 42 11906 144 3 0
175 2020/09/08 93 11999 144 0 0
176 2020/09/09 68 12067 145 1 0
177 2020/09/10 88 12155 145 0 0
178 2020/09/11 92 12247 145 0 0
179 2020/09/12 54 12301 145 0 0
180 2020/09/13 51 12352 146 1 0
181 2020/09/14 105 12457 148 2 0
182 2020/09/15 101 12558 149 1 0
183 2020/09/16 52 12610 150 1 0
184 2020/09/17 68 12678 152 2 0
185 2020/09/18 85 12763 153 1 0
186 2020/09/19 61 12824 153 0 0
187 2020/09/20 32 12856 153 0 0
188 2020/09/21 63 12919 155 2 0
189 2020/09/22 82 13001 157 2 0
190 2020/09/23 51 13052 158 1 0
191 2020/09/24 55 13107 159 1 0
192 2020/09/25 82 13189 159 0 1
193 2020/09/26 42 13231 161 2 0
194 2020/09/27 32 13263 161 0 0
195 2020/09/28 85 13348 162 1 0
196 2020/09/29 76 13424 163 1 0
197 2020/09/30 55 13479 163 0 0
198 2020/10/01 35 13514 163 0 0
199 2020/10/02 49 13563 163 0 0
200 2020/10/03 37 13600 163 0 0
201 2020/10/04 39 13639 163 0 0
202 2020/10/05 82 13721 163 0 0
203 2020/10/06 67 13788 164 1 0
204 2020/10/07 67 13855 164 0 0
205 2020/10/08 50 13905 164 0 0
206 2020/10/09 47 13952 165 1 0
207 2020/10/10 36 13988 166 1 0
208 2020/10/11 24 14012 166 0 0
209 2020/10/12 60 14072 166 0 0
210 2020/10/13 62 14134 166 0 0
211 2020/10/14 53 14187 167 1 0
212 2020/10/15 53 14240 167 0 0
213 2020/10/16 56 14296 167 0 0
214 2020/10/17 43 14339 169 2 1
215 2020/10/18 45 14384 169 0 0
216 2020/10/19 79 14463 170 1 0
217 2020/10/20 66 14529 171 1 0
218 2020/10/21 64 14593 171 0 0
219 2020/10/22 63 14656 171 0 0
220 2020/10/23 47 14703 171 0 0
221 2020/10/24 29 14732 172 1 1
222 2020/10/25 53 14785 172 0 0
223 2020/10/26 93 14878 173 1 0
224 2020/10/27 70 14948 173 0 1
225 2020/10/28 83 15031 173 0 0
226 2020/10/29 73 15104 173 0 0
227 2020/10/30 90 15194 173 0 0
228 2020/10/31 71 15265 173 0 0
229 2020/11/01 83 15348 173 0 0
230 2020/11/02 146 15494 174 1 0
231 2020/11/03 135 15629 175 1 1
232 2020/11/04 127 15756 175 0 0
233 2020/11/05 140 15896 175 0 0
234 2020/11/06 166 16062 175 0 1
235 2020/11/07 86 16148 175 0 0
236 2020/11/08 60 16208 175 0 0
237 2020/11/09 194 16402 176 1 0
238 2020/11/10 202 16604 176 0 0
239 2020/11/11 183 16787 176 0 0
240 2020/11/12 215 17002 179 3 0
241 2020/11/13 249 17251 180 1 0
242 2020/11/14 144 17395 181 1 0
243 2020/11/15 145 17540 182 1 0
244 2020/11/16 273 17813 182 0 0
245 2020/11/17 337 18150 183 1 0
246 2020/11/18 273 18423 185 2 0
247 2020/11/19 326 18749 187 2 0
248 2020/11/20 353 19102 189 2 0
249 2020/11/21 167 19269 190 1 0
250 2020/11/22 163 19432 191 1 0
251 2020/11/23 361 19793 194 3 0
252 2020/11/24 374 20167 196 2 0
253 2020/11/25 381 20548 196 0 0
254 2020/11/26 93 20641 198 2 0
255 2020/11/27 496 21137 198 0 0
256 2020/11/28 322 21459 199 1 0
257 2020/11/29 298 21757 202 3 0
258 2020/11/30 684 22441 203 1 0
259 2020/12/01 759 23200 204 1 0
260 2020/12/02 613 23813 207 3 0
261 2020/12/03 408 24221 208 1 0
262 2020/12/04 703 24924 208 0 0
263 2020/12/05 374 25298 209 1 0
264 2020/12/06 367 25665 211 2 0
265 2020/12/07 543 26208 211 0 0
266 2020/12/08 584 26792 213 2 0
267 2020/12/09 662 27454 216 3 0
268 2020/12/10 858 28312 220 4 0
269 2020/12/11 852 29164 224 4 0
270 2020/12/12 606 29770 228 4 0
271 2020/12/13 443 30213 229 1 0
272 2020/12/14 999 31212 232 3 0
273 2020/12/15 920 32132 236 4 1
274 2020/12/16 621 32753 243 7 0
275 2020/12/17 772 33525 249 6 0
276 2020/12/18 607 34132 257 8 0
277 2020/12/19 501 34633 263 6 0
278 2020/12/20 280 34913 265 2 0
279 2020/12/21 701 35614 275 10 0
280 2020/12/22 1081 36695 289 14 0
281 2020/12/23 759 37454 299 10 0
282 2020/12/24 389 37843 305 6 0
283 2020/12/25 278 38121 315 10 0
284 2020/12/26 1153 39274 325 10 0
285 2020/12/27 962 40236 331 6 0
286 2020/12/28 1060 41296 342 11 0
287 2020/12/29 1666 42962 349 7 0
288 2020/12/30 1248 44210 360 11 0
289 2020/12/31 1288 45498 372 12 0
290 2021/01/01 506 46004 379 7 0
291 2021/01/02 1491 47495 391 12 0
292 2021/01/03 1150 48645 405 14 0
293 2021/01/04 1824 50469 417 12 0
294 2021/01/05 1502 51971 437 20 0
295 2021/01/06 1246 53217 449 12 0
296 2021/01/07 1242 54459 470 21 0
297 2021/01/08 1161 55620 489 19 0
298 2021/01/09 863 56483 509 20 0
299 2021/01/10 826 57309 521 12 0
300 2021/01/11 1268 58577 530 9 0
301 2021/01/12 1134 59711 546 16 0
302 2021/01/13 967 60678 553 7 0
303 2021/01/14 1009 61687 572 19 0
304 2021/01/15 871 62558 586 14 0
305 2021/01/16 744 63302 598 12 0
306 2021/01/17 553 63855 617 19 0
307 2021/01/18 841 64696 627 10 0
308 2021/01/19 428 65124 634 7 0
309 2021/01/20 676 65800 652 18 0
310 2021/01/21 955 66755 657 5 0
311 2021/01/22 690 67445 670 13 0
312 2021/01/23 507 67952 677 7 0
313 2021/01/24 446 68398 681 4 0
314 2021/01/25 714 69112 691 10 0
315 2021/01/26 643 69755 703 12 0
316 2021/01/27 530 70285 716 13 0
317 2021/01/28 473 70758 726 10 0
318 2021/01/29 509 71267 734 8 0
319 2021/01/30 424 71691 745 11 0
320 2021/01/31 311 72002 755 10 0
321 2021/02/01 593 72595 766 11 0
322 2021/02/02 407 73002 777 11 0
323 2021/02/03 418 73420 782 5 0
324 2021/02/04 335 73755 791 9 0
325 2021/02/05 332 74087 796 5 0
326 2021/02/06 244 74331 805 9 0
327 2021/02/07 180 74511 812 7 0
328 2021/02/08 308 74819 822 10 0
329 2021/02/09 257 75076 832 10 0
330 2021/02/10 249 75325 840 8 0
331 2021/02/11 226 75551 848 8 0
332 2021/02/12 201 75752 860 12 0
333 2021/02/13 167 75919 866 6 0
334 2021/02/14 137 76056 870 4 0
335 2021/02/15 174 76230 875 5 0
336 2021/02/16 156 76386 884 9 0
337 2021/02/17 144 76530 889 5 0
338 2021/02/18 125 76655 895 6 0
339 2021/02/19 131 76786 906 11 0
340 2021/02/20 80 76866 914 8 0
341 2021/02/21 96 76962 922 8 0
342 2021/02/22 146 77108 929 7 0
343 2021/02/23 127 77235 932 3 0
344 2021/02/24 115 77350 932 0 0
345 2021/02/25 106 77456 937 5 0
346 2021/02/26 105 77561 943 6 0
347 2021/02/27 100 77661 943 0 0
348 2021/02/28 72 77733 949 6 0
349 2021/03/01 111 77844 950 1 0
350 2021/03/02 82 77926 951 1 0
351 2021/03/03 91 78017 954 3 0
352 2021/03/04 83 78100 956 2 0
353 2021/03/05 87 78187 960 4 0
354 2021/03/06 67 78254 962 2 0
355 2021/03/07 54 78308 964 2 0
356 2021/03/08 98 78406 967 3 0
357 2021/03/09 71 78477 967 0 0
358 2021/03/10 69 78546 969 2 0
359 2021/03/11 77 78623 970 1 0
360 2021/03/12 50 78673 972 2 0
361 2021/03/13 42 78715 974 2 1
362 2021/03/14 49 78764 977 3 1
363 2021/03/15 53 78817 980 3 0
364 2021/03/16 54 78871 981 1 0
365 2021/03/17 67 78938 984 3 1
366 2021/03/18 55 78993 989 5 0
367 2021/03/19 56 79049 990 1 0
368 2021/03/20 38 79087 993 3 0
369 2021/03/21 37 79124 995 2 0
370 2021/03/22 64 79188 997 2 0
371 2021/03/23 48 79236 999 2 0
372 2021/03/24 61 79297 1000 1 0
373 2021/03/25 52 79349 1002 2 0
374 2021/03/26 40 79389 1002 0 0
375 2021/03/27 33 79422 1003 1 0
376 2021/03/28 27 79449 1003 0 0
377 2021/03/29 52 79501 1003 0 0
378 2021/03/30 42 79543 1004 1 0
379 2021/03/31 44 79587 1004 0 0
380 2021/04/01 32 79619 1004 0 0
381 2021/04/02 24 79643 1005 1 0
382 2021/04/03 28 79671 1006 1 0
383 2021/04/04 21 79692 1007 1 0
384 2021/04/05 43 79735 1007 0 0
385 2021/04/06 30 79765 1007 0 0
386 2021/04/07 37 79802 1007 0 0
387 2021/04/08 34 79836 1007 0 0
388 2021/04/09 37 79873 1008 1 0
389 2021/04/10 28 79901 1010 2 1
390 2021/04/11 28 79929 1010 0 0
391 2021/04/12 46 79975 1010 0 0
392 2021/04/13 33 80008 1011 1 0
393 2021/04/14 32 80040 1011 0 0
394 2021/04/15 36 80076 1011 0 0
395 2021/04/16 19 80095 1012 1 0
396 2021/04/17 25 80120 1013 1 0
397 2021/04/18 20 80140 1013 0 0
398 2021/04/19 30 80170 1014 1 0
399 2021/04/20 26 80196 1016 2 1
400 2021/04/21 28 80224 1017 1 0
401 2021/04/22 32 80256 1017 0 0
402 2021/04/23 25 80281 1018 1 0
403 2021/04/24 19 80300 1019 1 0
404 2021/04/25 13 80313 1019 0 0
405 2021/04/26 24 80337 1019 0 0
406 2021/04/27 25 80362 1019 0 0
407 2021/04/28 29 80391 1019 0 0
408 2021/04/29 35 80426 1020 1 0
409 2021/04/30 34 80460 1020 0 0
410 2021/05/01 39 80499 1021 1 0
411 2021/05/02 18 80517 1022 1 0
412 2021/05/03 37 80554 1022 0 0
413 2021/05/04 22 80576 1023 1 0
414 2021/05/05 29 80605 1024 1 0
415 2021/05/06 29 80634 1024 0 0
416 2021/05/07 31 80665 1024 0 0
417 2021/05/08 24 80689 1024 0 0
418 2021/05/09 11 80700 1024 0 0
419 2021/05/10 15 80715 1024 0 0
420 2021/05/11 16 80731 1024 0 0
421 2021/05/12 24 80755 1024 0 0
422 2021/05/13 19 80774 1024 0 0
423 2021/05/14 30 80804 1024 0 0
424 2021/05/15 14 80818 1025 1 0
425 2021/05/16 11 80829 1025 0 0
426 2021/05/17 31 80860 1025 0 0
427 2021/05/18 20 80880 1025 0 0
428 2021/05/19 15 80895 1026 1 0
429 2021/05/20 16 80911 1026 0 0
430 2021/05/21 11 80922 1026 0 0
431 2021/05/22 8 80930 1026 0 0
432 2021/05/23 4 80934 1026 0 0
433 2021/05/24 30 80964 1026 0 0
434 2021/05/25 13 80977 1027 1 0
435 2021/05/26 18 80995 1028 1 0
436 2021/05/27 23 81018 1031 3 0
437 2021/05/28 13 81031 1031 0 1
438 2021/05/29 11 81042 1031 0 0
439 2021/05/30 8 81050 1031 0 0
440 2021/05/31 3 81053 1031 0 0
441 2021/06/01 15 81068 1031 0 0
442 2021/06/02 16 81084 1031 0 1
443 2021/06/03 25 81109 1031 0 0
444 2021/06/04 12 81121 1031 0 0
445 2021/06/05 7 81128 1032 1 0
446 2021/06/06 9 81137 1032 0 0
447 2021/06/07 11 81148 1032 0 0
448 2021/06/08 17 81165 1032 0 0
449 2021/06/09 16 81181 1032 0 0
450 2021/06/10 10 81191 1032 0 0
451 2021/06/11 11 81202 1032 0 0
452 2021/06/12 10 81212 1032 0 0
453 2021/06/13 12 81224 1032 0 0
454 2021/06/14 14 81238 1032 0 0
455 2021/06/15 10 81248 1033 1 0
456 2021/06/16 11 81259 1033 0 0
457 2021/06/17 14 81273 1033 0 0
458 2021/06/18 9 81282 1033 0 0
459 2021/06/19 10 81292 1033 0 0
460 2021/06/20 13 81305 1033 0 0
461 2021/06/21 16 81321 1033 0 0
462 2021/06/22 28 81349 1033 0 0
463 2021/06/23 13 81362 1033 0 0
464 2021/06/24 22 81384 1034 1 0
465 2021/06/25 28 81412 1034 0 0
466 2021/06/26 29 81441 1034 0 0
467 2021/06/27 24 81465 1034 0 0
468 2021/06/28 34 81499 1034 0 0
469 2021/06/29 58 81557 1034 0 1
470 2021/06/30 33 81590 1034 0 0
471 2021/07/01 42 81632 1034 0 0
472 2021/07/02 31 81663 1034 0 1
473 2021/07/03 42 81705 1034 0 1
474 2021/07/04 31 81736 1034 0 1
475 2021/07/05 55 81791 1034 0 0
476 2021/07/06 49 81840 1034 0 0
477 2021/07/07 41 81881 1034 0 0
478 2021/07/08 44 81925 1034 0 0
479 2021/07/09 64 81989 1034 0 1
480 2021/07/10 55 82044 1034 0 1
481 2021/07/11 43 82087 1034 0 0
482 2021/07/12 74 82161 1034 0 0
483 2021/07/13 98 82259 1034 0 0
484 2021/07/14 81 82340 1034 0 0
485 2021/07/15 93 82433 1034 0 0
486 2021/07/16 78 82511 1036 2 1
487 2021/07/17 62 82573 1036 0 1
488 2021/07/18 68 82641 1036 0 0
489 2021/07/19 108 82749 1036 0 0
490 2021/07/20 96 82845 1036 0 0
491 2021/07/21 148 82993 1037 1 0
492 2021/07/22 120 83113 1037 0 0
493 2021/07/23 131 83244 1038 1 1
494 2021/07/24 157 83401 1039 1 1
495 2021/07/25 120 83521 1039 0 0
496 2021/07/26 209 83730 1040 1 0
497 2021/07/27 172 83902 1040 0 0
498 2021/07/28 208 84110 1040 0 0
499 2021/07/29 189 84299 1040 0 0
500 2021/07/30 166 84465 1040 0 1
501 2021/07/31 161 84626 1040 0 1
502 2021/08/01 155 84781 1040 0 0
503 2021/08/02 221 85002 1040 0 0
504 2021/08/03 182 85184 1041 1 0
505 2021/08/04 234 85418 1041 0 0
506 2021/08/05 260 85678 1042 1 0
507 2021/08/06 251 85929 1043 1 0
508 2021/08/07 170 86099 1043 0 0
509 2021/08/08 176 86275 1043 0 0
510 2021/08/09 291 86566 1046 3 0
511 2021/08/10 274 86840 1047 1 0
512 2021/08/11 285 87125 1048 1 0
513 2021/08/12 256 87381 1051 3 0
514 2021/08/13 231 87612 1051 0 0
515 2021/08/14 161 87773 1052 1 0
516 2021/08/15 153 87926 1055 3 0
517 2021/08/16 299 88225 1056 1 0
518 2021/08/17 250 88475 1058 2 0
519 2021/08/18 237 88712 1058 0 0
520 2021/08/19 225 88937 1060 2 0
521 2021/08/20 187 89124 1060 0 0
522 2021/08/21 155 89279 1062 2 0
523 2021/08/22 129 89408 1065 3 0
524 2021/08/23 191 89599 1066 1 0
525 2021/08/24 187 89786 1069 3 0
526 2021/08/25 160 89946 1076 7 0
527 2021/08/26 166 90112 1076 0 0
528 2021/08/27 148 90260 1078 2 1
529 2021/08/28 91 90351 1080 2 0
530 2021/08/29 101 90452 1080 0 0
531 2021/08/30 241 90693 1081 1 0
532 2021/08/31 182 90875 1081 0 1
533 2021/09/01 139 91014 1081 0 0
534 2021/09/02 154 91168 1081 0 1
535 2021/09/03 116 91284 1081 0 0
536 2021/09/04 81 91365 1081 0 0
537 2021/09/05 72 91437 1081 0 0
538 2021/09/06 54 91491 1081 0 0
539 2021/09/07 87 91578 1081 0 0
540 2021/09/08 28 91606 1081 0 0
541 2021/09/09 0 91606 1081 0 2
