dates I C D F E
1 2020/03/18 0 0 4 4 1
2 2020/03/19 1 1 9 5 1
3 2020/03/20 1 2 15 6 1
4 2020/03/21 1 3 22 7 1
5 2020/03/22 0 3 29 7 1
6 2020/03/23 0 3 36 7 1
7 2020/03/24 0 3 43 7 1
8 2020/03/25 0 3 50 7 1
9 2020/03/26 0 3 57 7 1
10 2020/03/27 0 3 64 7 1
11 2020/03/28 1 4 72 8 1
12 2020/03/29 0 4 80 8 2
13 2020/03/30 0 4 88 8 1
14 2020/03/31 1 5 97 9 1
15 2020/04/01 0 5 106 9 1
16 2020/04/02 1 6 116 10 1
17 2020/04/03 3 9 129 13 1
18 2020/04/04 0 9 142 13 1
19 2020/04/05 1 10 156 14 1
20 2020/04/06 0 10 170 14 1
21 2020/04/07 0 10 184 14 1
22 2020/04/08 0 10 198 14 1
23 2020/04/09 0 10 212 14 1
24 2020/04/10 0 10 226 14 1
25 2020/04/11 0 10 240 14 1
26 2020/04/12 0 10 254 14 1
27 2020/04/13 0 10 268 14 1
28 2020/04/14 0 10 282 14 1
29 2020/04/15 1 11 297 15 1
30 2020/04/16 0 11 312 15 2
31 2020/04/17 1 12 328 16 1
32 2020/04/18 0 12 344 16 1
33 2020/04/19 0 12 360 16 1
34 2020/04/20 0 12 376 16 1
35 2020/04/21 0 12 392 16 1
36 2020/04/22 0 12 408 16 1
37 2020/04/23 0 12 424 16 1
38 2020/04/24 0 12 440 16 1
39 2020/04/25 1 13 457 17 1
40 2020/04/26 1 14 475 18 1
41 2020/04/27 1 15 494 19 1
42 2020/04/28 0 15 513 19 1
43 2020/04/29 0 15 532 19 1
44 2020/04/30 0 15 551 19 1
45 2020/05/01 0 15 570 19 1
46 2020/05/02 0 15 589 19 1
47 2020/05/03 0 15 608 19 1
48 2020/05/04 0 15 627 19 1
49 2020/05/05 3 18 649 22 1
50 2020/05/06 0 18 671 22 0
51 2020/05/07 0 18 693 22 0
52 2020/05/08 0 18 715 22 0
53 2020/05/09 1 19 738 23 0
54 2020/05/10 0 19 761 23 0
55 2020/05/11 1 20 785 24 0
56 2020/05/12 0 20 809 24 0
57 2020/05/13 0 20 833 24 0
58 2020/05/14 2 22 859 26 0
59 2020/05/15 0 22 885 26 0
60 2020/05/16 0 22 911 26 0
61 2020/05/17 0 22 937 26 0
62 2020/05/18 0 22 963 26 0
63 2020/05/19 0 22 989 26 0
64 2020/05/20 0 22 1015 26 0
65 2020/05/21 0 22 1041 26 0
66 2020/05/22 0 22 1067 26 0
67 2020/05/23 0 22 1093 26 0
68 2020/05/24 0 22 1119 26 0
69 2020/05/25 0 22 1145 26 0
70 2020/05/26 1 23 1172 27 0
71 2020/05/27 1 24 1200 28 0
72 2020/05/28 0 24 1228 28 0
73 2020/05/29 1 25 1257 29 0
74 2020/05/30 1 26 1287 30 0
75 2020/05/31 0 26 1317 30 0
76 2020/06/01 0 26 1347 30 0
77 2020/06/02 1 27 1378 31 0
78 2020/06/03 0 27 1409 31 0
79 2020/06/04 0 27 1440 31 0
80 2020/06/05 1 28 1472 32 0
81 2020/06/06 0 28 1504 32 0
82 2020/06/07 0 28 1536 32 0
83 2020/06/08 0 28 1568 32 0
84 2020/06/09 2 30 1602 34 0
85 2020/06/10 1 31 1637 35 0
86 2020/06/11 1 32 1673 36 0
87 2020/06/12 0 32 1709 36 0
88 2020/06/13 2 34 1747 38 0
89 2020/06/14 0 34 1785 38 0
90 2020/06/15 1 35 1824 39 0
91 2020/06/16 0 35 1863 39 0
92 2020/06/17 1 36 1903 40 0
93 2020/06/18 1 37 1944 41 0
94 2020/06/19 1 38 1986 42 0
95 2020/06/20 1 39 2029 43 0
96 2020/06/21 2 41 2074 45 0
97 2020/06/22 4 45 2123 49 0
98 2020/06/23 5 50 2177 54 1
99 2020/06/24 3 53 2234 57 0
100 2020/06/25 6 59 2297 63 0
101 2020/06/26 11 70 2371 74 0
102 2020/06/27 6 76 2451 80 0
103 2020/06/28 8 84 2539 88 0
104 2020/06/29 4 88 2631 92 0
105 2020/06/30 13 101 2736 105 0
106 2020/07/01 4 105 2845 109 0
107 2020/07/02 5 110 2959 114 0
108 2020/07/03 10 120 3083 124 0
109 2020/07/04 5 125 3212 129 0
110 2020/07/05 7 132 3348 136 0
111 2020/07/06 10 142 3494 146 0
112 2020/07/07 14 156 3654 160 0
113 2020/07/08 20 176 3834 180 0
114 2020/07/09 13 189 4027 193 0
115 2020/07/10 17 206 4237 210 0
116 2020/07/11 14 220 4461 224 0
117 2020/07/12 10 230 4695 234 0
118 2020/07/13 11 241 4940 245 0
119 2020/07/14 15 256 5200 260 0
120 2020/07/15 17 273 5477 277 0
121 2020/07/16 12 285 5766 289 0
122 2020/07/17 18 303 6073 307 0
123 2020/07/18 10 313 6390 317 0
124 2020/07/19 11 324 6718 328 0
125 2020/07/20 20 344 7066 348 0
126 2020/07/21 20 364 7434 368 0
127 2020/07/22 6 370 7808 374 0
128 2020/07/23 15 385 8197 389 0
129 2020/07/24 20 405 8606 409 0
130 2020/07/25 15 420 9030 424 0
131 2020/07/26 6 426 9460 430 0
132 2020/07/27 19 445 9909 449 0
133 2020/07/28 20 465 10378 469 0
134 2020/07/29 17 482 10864 486 0
135 2020/07/30 16 498 11366 502 0
136 2020/07/31 13 511 11881 515 0
137 2020/08/01 9 520 12405 524 0
138 2020/08/02 5 525 12934 529 0
139 2020/08/03 20 545 13483 549 0
140 2020/08/04 24 569 14056 573 0
141 2020/08/05 15 584 14644 588 0
142 2020/08/06 17 601 15249 605 0
143 2020/08/07 9 610 15863 614 0
144 2020/08/08 5 615 16482 619 0
145 2020/08/09 9 624 17110 628 0
146 2020/08/10 20 644 17758 648 0
147 2020/08/11 17 661 18423 665 0
148 2020/08/12 11 672 19099 676 0
149 2020/08/13 22 694 19797 698 0
150 2020/08/14 16 710 20511 714 0
151 2020/08/15 16 726 21241 730 0
152 2020/08/16 4 730 21975 734 0
153 2020/08/17 9 739 22718 743 0
154 2020/08/18 15 754 23476 758 0
155 2020/08/19 8 762 24242 766 0
156 2020/08/20 12 774 25020 778 0
157 2020/08/21 17 791 25815 795 0
158 2020/08/22 4 795 26614 799 0
159 2020/08/23 12 807 27425 811 0
160 2020/08/24 20 827 28256 831 0
161 2020/08/25 17 844 29104 848 0
162 2020/08/26 10 854 29962 858 0
163 2020/08/27 15 869 30835 873 0
164 2020/08/28 11 880 31719 884 0
165 2020/08/29 9 889 32612 893 0
166 2020/08/30 9 898 33514 902 0
167 2020/08/31 14 912 34430 916 1
168 2020/09/01 14 926 35360 930 0
169 2020/09/02 9 935 36299 939 0
170 2020/09/03 7 942 37245 946 0
171 2020/09/04 7 949 38198 953 0
172 2020/09/05 5 954 39156 958 0
173 2020/09/06 6 960 40120 964 0
174 2020/09/07 8 968 41092 972 0
175 2020/09/08 16 984 42080 988 0
176 2020/09/09 12 996 43080 1000 0
177 2020/09/10 5 1001 44085 1005 0
178 2020/09/11 6 1007 45096 1011 0
179 2020/09/12 8 1015 46115 1019 0
180 2020/09/13 4 1019 47138 1023 0
181 2020/09/14 5 1024 48166 1028 0
182 2020/09/15 8 1032 49202 1036 0
183 2020/09/16 6 1038 50244 1042 0
184 2020/09/17 2 1040 51288 1044 0
185 2020/09/18 4 1044 52336 1048 0
186 2020/09/19 4 1048 53388 1052 0
187 2020/09/20 7 1055 54447 1059 0
188 2020/09/21 7 1062 55513 1066 0
189 2020/09/22 4 1066 56583 1070 0
190 2020/09/23 9 1075 57662 1079 0
191 2020/09/24 2 1077 58743 1081 0
192 2020/09/25 5 1082 59829 1086 0
193 2020/09/26 5 1087 60920 1091 0
194 2020/09/27 4 1091 62015 1095 0
195 2020/09/28 10 1101 63120 1105 0
196 2020/09/29 3 1104 64228 1108 0
197 2020/09/30 2 1106 65338 1110 0
198 2020/10/01 3 1109 66451 1113 0
199 2020/10/02 4 1113 67568 1117 0
200 2020/10/03 2 1115 68687 1119 0
201 2020/10/04 8 1123 69814 1127 0
202 2020/10/05 4 1127 70945 1131 0
203 2020/10/06 13 1140 72089 1144 0
204 2020/10/07 1 1141 73234 1145 0
205 2020/10/08 6 1147 74385 1151 0
206 2020/10/09 5 1152 75541 1156 0
207 2020/10/10 1 1153 76698 1157 0
208 2020/10/11 2 1155 77857 1159 0
209 2020/10/12 12 1167 79028 1171 0
210 2020/10/13 11 1178 80210 1182 0
211 2020/10/14 5 1183 81397 1187 0
212 2020/10/15 8 1191 82592 1195 0
213 2020/10/16 7 1198 83794 1202 0
214 2020/10/17 0 1198 84996 1202 0
215 2020/10/18 5 1203 86203 1207 0
216 2020/10/19 11 1214 87421 1218 0
217 2020/10/20 7 1221 88646 1225 0
218 2020/10/21 8 1229 89879 1233 0
219 2020/10/22 9 1238 91121 1242 0
220 2020/10/23 7 1245 92370 1249 0
221 2020/10/24 4 1249 93623 1253 0
222 2020/10/25 3 1252 94879 1256 0
223 2020/10/26 8 1260 96143 1264 0
224 2020/10/27 16 1276 97423 1280 0
225 2020/10/28 13 1289 98716 1293 0
226 2020/10/29 12 1301 100021 1305 0
227 2020/10/30 11 1312 101337 1316 0
228 2020/10/31 8 1320 102661 1324 0
229 2020/11/01 16 1336 104001 1340 0
230 2020/11/02 17 1353 105358 1357 0
231 2020/11/03 13 1366 106728 1370 0
232 2020/11/04 13 1379 108111 1383 0
233 2020/11/05 21 1400 109515 1404 0
234 2020/11/06 18 1418 110937 1422 0
235 2020/11/07 13 1431 112372 1435 0
236 2020/11/08 15 1446 113822 1450 0
237 2020/11/09 21 1467 115293 1471 0
238 2020/11/10 32 1499 116796 1503 0
239 2020/11/11 23 1522 118322 1526 0
240 2020/11/12 15 1537 119863 1541 0
241 2020/11/13 35 1572 121439 1576 0
242 2020/11/14 27 1599 123042 1603 0
243 2020/11/15 29 1628 124674 1632 0
244 2020/11/16 41 1669 126347 1673 0
245 2020/11/17 36 1705 128056 1709 0
246 2020/11/18 47 1752 129812 1756 0
247 2020/11/19 52 1804 131620 1808 0
248 2020/11/20 39 1843 133467 1847 0
249 2020/11/21 28 1871 135342 1875 0
250 2020/11/22 32 1903 137249 1907 0
251 2020/11/23 53 1956 139209 1960 0
252 2020/11/24 67 2023 141236 2027 0
253 2020/11/25 52 2075 143315 2079 0
254 2020/11/26 25 2100 145419 2104 0
255 2020/11/27 58 2158 147581 2162 1
256 2020/11/28 29 2187 149772 2191 0
257 2020/11/29 52 2239 152015 2243 0
258 2020/11/30 55 2294 154313 2298 0
259 2020/12/01 60 2354 156671 2358 0
260 2020/12/02 66 2420 159095 2424 0
261 2020/12/03 77 2497 161596 2501 0
262 2020/12/04 68 2565 164165 2569 0
263 2020/12/05 42 2607 166776 2611 0
264 2020/12/06 37 2644 169424 2648 0
265 2020/12/07 43 2687 172115 2691 0
266 2020/12/08 69 2756 174875 2760 0
267 2020/12/09 76 2832 177711 2836 0
268 2020/12/10 68 2900 180615 2904 0
269 2020/12/11 65 2965 183584 2969 0
270 2020/12/12 60 3025 186613 3029 0
271 2020/12/13 27 3052 189669 3056 0
272 2020/12/14 65 3117 192790 3121 0
273 2020/12/15 63 3180 195974 3184 0
274 2020/12/16 95 3275 199253 3279 0
275 2020/12/17 84 3359 202616 3363 0
276 2020/12/18 58 3417 206037 3421 1
277 2020/12/19 58 3475 209516 3479 0
278 2020/12/20 33 3508 213028 3512 0
279 2020/12/21 48 3556 216588 3560 0
280 2020/12/22 59 3615 220207 3619 0
281 2020/12/23 49 3664 223875 3668 0
282 2020/12/24 52 3716 227595 3720 0
283 2020/12/25 24 3740 231339 3744 0
284 2020/12/26 35 3775 235118 3779 0
285 2020/12/27 28 3803 238925 3807 0
286 2020/12/28 61 3864 242793 3868 0
287 2020/12/29 63 3927 246724 3931 0
288 2020/12/30 81 4008 250736 4012 1
289 2020/12/31 68 4076 254816 4080 0
290 2021/01/01 39 4115 258935 4119 0
291 2021/01/02 60 4175 263114 4179 0
292 2021/01/03 38 4213 267331 4217 1
293 2021/01/04 54 4267 271602 4271 0
294 2021/01/05 60 4327 275933 4331 0
295 2021/01/06 58 4385 280322 4389 0
296 2021/01/07 47 4432 284758 4436 0
297 2021/01/08 42 4474 289236 4478 0
298 2021/01/09 41 4515 293755 4519 0
299 2021/01/10 29 4544 298303 4548 0
300 2021/01/11 53 4597 302904 4601 0
301 2021/01/12 39 4636 307544 4640 0
302 2021/01/13 40 4676 312224 4680 0
303 2021/01/14 42 4718 316946 4722 0
304 2021/01/15 32 4750 321700 4754 0
305 2021/01/16 21 4771 326475 4775 0
306 2021/01/17 31 4802 331281 4806 0
307 2021/01/18 52 4854 336139 4858 0
308 2021/01/19 28 4882 341025 4886 0
309 2021/01/20 35 4917 345946 4921 0
310 2021/01/21 27 4944 350894 4948 0
311 2021/01/22 32 4976 355874 4980 0
312 2021/01/23 24 5000 360878 5004 0
313 2021/01/24 11 5011 365893 5015 0
314 2021/01/25 40 5051 370948 5055 0
315 2021/01/26 25 5076 376028 5080 0
316 2021/01/27 25 5101 381133 5105 0
317 2021/01/28 18 5119 386256 5123 0
318 2021/01/29 16 5135 391395 5139 0
319 2021/01/30 17 5152 396551 5156 0
320 2021/01/31 11 5163 401718 5167 0
321 2021/02/01 20 5183 406905 5187 0
322 2021/02/02 13 5196 412105 5200 0
323 2021/02/03 18 5214 417323 5218 0
324 2021/02/04 18 5232 422559 5236 0
325 2021/02/05 26 5258 427821 5262 0
326 2021/02/06 17 5275 433100 5279 0
327 2021/02/07 10 5285 438389 5289 0
328 2021/02/08 17 5302 443695 5306 0
329 2021/02/09 16 5318 449017 5322 0
330 2021/02/10 9 5327 454348 5331 0
331 2021/02/11 18 5345 459697 5349 0
332 2021/02/12 14 5359 465060 5363 0
333 2021/02/13 8 5367 470431 5371 0
334 2021/02/14 8 5375 475810 5379 0
335 2021/02/15 10 5385 481199 5389 0
336 2021/02/16 17 5402 486605 5406 0
337 2021/02/17 7 5409 492018 5413 0
338 2021/02/18 9 5418 497440 5422 0
339 2021/02/19 17 5435 502879 5439 0
340 2021/02/20 11 5446 508329 5450 0
341 2021/02/21 3 5449 513782 5453 0
342 2021/02/22 9 5458 519244 5462 0
343 2021/02/23 4 5462 524710 5466 0
344 2021/02/24 14 5476 530190 5480 0
345 2021/02/25 11 5487 535681 5491 0
346 2021/02/26 8 5495 541180 5499 0
347 2021/02/27 5 5500 546684 5504 0
348 2021/02/28 3 5503 552191 5507 0
349 2021/03/01 10 5513 557708 5517 0
350 2021/03/02 12 5525 563237 5529 0
351 2021/03/03 8 5533 568774 5537 0
352 2021/03/04 13 5546 574324 5550 0
353 2021/03/05 12 5558 579886 5562 0
354 2021/03/06 12 5570 585460 5574 0
355 2021/03/07 9 5579 591043 5583 0
356 2021/03/08 4 5583 596630 5587 0
357 2021/03/09 10 5593 602227 5597 0
358 2021/03/10 7 5600 607831 5604 0
359 2021/03/11 14 5614 613449 5618 0
360 2021/03/12 4 5618 619071 5622 0
361 2021/03/13 7 5625 624700 5629 0
362 2021/03/14 1 5626 630330 5630 0
363 2021/03/15 12 5638 635972 5642 0
364 2021/03/16 5 5643 641619 5647 0
365 2021/03/17 3 5646 647269 5650 0
366 2021/03/18 3 5649 652922 5653 0
367 2021/03/19 4 5653 658579 5657 0
368 2021/03/20 3 5656 664239 5660 0
369 2021/03/21 3 5659 669902 5663 0
370 2021/03/22 10 5669 675575 5673 0
371 2021/03/23 11 5680 681259 5684 0
372 2021/03/24 5 5685 686948 5689 0
373 2021/03/25 6 5691 692643 5695 0
374 2021/03/26 6 5697 698344 5701 0
375 2021/03/27 10 5707 704055 5711 0
376 2021/03/28 2 5709 709768 5713 0
377 2021/03/29 4 5713 715485 5717 0
378 2021/03/30 7 5720 721209 5724 0
379 2021/03/31 11 5731 726944 5735 0
380 2021/04/01 7 5738 732686 5742 0
381 2021/04/02 5 5743 738433 5747 0
382 2021/04/03 3 5746 744183 5750 1
383 2021/04/04 6 5752 749939 5756 0
384 2021/04/05 7 5759 755702 5763 0
385 2021/04/06 5 5764 761470 5768 0
386 2021/04/07 4 5768 767242 5772 0
387 2021/04/08 4 5772 773018 5776 0
388 2021/04/09 4 5776 778798 5780 0
389 2021/04/10 7 5783 784585 5787 0
390 2021/04/11 3 5786 790375 5790 0
391 2021/04/12 10 5796 796175 5800 0
392 2021/04/13 6 5802 801981 5806 0
393 2021/04/14 9 5811 807796 5815 0
394 2021/04/15 2 5813 813613 5817 0
395 2021/04/16 3 5816 819433 5820 0
396 2021/04/17 3 5819 825256 5823 0
397 2021/04/18 6 5825 831085 5829 0
398 2021/04/19 7 5832 836921 5836 0
399 2021/04/20 8 5840 842765 5844 0
400 2021/04/21 10 5850 848619 5854 0
401 2021/04/22 7 5857 854480 5861 0
402 2021/04/23 11 5868 860352 5872 0
403 2021/04/24 3 5871 866227 5875 0
404 2021/04/25 2 5873 872104 5877 0
405 2021/04/26 3 5876 877984 5880 0
406 2021/04/27 2 5878 883866 5882 0
407 2021/04/28 0 5878 889748 5882 0
408 2021/04/29 6 5884 895636 5888 0
409 2021/04/30 10 5894 901534 5898 0
410 2021/05/01 8 5902 907440 5906 0
411 2021/05/02 2 5904 913348 5908 0
412 2021/05/03 11 5915 919267 5919 0
413 2021/05/04 6 5921 925192 5925 0
414 2021/05/05 6 5927 931123 5931 0
415 2021/05/06 10 5937 937064 5941 0
416 2021/05/07 13 5950 943018 5954 0
417 2021/05/08 9 5959 948981 5963 0
418 2021/05/09 8 5967 954952 5971 0
419 2021/05/10 6 5973 960929 5977 0
420 2021/05/11 2 5975 966908 5979 0
421 2021/05/12 9 5984 972896 5988 0
422 2021/05/13 3 5987 978887 5991 0
423 2021/05/14 9 5996 984887 6000 0
424 2021/05/15 4 6000 990891 6004 0
425 2021/05/16 3 6003 996898 6007 0
426 2021/05/17 3 6006 1002908 6010 0
427 2021/05/18 8 6014 1008926 6018 0
428 2021/05/19 4 6018 1014948 6022 0
429 2021/05/20 4 6022 1020974 6026 0
430 2021/05/21 9 6031 1027009 6035 0
431 2021/05/22 6 6037 1033050 6041 0
432 2021/05/23 3 6040 1039094 6044 0
433 2021/05/24 4 6044 1045142 6048 0
434 2021/05/25 9 6053 1051199 6057 0
435 2021/05/26 7 6060 1057263 6064 0
436 2021/05/27 5 6065 1063332 6069 1
437 2021/05/28 5 6070 1069406 6074 0
438 2021/05/29 2 6072 1075482 6076 0
439 2021/05/30 0 6072 1081558 6076 0
440 2021/05/31 7 6079 1087641 6083 0
441 2021/06/01 4 6083 1093728 6087 0
442 2021/06/02 4 6087 1099819 6091 0
443 2021/06/03 6 6093 1105916 6097 0
444 2021/06/04 7 6100 1112020 6104 0
445 2021/06/05 5 6105 1118129 6109 0
446 2021/06/06 1 6106 1124239 6110 0
447 2021/06/07 8 6114 1130357 6118 0
448 2021/06/08 2 6116 1136477 6120 0
449 2021/06/09 2 6118 1142599 6122 0
450 2021/06/10 4 6122 1148725 6126 0
451 2021/06/11 4 6126 1154855 6130 0
452 2021/06/12 4 6130 1160989 6134 0
453 2021/06/13 5 6135 1167128 6139 0
454 2021/06/14 7 6142 1173274 6146 0
455 2021/06/15 5 6147 1179425 6151 0
456 2021/06/16 8 6155 1185584 6159 0
457 2021/06/17 8 6163 1191751 6167 0
458 2021/06/18 8 6171 1197926 6175 0
459 2021/06/19 8 6179 1204109 6183 0
460 2021/06/20 2 6181 1210294 6185 0
461 2021/06/21 4 6185 1216483 6189 0
462 2021/06/22 3 6188 1222675 6192 0
463 2021/06/23 1 6189 1228868 6193 0
464 2021/06/24 0 6189 1235061 6193 2
